Chapter06-IntegratingABMandGIS/Models/Pedestrians_Exiting_Building/data/costdist_lower.asc
ncols         204
nrows         129
xllcorner     230.60998020297
yllcorner     992.77942924283
cellsize      15
NODATA_value  -9999
[rows 96 to 127 of 129, columns 0 to 72 of 204]
-9999 -9999 -9999 -9999 -9999 -9999 -9999 -9999 -9999 -9999 -9999 -9999 -9999 -9999 -9999 -9999 -9999 -9999 -9999 -9999 2233.492 2227.279 2221.066 2227.279 -9999 -9999 -9999 -9999 -9999 -9999 -9999 -9999 -9999 -9999 -9999 -9999 -9999 -9999 -9999 -9999 -9999 -9999 -9999 -9999 -9999 -9999 -9999 -9999 -9999 -9999 -9999 -9999 -9999 -9999 -9999 -9999 -9999 -9999 -9999 -9999 -9999 -9999 -9999 -9999 -9999 -9999 -9999 -9999 -9999 -9999 -9999 -9999 -9999
-9999 -9999 -9999 -9999 -9999 -9999 -9999 -9999 -9999 -9999 -9999 -9999 -9999 -9999 -9999 -9999 -9999 -9999 -9999 -9999 2218.492 2212.279 2206.066 2212.279 -9999 -9999 -9999 -9999 -9999 -9999 -9999 -9999 -9999 -9999 -9999 -9999 -9999 -9999 -9999 -9999 -9999 -9999 -9999 -9999 -9999 -9999 -9999 -9999 -9999 -9999 -9999 -9999 -9999 -9999 -9999 -9999 -9999 -9999 -9999 -9999 -9999 -9999 -9999 -9999 -9999 -9999 -9999 -9999 -9999 -9999 -9999 -9999 -9999
-9999 -9999 -9999 -9999 -9999 -9999 -9999 -9999 -9999 -9999 2362.279 2356.066 2349.853 2356.066 -9999 2296.066 -9999 -9999 -9999 2209.706 2203.492 2197.279 2191.066 2197.279 -9999 -9999 -9999 2116.066 2109.853 2116.066 2122.279 2128.492 2134.706 -9999 1975.919 1969.706 1963.493 1957.279 1951.066 1944.853 1951.066 -9999 -9999 1876.066 1869.853 1876.066 1882.279 1888.493 1894.706 -9999 1735.919 1729.706 1723.493 1717.279 1711.066 1704.853 1711.066 -9999 -9999 1636.066 1629.853 1636.066 1642.279 1648.493 1654.706 -9999 1443.199 1428.199 1413.199 1398.199 1383.199 1368.199 1353.199
-9999 -9999 -9999 -9999 -9999 -9999 -9999 -9999 -9999 2353.492 2347.279 2341.066 2334.853 2341.066 -9999 2281.066 2274.853 -9999 -9999 2194.706 2188.492 2182.279 2176.066 2182.279 -9999 -9999 -9999 2101.066 2094.853 2101.066 2107.279 2113.492 2119.706 -9999 1960.919 1954.706 1948.493 1942.279 1936.066 1929.853 1936.066 -9999 1867.279 1861.066 1854.853 1861.066 1867.279 1873.493 1879.706 -9999 1720.919 1714.706 1708.493 1702.279 1696.066 1689.853 1696.066 -9999 1627.279 1621.066 1614.853 1621.066 1627.279 1633.493 1639.706 -9999 1436.985 1421.985 1406.985 1391.985 1376.985 1361.985 1346.985
-9999 -9999 -9999 -9999 -9999 -9999 -9999 -9999 -9999 2338.492 2332.279 2326.066 2319.853 2326.066 -9999 2266.066 2259.853 -9999 -9999 2179.706 2173.492 2167.279 2161.066 2167.279 -9999 -9999 -9999 2086.066 2079.853 2086.066 2092.279 2098.492 2104.706 -9999 1945.919 1939.706 1933.493 1927.279 1921.066 1914.853 1921.066 -9999 1852.279 1846.066 1839.853 1846.066 1852.279 1858.493 1864.706 -9999 1705.919 1699.706 1693.493 1687.279 1681.066 1674.853 1681.066 -9999 1612.279 1606.066 1599.853 1606.066 1612.279 1618.493 1624.706 -9999 1430.772 1415.772 1400.772 1385.772 1370.772 1355.772 1340.772
-9999 -9999 -9999 -9999 -9999 -9999 -9999 -9999 -9999 2323.492 2317.279 2311.066 2304.853 2311.066 -9999 2251.066 2244.853 -9999 -9999 2164.706 2158.492 2152.279 2146.066 2152.279 -9999 -9999 -9999 2071.066 2064.853 2071.066 2077.279 2083.492 2089.706 -9999 1930.919 1924.706 1918.493 1912.279 1906.066 1899.853 1906.066 -9999 1837.279 1831.066 1824.853 1831.066 1837.279 1843.493 1849.706 -9999 1690.919 1684.706 1678.493 1672.279 1666.066 1659.853 1666.066 -9999 1597.279 1591.066 1584.853 1591.066 1597.279 1603.493 1609.706 -9999 1424.559 1409.559 1394.559 1379.559 1364.559 1349.559 1334.559
-9999 -9999 -9999 -9999 -9999 -9999 -9999 -9999 -9999 2308.492 2302.279 2296.066 2289.853 2296.066 -9999 2236.066 2229.853 -9999 -9999 2149.706 2143.492 2137.279 2131.066 2137.279 -9999 -9999 -9999 2056.066 2049.853 2056.066 2062.279 2068.493 2074.706 -9999 1915.919 1909.706 1903.493 1897.279 1891.066 1884.853 1891.066 -9999 1822.279 1816.066 1809.853 1816.066 1822.279 1828.493 1834.706 -9999 1675.919 1669.706 1663.493 1657.279 1651.066 1644.853 1651.066 -9999 1582.279 1576.066 1569.853 1576.066 1582.279 1588.493 1594.706 -9999 1418.346 1403.346 1388.346 1373.346 1358.346 1343.346 1328.346
-9999 -9999 -9999 -9999 -9999 -9999 -9999 -9999 -9999 2293.492 2287.279 2281.066 2274.853 2281.066 -9999 2221.066 2214.853 -9999 -9999 2134.706 2128.492 2122.279 2116.066 2122.279 -9999 -9999 -9999 2041.066 2034.853 2041.066 2047.279 2053.493 2059.706 -9999 1900.919 1894.706 1888.493 1882.279 1876.066 1869.853 1876.066 -9999 1807.279 1801.066 1794.853 1801.066 1807.279 1813.493 1819.706 -9999 1660.919 1654.706 1648.493 1642.279 1636.066 1629.853 1636.066 -9999 1567.279 1561.066 1554.853 1561.066 1567.279 1573.493 1579.706 -9999 1412.132 1397.132 1382.132 1367.132 1352.132 1337.132 1322.132
-9999 -9999 -9999 -9999 -9999 -9999 -9999 -9999 -9999 2278.492 2272.279 2266.066 2259.853 2266.066 -9999 2206.066 2199.853 -9999 -9999 -9999 2113.492 2107.279 2101.066 -9999 -9999 -9999 -9999 2026.066 2019.853 2026.066 2032.279 2038.493 2044.706 -9999 1885.919 1879.706 1873.493 1867.279 1861.066 1854.853 1861.066 -9999 1792.279 1786.066 1779.853 1786.066 1792.279 1798.493 1804.706 -9999 1645.919 1639.706 1633.493 1627.279 1621.066 1614.853 1621.066 -9999 1552.279 1546.066 1539.853 1546.066 1552.279 1558.493 1564.706 -9999 1405.919 1390.919 1375.919 1360.919 1345.919 1330.919 1315.919
-9999 -9999 -9999 -9999 -9999 -9999 -9999 -9999 -9999 2263.492 2257.279 2251.066 2244.853 2251.066 -9999 2191.066 2184.853 -9999 -9999 2104.706 2098.492 2092.279 2086.066 2079.853 -9999 -9999 -9999 2011.066 2004.853 2011.066 2017.279 2023.493 2029.706 -9999 1879.706 1864.706 1858.493 1852.279 1846.066 1839.853 1846.066 -9999 1777.279 1771.066 1764.853 1771.066 1777.279 1783.493 1789.706 -9999 1639.706 1624.706 1618.493 1612.279 1606.066 1599.853 1606.066 -9999 1537.279 1531.066 1524.853 1531.066 1537.279 1543.493 1549.706 -9999 1399.706 1384.706 1369.706 1354.706 1339.706 1324.706 1309.706
-9999 -9999 -9999 -9999 -9999 -9999 -9999 -9999 -9999 2248.492 2242.279 2236.066 2229.853 2236.066 -9999 2176.066 2169.853 -9999 -9999 2098.492 2083.492 2077.279 2071.066 2064.853 -9999 -9999 -9999 1996.066 1989.853 1996.066 2002.279 2008.493 2023.493 -9999 1873.493 1858.493 1843.493 1837.279 1831.066 1824.853 1831.066 -9999 1762.279 1756.066 1749.853 1756.066 1762.279 1768.493 1783.493 -9999 1633.493 1618.493 1603.493 1597.279 1591.066 1584.853 1591.066 -9999 1522.279 1516.066 1509.853 1516.066 1522.279 1528.493 1543.493 -9999 1393.493 1378.493 1363.493 1348.493 1333.493 1318.493 1303.493
-9999 -9999 -9999 -9999 -9999 -9999 -9999 -9999 -9999 2242.279 2227.279 2221.066 2214.853 2221.066 -9999 2161.066 2154.853 -9999 -9999 2092.279 2077.279 2062.279 2056.066 2049.853 -9999 -9999 -9999 1981.066 1974.853 1981.066 1987.279 2002.279 2017.279 -9999 1867.279 1852.279 1837.279 1822.279 1816.066 1809.853 1816.066 -9999 1747.279 1741.066 1734.853 1741.066 1747.279 1762.279 1777.279 -9999 1627.279 1612.279 1597.279 1582.279 1576.066 1569.853 1576.066 -9999 1507.279 1501.066 1494.853 1501.066 1507.279 1522.279 1537.279 -9999 1387.279 1372.279 1357.279 1342.279 1327.279 1312.279 1297.279
-9999 -9999 -9999 -9999 -9999 -9999 -9999 -9999 -9999 -9999 2221.066 2206.066 2199.853 2206.066 -9999 2146.066 2139.853 -9999 -9999 2086.066 2071.066 2056.066 2041.066 2034.853 -9999 -9999 -9999 1966.066 1959.853 1966.066 1981.066 1996.066 2011.066 -9999 1861.066 1846.066 1831.066 1816.066 1801.066 1794.853 1801.066 -9999 1741.066 1726.066 1719.853 1726.066 1741.066 1756.066 1771.066 -9999 1621.066 1606.066 1591.066 1576.066 1561.066 1554.853 1561.066 -9999 1501.066 1486.066 1479.853 1486.066 1501.066 1516.066 1531.066 -9999 1381.066 1366.066 1351.066 1336.066 1321.066 1306.066 1291.066
-9999 -9999 -9999 -9999 -9999 -9999 -9999 -9999 -9999 -9999 -9999 2199.853 2184.853 -9999 -9999 2139.853 2124.853 -9999 -9999 2079.853 2064.853 2049.853 2034.853 2019.853 -9999 -9999 -9999 1959.853 1944.853 -9999 -9999 -9999 -9999 -9999 -9999 -9999 -9999 -9999 1794.853 1779.853 -9999 -9999 -9999 1719.853 1704.853 -9999 -9999 -9999 -9999 -9999 -9999 -9999 -9999 -9999 1554.853 1539.853 -9999 -9999 -9999 1479.853 1464.853 -9999 -9999 -9999 -9999 -9999 -9999 -9999 -9999 -9999 1314.853 1299.853 -9999
-9999 -9999 -9999 -9999 -9999 -9999 -9999 -9999 -9999 2223.639 2208.639 2193.639 2178.639 2163.639 2148.639 2133.639 2118.639 2103.639 2088.639 2073.639 2058.64 2043.64 2028.64 2013.64 1998.64 1983.64 1968.64 1953.64 1938.64 1923.64 1908.64 1893.64 1878.64 1863.64 1848.64 1833.64 1818.64 1803.64 1788.64 1773.64 1758.64 1743.64 1728.64 1713.64 1698.64 1683.64 1668.64 1653.64 1638.64 1623.64 1608.64 1593.64 1578.64 1563.64 1548.64 1533.64 1518.64 1503.64 1488.64 1473.64 1458.64 1443.64 1428.64 1413.64 1398.64 1383.64 1368.64 1353.64 1338.64 1323.64 1308.64 1293.64 1278.64
-9999 -9999 -9999 -9999 -9999 -9999 -9999 -9999 -9999 2217.426 2202.426 2187.426 2172.426 2157.426 2142.426 2127.426 2112.426 2097.426 2082.426 2067.426 2052.426 2037.426 2022.426 2007.426 1992.426 1977.426 1962.426 1947.426 1932.426 1917.426 1902.426 1887.426 1872.426 1857.426 1842.426 1827.426 1812.426 1797.426 1782.426 1767.426 1752.426 1737.426 1722.426 1707.426 1692.426 1677.426 1662.426 1647.426 1632.426 1617.426 1602.426 1587.426 1572.426 1557.426 1542.426 1527.426 1512.426 1497.426 1482.426 1467.426 1452.426 1437.426 1422.426 1407.426 1392.426 1377.426 1362.426 1347.426 1332.426 1317.426 1302.426 1287.426 1272.426
-9999 -9999 -9999 -9999 -9999 -9999 -9999 -9999 -9999 2223.639 2208.639 2193.639 2178.639 2163.639 2148.639 2133.639 2118.639 2103.639 2088.639 2073.639 2058.64 2043.64 2028.64 2013.64 1998.64 1983.64 1968.64 1953.64 1938.64 1923.64 1908.64 1893.64 1878.64 1863.64 1848.64 1833.64 1818.64 1803.64 1788.64 1773.64 1758.64 1743.64 1728.64 1713.64 1698.64 1683.64 1668.64 1653.64 1638.64 1623.64 1608.64 1593.64 1578.64 1563.64 1548.64 1533.64 1518.64 1503.64 1488.64 1473.64 1458.64 1443.64 1428.64 1413.64 1398.64 1383.64 1368.64 1353.64 1338.64 1323.64 1308.64 1293.64 1278.64
-9999 -9999 -9999 -9999 -9999 -9999 -9999 -9999 -9999 2229.853 2214.853 2199.853 2184.853 2169.853 2154.853 2139.853 2124.853 2109.853 2094.853 2079.853 2064.853 2049.853 2034.853 2019.853 2004.853 1989.853 1974.853 1959.853 1944.853 1929.853 1914.853 1899.853 1884.853 1869.853 1854.853 1839.853 1824.853 1809.853 1794.853 1779.853 1764.853 1749.853 1734.853 1719.853 1704.853 1689.853 1674.853 1659.853 1644.853 1629.853 1614.853 1599.853 1584.853 1569.853 1554.853 1539.853 1524.853 1509.853 1494.853 1479.853 1464.853 1449.853 1434.853 1419.853 1404.853 1389.853 1374.853 1359.853 1344.853 1329.853 1314.853 1299.853 1284.853
-9999 -9999 -9999 -9999 -9999 -9999 -9999 -9999 -9999 2236.066 2221.066 2206.066 2191.066 2176.066 2161.066 2146.066 2131.066 2116.066 2101.066 2086.066 2071.066 2056.066 2041.066 2026.066 2011.066 1996.066 1981.066 1966.066 1951.066 1936.066 1921.066 1906.066 1891.066 1876.066 1861.066 1846.066 1831.066 1816.066 1801.066 1786.066 1771.066 1756.066 1741.066 1726.066 1711.066 1696.066 1681.066 1666.066 1651.066 1636.066 1621.066 1606.066 1591.066 1576.066 1561.066 1546.066 1531.066 1516.066 1501.066 1486.066 1471.066 1456.066 1441.066 1426.066 1411.066 1396.066 1381.066 1366.066 1351.066 1336.066 1321.066 1306.066 1291.066
-9999 -9999 -9999 -9999 -9999 -9999 -9999 -9999 -9999 -9999 -9999 -9999 -9999 -9999 2167.279 2152.279 -9999 -9999 -9999 -9999 -9999 -9999 2047.279 2032.279 -9999 -9999 -9999 1972.279 1957.279 -9999 -9999 -9999 -9999 -9999 1867.279 1852.279 1837.279 1822.279 1807.279 1792.279 1777.279 1762.279 1747.279 1732.279 1717.279 1702.279 1687.279 1672.279 1657.279 -9999 -9999 -9999 -9999 -9999 1567.279 1552.279 -9999 -9999 -9999 1492.279 1477.279 -9999 -9999 -9999 -9999 -9999 -9999 -9999 -9999 -9999 1327.279 1312.279 -9999
-9999 -9999 -9999 -9999 -9999 -9999 -9999 -9999 -9999 -9999 -9999 -9999 -9999 -9999 2173.492 2167.279 -9999 -9999 -9999 -9999 -9999 -9999 2053.492 2047.279 -9999 -9999 -9999 1978.492 1972.279 -9999 -9999 -9999 -9999 -9999 1873.492 1858.492 1843.492 1828.492 1813.492 1798.492 1783.492 1768.492 1753.492 1738.492 1723.492 1708.492 1693.492 1678.492 1672.279 -9999 -9999 -9999 -9999 -9999 1573.492 1567.279 -9999 -9999 -9999 1498.492 1492.279 -9999 -9999 -9999 -9999 -9999 -9999 -9999 -9999 -9999 1333.492 1327.279 -9999
-9999 -9999 -9999 -9999 -9999 -9999 -9999 -9999 -9999 2254.705 2239.705 2224.705 2209.705 2194.705 2188.492 2182.279 2188.492 -9999 2119.706 2104.706 2089.706 2074.706 2068.492 2062.279 2068.492 -9999 1999.706 1993.492 1987.279 1993.492 2008.492 2023.492 2038.492 -9999 1879.706 1864.706 1849.706 1834.706 1819.706 1804.706 1789.706 1774.706 1759.706 1744.706 1729.706 1714.706 1699.706 1693.492 1687.279 -9999 1639.706 1624.706 1609.706 1594.706 1588.492 1582.279 1588.492 -9999 1519.706 1513.492 1507.279 1513.492 1528.492 1543.492 1558.492 -9999 1399.706 1384.706 1369.706 1354.706 1348.492 1342.279 1348.492
-9999 -9999 -9999 -9999 -9999 -9999 -9999 -9999 -9999 2260.918 2245.918 2230.918 2215.918 2209.705 2203.492 2197.279 2203.492 -9999 2125.919 2110.919 2095.919 2089.706 2083.492 2077.279 2083.492 -9999 2014.706 2008.492 2002.279 2008.492 2014.706 2029.706 2044.706 -9999 1885.919 1870.919 1855.919 1840.919 1825.919 1810.919 1795.919 1780.919 1765.919 1750.919 1735.919 1720.919 1714.706 1708.492 1702.279 -9999 1645.919 1630.919 1615.919 1609.706 1603.492 1597.279 1603.492 -9999 1534.706 1528.492 1522.279 1528.492 1534.706 1549.706 1564.706 -9999 1405.919 1390.919 1375.919 1369.706 1363.492 1357.279 1363.492
-9999 -9999 -9999 -9999 -9999 -9999 -9999 -9999 -9999 2267.131 2252.131 2237.131 2230.918 2224.705 2218.492 2212.279 2218.492 -9999 2132.132 2117.132 2110.919 2104.706 2098.492 2092.279 2098.492 -9999 2029.706 2023.492 2017.279 2023.492 2029.706 2035.919 2050.919 -9999 1892.132 1877.132 1862.132 1847.132 1832.132 1817.132 1802.132 1787.132 1772.132 1757.132 1742.132 1735.919 1729.706 1723.492 1717.279 -9999 1652.132 1637.132 1630.919 1624.706 1618.492 1612.279 1618.492 -9999 1549.706 1543.492 1537.279 1543.492 1549.706 1555.919 1570.919 -9999 1412.132 1397.132 1390.919 1384.706 1378.492 1372.279 1378.492
-9999 -9999 -9999 -9999 -9999 -9999 -9999 -9999 -9999 2273.344 2258.344 2252.131 2245.918 2239.705 2233.492 2227.279 2233.492 -9999 2138.345 2132.132 2125.919 2119.706 2113.492 2107.279 2113.492 -9999 2044.706 2038.492 2032.279 2038.492 2044.706 2050.919 2057.132 -9999 1898.345 1883.345 1868.345 1853.345 1838.345 1823.345 1808.345 1793.345 1778.345 1763.345 1757.132 1750.919 1744.706 1738.492 1732.279 -9999 1658.345 1652.132 1645.919 1639.706 1633.492 1627.279 1633.492 -9999 1564.706 1558.492 1552.279 1558.492 1564.706 1570.919 1577.132 -9999 1418.345 1412.132 1405.919 1399.706 1393.492 1387.279 1393.492
-9999 -9999 -9999 -9999 -9999 -9999 -9999 -9999 -9999 2279.558 2273.344 2267.131 2260.918 2254.705 2248.492 2242.279 2248.492 -9999 2153.345 2147.132 2140.919 2134.706 2128.492 2122.279 2128.492 -9999 2059.706 2053.492 2047.279 2053.492 2059.706 2065.919 2072.132 -9999 1904.559 1889.559 1874.559 1859.559 1844.559 1829.559 1814.559 1799.559 1784.559 1778.345 1772.132 1765.919 1759.706 1753.492 1747.279 -9999 1673.345 1667.132 1660.919 1654.706 1648.492 1642.279 1648.492 -9999 1579.706 1573.492 1567.279 1573.492 1579.706 1585.919 1592.132 -9999 1433.345 1427.132 1420.919 1414.706 1408.492 1402.279 1408.492
-9999 -9999 -9999 -9999 -9999 -9999 -9999 -9999 -9999 2294.558 2288.344 2282.131 2275.918 2269.705 2263.492 2257.279 2263.492 -9999 2168.345 2162.132 2155.919 2149.706 2143.492 2137.279 2143.492 -9999 2074.706 2068.492 2062.279 2068.492 2074.706 2080.919 2087.132 -9999 1910.772 1895.772 1880.772 1865.772 1850.772 1835.772 1820.772 1805.772 1799.559 1793.345 1787.132 1780.919 1774.706 1768.492 1762.279 -9999 1688.345 1682.132 1675.919 1669.706 1663.492 1657.279 1663.492 -9999 1594.706 1588.492 1582.279 1588.492 1594.706 1600.919 1607.132 -9999 1448.345 1442.132 1435.919 1429.706 1423.492 1417.279 1423.492
-9999 -9999 -9999 -9999 -9999 -9999 -9999 -9999 -9999 2309.558 2303.344 2297.131 2290.918 2284.705 2278.492 2272.279 2278.492 -9999 2183.345 2177.132 2170.919 2164.706 2158.492 2152.279 2158.492 -9999 2089.706 2083.492 2077.279 2083.492 2089.706 2095.919 2102.132 -9999 1916.985 1901.985 1886.985 1871.985 1856.985 1841.985 1826.985 1820.772 1814.559 1808.345 1802.132 1795.919 1789.706 1783.492 1777.279 -9999 1703.345 1697.132 1690.919 1684.706 1678.492 1672.279 1678.492 -9999 1609.706 1603.492 1597.279 1603.492 1609.706 1615.919 1622.132 -9999 1463.345 1457.132 1450.919 1444.706 1438.492 1432.279 1438.492
-9999 -9999 -9999 -9999 -9999 -9999 -9999 -9999 -9999 2324.558 2318.344 2312.131 2305.918 2299.705 2293.492 2287.279 2293.492 -9999 2198.345 2192.132 2185.919 2179.706 2173.492 2167.279 2173.492 -9999 2104.706 2098.492 2092.279 2098.492 2104.706 2110.919 2117.132 -9999 1923.198 1908.198 1893.198 1878.198 1863.198 1848.198 1841.985 1835.772 1829.559 1823.345 1817.132 1810.919 1804.706 1798.492 1792.279 -9999 1718.345 1712.132 1705.919 1699.706 1693.492 1687.279 1693.492 -9999 1624.706 1618.492 1612.279 1618.492 1624.706 1630.919 1637.132 -9999 1478.345 1472.132 1465.919 1459.706 1453.492 1447.279 1453.492
-9999 -9999 -9999 -9999 -9999 -9999 -9999 -9999 -9999 2339.558 2333.344 2327.131 2320.918 2314.705 2308.492 2302.279 2308.492 -9999 2213.345 2207.132 2200.919 2194.706 2188.492 2182.279 2188.492 -9999 2119.706 2113.492 2107.279 2113.492 2119.706 2125.919 2132.132 -9999 1929.412 1914.412 1899.412 1884.412 1869.412 1863.198 1856.985 1850.772 1844.559 1838.345 1832.132 1825.919 1819.706 1813.492 1807.279 -9999 1733.345 1727.132 1720.919 1714.706 1708.492 1702.279 1708.492 -9999 1639.706 1633.492 1627.279 1633.492 1639.706 1645.919 1652.132 -9999 1493.345 1487.132 1480.919 1474.706 1468.492 1462.279 1468.492
-9999 -9999 -9999 -9999 -9999 -9999 -9999 -9999 -9999 -9999 2348.344 2342.131 2335.918 2329.705 2323.492 2317.279 2323.492 -9999 2228.345 2222.132 2215.919 2209.706 2203.492 2197.279 2203.492 -9999 -9999 2128.492 2122.279 2128.492 2134.706 2140.919 2147.132 -9999 1935.625 1920.625 1905.625 1890.625 1884.412 1878.198 1871.985 -9999 -9999 1853.345 1847.132 1840.919 1834.706 1828.492 1822.279 -9999 1748.345 1742.132 1735.919 1729.706 1723.492 1717.279 1723.492 -9999 -9999 1648.492 1642.279 1648.492 1654.706 1660.919 1667.132 -9999 1508.345 1502.132 1495.919 1489.706 1483.492 1477.279 1483.492
-9999 -9999 -9999 -9999 -9999 -9999 -9999 -9999 -9999 -9999 -9999 -9999 -9999 -9999 -9999 -9999 -9999 -9999 -9999 -9999 -9999 -9999 -9999 -9999 -9999 -9999 -9999 -9999 -9999 -9999 -9999 -9999 -9999 -9999 -9999 -9999 -9999 -9999 -9999 -9999 -9999 -9999 -9999 -9999 -9999 -9999 -9999 -9999 -9999 -9999 -9999 -9999 -9999 -9999 -9999 -9999 -9999 -9999 -9999 -9999 -9999 -9999 -9999 -9999 -9999 -9999 -9999 -9999 -9999 -9999 -9999 -9999 -9999
