Chapter06-IntegratingABMandGIS/Models/Pedestrians_Exiting_Building/data/costdist_lower.asc
ncols         204
nrows         129
xllcorner     230.60998020297
yllcorner     992.77942924283
cellsize      15
NODATA_value  -9999
[rows 96 to 127 of 129, columns 73 to 145 of 204]
-9999 -9999 -9999 -9999 -9999 -9999 -9999 -9999 -9999 -9999 -9999 -9999 -9999 -9999 -9999 -9999 -9999 -9999 -9999 -9999 -9999 -9999 -9999 -9999 -9999 -9999 -9999 -9999 -9999 -9999 -9999 -9999 -9999 -9999 -9999 -9999 -9999 -9999 -9999 -9999 -9999 -9999 -9999 -9999 -9999 -9999 -9999 -9999 -9999 -9999 300 300 300 -9999 -9999 -9999 -9999 -9999 -9999 -9999 -9999 -9999 -9999 -9999 -9999 -9999 -9999 -9999 -9999 -9999 -9999 -9999 -9999
-9999 -9999 -9999 -9999 -9999 -9999 -9999 -9999 -9999 -9999 -9999 -9999 -9999 -9999 -9999 -9999 -9999 -9999 -9999 -9999 -9999 -9999 -9999 -9999 -9999 -9999 -9999 -9999 -9999 -9999 -9999 -9999 -9999 -9999 -9999 -9999 -9999 -9999 -9999 -9999 -9999 -9999 -9999 -9999 -9999 -9999 -9999 -9999 -9999 -9999 315 315 315 -9999 -9999 -9999 -9999 -9999 -9999 -9999 -9999 -9999 -9999 -9999 -9999 -9999 -9999 -9999 -9999 -9999 -9999 -9999 -9999
-9999 -9999 1308.199 1293.199 1278.199 1263.199 1248.199 1241.985 1235.772 1229.559 1223.346 1217.132 1210.919 1204.706 1198.493 1192.279 -9999 -9999 1186.066 1192.279 1198.493 1204.706 1210.919 1217.132 1223.346 1229.559 1235.772 1241.985 1248.199 1263.199 1278.199 1293.199 -9999 -9999 916.066 909.8528 916.066 922.2792 928.4924 934.7056 -9999 781.066 774.8528 768.6396 762.4264 768.6396 774.8528 781.066 -9999 -9999 330 330 330 -9999 -9999 717.4264 723.6396 729.8528 736.066 742.2792 748.4924 754.7056 760.9188 767.132 -9999 -9999 1145.772 1130.772 1124.559 1118.345 1112.132 1105.919 1099.706
1331.985 1316.985 1301.985 1286.985 1271.985 1256.985 1241.985 1226.985 1220.772 1214.559 1208.346 1202.132 1195.919 1189.706 1183.493 1177.279 1171.066 1164.853 1171.066 1177.279 1183.493 1189.706 1195.919 1202.132 1208.346 1214.559 1220.772 1226.985 1241.985 1256.985 1271.985 1286.985 -9999 907.2792 901.066 894.8528 901.066 907.2792 913.4924 919.7056 -9999 766.066 759.8528 753.6396 747.4264 753.6396 759.8528 766.066 -9999 -9999 345 345 345 -9999 -9999 702.4264 708.6396 714.8528 721.066 727.2792 733.4924 739.7056 745.9188 760.9188 -9999 1154.559 1139.559 1124.559 1109.559 1103.345 1097.132 1090.919 1084.706
1325.772 1310.772 1295.772 1280.772 1265.772 1250.772 1235.772 1220.772 1205.772 1199.559 1193.346 1187.132 1180.919 1174.706 1168.493 1162.279 1156.066 1149.853 1156.066 1162.279 1168.493 1174.706 1180.919 1187.132 1193.346 1199.559 1205.772 1220.772 1235.772 1250.772 1265.772 1280.772 -9999 892.2792 886.066 879.8528 886.066 892.2792 898.4924 904.7056 -9999 751.066 744.8528 738.6396 732.4264 738.6396 744.8528 751.066 -9999 -9999 360 360 360 -9999 -9999 687.4264 693.6396 699.8528 706.066 712.2792 718.4924 724.7056 739.7056 754.7056 -9999 1148.345 1133.345 1118.345 1103.345 1088.345 1082.132 1075.919 1069.706
1319.559 1304.559 1289.559 1274.559 1259.559 1244.559 1229.559 1214.559 1199.559 1184.559 1178.346 1172.132 1165.919 1159.706 1153.493 1147.279 1141.066 1134.853 1141.066 1147.279 1153.493 1159.706 1165.919 1172.132 1178.346 1184.559 1199.559 1214.559 1229.559 1244.559 1259.559 1274.559 -9999 877.2792 871.066 864.8528 871.066 877.2792 883.4924 889.7056 -9999 736.066 729.8528 723.6396 717.4264 723.6396 729.8528 736.066 -9999 -9999 375 375 375 -9999 -9999 672.4264 678.6396 684.8528 691.066 697.2792 703.4924 718.4924 733.4924 748.4924 -9999 1142.132 1127.132 1112.132 1097.132 1082.132 1067.132 1060.919 1054.706
1313.346 1298.346 1283.346 1268.346 1253.346 1238.346 1223.346 1208.346 1193.346 1178.346 1163.346 1157.132 1150.919 1144.706 1138.493 1132.279 1126.066 1119.853 1126.066 1132.279 1138.493 1144.706 1150.919 1157.132 1163.346 1178.346 1193.346 1208.346 1223.346 1238.346 1253.346 1268.346 -9999 862.2792 856.066 849.8528 856.066 862.2792 868.4924 874.7056 -9999 721.066 714.8528 708.6396 702.4264 708.6396 714.8528 721.066 -9999 -9999 390 390 390 -9999 -9999 657.4264 663.6396 669.8528 676.066 682.2792 697.2792 712.2792 727.2792 742.2792 -9999 1135.919 1120.919 1105.919 1090.919 1075.919 1060.919 1045.919 1039.706
1307.132 1292.132 1277.132 1262.132 1247.132 1232.132 1217.132 1202.132 1187.132 1172.132 1157.132 1142.132 1135.919 1129.706 1123.493 1117.279 1111.066 1104.853 1111.066 1117.279 1123.493 1129.706 1135.919 1142.132 1157.132 1172.132 1187.132 1202.132 1217.132 1232.132 1247.132 1262.132 -9999 847.2792 841.066 834.8528 841.066 847.2792 853.4924 859.7056 -9999 706.066 699.8528 693.6396 687.4264 693.6396 699.8528 706.066 -9999 -9999 405 405 405 -9999 -9999 642.4264 648.6396 654.8528 661.066 676.066 691.066 706.066 721.066 736.066 -9999 1129.706 1114.706 1099.706 1084.706 1069.706 1054.706 1039.706 1024.706
1300.919 1285.919 1270.919 1255.919 1240.919 1225.919 1210.919 1195.919 1180.919 1165.919 1150.919 1135.919 1120.919 1114.706 1108.493 1102.279 1096.066 1089.853 1096.066 1102.279 1108.493 1114.706 1120.919 1135.919 1150.919 1165.919 1180.919 1195.919 1210.919 1225.919 1240.919 1255.919 -9999 832.2792 826.066 819.8528 826.066 832.2792 838.4924 844.7056 -9999 691.066 684.8528 678.6396 672.4264 678.6396 684.8528 691.066 -9999 -9999 420 420 420 -9999 -9999 627.4264 633.6396 639.8528 654.8528 669.8528 684.8528 699.8528 714.8528 729.8528 -9999 1123.492 1108.492 1093.492 1078.492 1063.492 1048.492 1033.492 1018.492
1294.706 1279.706 1264.706 1249.706 1234.706 1219.706 1204.706 1189.706 1174.706 1159.706 1144.706 1129.706 1114.706 1099.706 1093.493 1087.279 1081.066 1074.853 1081.066 1087.279 1093.493 1099.706 1114.706 1129.706 1144.706 1159.706 1174.706 1189.706 1204.706 1219.706 1234.706 1249.706 -9999 817.2792 811.066 804.8528 811.066 817.2792 823.4924 829.7056 -9999 676.066 669.8528 663.6396 657.4264 663.6396 669.8528 676.066 -9999 -9999 435 435 435 -9999 -9999 612.4264 618.6396 -9999 -9999 -9999 691.066 706.066 721.066 736.066 -9999 1117.279 1102.279 1087.279 1072.279 1057.279 1042.279 1027.279 1012.279
1288.493 1273.493 1258.493 1243.493 1228.493 1213.493 1198.493 1183.493 1168.493 1153.493 1138.493 1123.493 1108.493 1093.493 1078.493 1072.279 1066.066 1059.853 1066.066 1072.279 1078.493 1093.493 1108.493 1123.493 1138.493 1153.493 1168.493 1183.493 1198.493 1213.493 1228.493 1243.493 -9999 802.2792 796.066 789.8528 796.066 802.2792 808.4924 823.4924 -9999 661.066 654.8528 648.6396 642.4264 648.6396 654.8528 661.066 -9999 -9999 450 450 450 -9999 -9999 597.4264 603.6396 -9999 616.066 -9999 706.066 712.2792 727.2792 742.2792 -9999 1111.066 1096.066 1081.066 1066.066 1051.066 1036.066 1021.066 1006.066
1282.279 1267.279 1252.279 1237.279 1222.279 1207.279 1192.279 1177.279 1162.279 1147.279 1132.279 1117.279 1102.279 1087.279 1072.279 1057.279 1051.066 1044.853 1051.066 1057.279 1072.279 1087.279 1102.279 1117.279 1132.279 1147.279 1162.279 1177.279 1192.279 1207.279 1222.279 1237.279 -9999 787.2792 781.066 774.8528 781.066 787.2792 802.2792 817.2792 -9999 654.8528 639.8528 633.6396 627.4264 633.6396 639.8528 654.8528 -9999 -9999 465 465 465 -9999 -9999 582.4264 588.6396 594.8528 609.8528 -9999 721.066 727.2792 733.4924 748.4924 -9999 1104.853 1089.853 1074.853 1059.853 1044.853 1029.853 1014.853 999.8528
1276.066 1261.066 1246.066 1231.066 1216.066 1201.066 1186.066 1171.066 1156.066 1141.066 1126.066 1111.066 1096.066 1081.066 1066.066 1051.066 1036.066 1029.853 1036.066 1051.066 1066.066 1081.066 1096.066 1111.066 1126.066 1141.066 1156.066 1171.066 1186.066 1201.066 1216.066 1231.066 -9999 781.066 766.066 759.8528 766.066 781.066 796.066 811.066 -9999 648.6396 633.6396 618.6396 612.4264 618.6396 633.6396 648.6396 -9999 -9999 480 480 480 -9999 -9999 567.4264 573.6396 588.6396 603.6396 -9999 736.066 742.2792 748.4924 754.7056 -9999 1098.64 1083.64 1068.64 1053.64 1038.64 1023.64 1008.64 993.6396
-9999 -9999 -9999 -9999 -9999 -9999 -9999 -9999 -9999 -9999 -9999 -9999 -9999 -9999 -9999 -9999 1029.853 1014.853 -9999 -9999 -9999 -9999 -9999 -9999 -9999 -9999 -9999 -9999 -9999 -9999 -9999 -9999 -9999 -9999 759.8528 744.8528 -9999 -9999 -9999 -9999 -9999 -9999 -9999 612.4264 597.4264 -9999 -9999 -9999 -9999 -9999 495 495 495 -9999 -9999 552.4264 567.4264 -9999 -9999 -9999 -9999 -9999 -9999 -9999 -9999 -9999 -9999 -9999 -9999 -9999 -9999 -9999 -9999
1263.64 1248.64 1233.64 1218.64 1203.64 1188.64 1173.64 1158.64 1143.64 1128.64 1113.64 1098.64 1083.64 1068.64 1053.64 1038.64 1023.64 1008.64 993.6396 978.6396 963.6396 948.6396 933.6396 918.6396 903.6396 888.6396 873.6396 858.6396 843.6396 828.6396 813.6396 798.6396 783.6396 768.6396 753.6396 738.6396 723.6396 708.6396 693.6396 678.6396 663.6396 648.6396 -9999 606.2132 591.2132 576.2132 561.2132 546.2132 531.2132 516.2132 510 510 510 516.2132 531.2132 546.2132 561.2132 576.2132 591.2132 606.2132 621.2132 636.2132 651.2132 666.2132 681.2132 696.2132 711.2132 726.2132 741.2132 756.2132 771.2132 786.2132 801.2132
1257.426 1242.426 1227.426 1212.426 1197.426 1182.426 1167.426 1152.426 1137.426 1122.426 1107.426 1092.426 1077.426 1062.426 1047.426 1032.426 1017.426 1002.426 987.4264 972.4264 957.4264 942.4264 927.4264 912.4264 897.4264 882.4264 867.4264 852.4264 837.4264 822.4264 807.4264 792.4264 777.4264 762.4264 747.4264 732.4264 717.4264 702.4264 687.4264 672.4264 657.4264 642.4264 627.4264 612.4264 597.4264 582.4264 567.4264 552.4264 537.4264 531.2132 525 525 525 531.2132 537.4264 552.4264 567.4264 582.4264 597.4264 612.4264 627.4264 642.4264 657.4264 672.4264 687.4264 702.4264 717.4264 732.4264 747.4264 762.4264 777.4264 792.4264 807.4264
1263.64 1248.64 1233.64 1218.64 1203.64 1188.64 1173.64 1158.64 1143.64 1128.64 1113.64 1098.64 1083.64 1068.64 1053.64 1038.64 1023.64 1008.64 993.6396 978.6396 963.6396 948.6396 933.6396 918.6396 903.6396 888.6396 873.6396 858.6396 843.6396 828.6396 813.6396 798.6396 783.6396 768.6396 753.6396 738.6396 723.6396 708.6396 693.6396 678.6396 663.6396 648.6396 633.6396 618.6396 603.6396 588.6396 573.6396 558.6396 552.4264 546.2132 540 540 540 546.2132 552.4264 558.6396 573.6396 588.6396 603.6396 618.6396 633.6396 648.6396 663.6396 678.6396 693.6396 708.6396 723.6396 738.6396 753.6396 768.6396 783.6396 798.6396 813.6396
1269.853 1254.853 1239.853 1224.853 1209.853 1194.853 1179.853 1164.853 1149.853 1134.853 1119.853 1104.853 1089.853 1074.853 1059.853 1044.853 1029.853 1014.853 999.8528 984.8528 969.8528 954.8528 939.8528 924.8528 909.8528 894.8528 879.8528 864.8528 849.8528 834.8528 819.8528 804.8528 789.8528 774.8528 759.8528 744.8528 729.8528 714.8528 699.8528 684.8528 669.8528 654.8528 639.8528 624.8528 609.8528 594.8528 579.8528 573.6396 567.4264 561.2132 555 555 555 561.2132 567.4264 573.6396 579.8528 594.8528 609.8528 624.8528 639.8528 654.8528 669.8528 684.8528 699.8528 714.8528 729.8528 744.8528 759.8528 774.8528 789.8528 804.8528 819.8528
1276.066 1261.066 1246.066 1231.066 1216.066 1201.066 1186.066 1171.066 1156.066 1141.066 1126.066 1111.066 1096.066 1081.066 1066.066 1051.066 1036.066 1021.066 1006.066 991.066 976.066 961.066 946.066 931.066 916.066 901.066 886.066 871.066 856.066 841.066 826.066 811.066 796.066 781.066 766.066 751.066 736.066 721.066 706.066 691.066 676.066 661.066 646.066 631.066 616.066 601.066 594.8528 588.6396 582.4264 576.2132 570 570 570 576.2132 582.4264 588.6396 594.8528 601.066 616.066 631.066 646.066 661.066 676.066 691.066 706.066 721.066 736.066 751.066 766.066 781.066 796.066 811.066 826.066
-9999 -9999 -9999 -9999 -9999 1207.279 1192.279 -9999 -9999 -9999 -9999 -9999 -9999 -9999 -9999 -9999 -9999 -9999 -9999 -9999 -9999 -9999 -9999 -9999 -9999 -9999 -9999 -9999 -9999 -9999 832.2792 817.2792 -9999 -9999 -9999 -9999 -9999 727.2792 712.2792 -9999 -9999 -9999 -9999 -9999 -9999 -9999 -9999 -9999 -9999 -9999 -9999 -9999 -9999 -9999 -9999 -9999 -9999 -9999 -9999 -9999 -9999 667.2792 682.2792 -9999 -9999 727.2792 -9999 -9999 772.2792 787.2792 802.2792 817.2792 832.2792
-9999 -9999 -9999 -9999 -9999 1213.492 1207.279 -9999 -9999 -9999 -9999 -9999 -9999 -9999 -9999 -9999 -9999 -9999 -9999 -9999 -9999 -9999 -9999 -9999 -9999 -9999 -9999 -9999 -9999 -9999 838.4924 832.2792 -9999 -9999 -9999 -9999 -9999 733.4924 727.2792 -9999 -9999 -9999 -9999 -9999 -9999 -9999 -9999 -9999 -9999 -9999 -9999 -9999 -9999 -9999 -9999 -9999 -9999 -9999 -9999 -9999 -9999 682.2792 688.4924 -9999 -9999 742.2792 -9999 -9999 -9999 -9999 -9999 -9999 -9999
-9999 1279.706 1264.706 1249.706 1234.706 1228.492 1222.279 -9999 -9999 1159.706 1144.706 1129.706 1114.706 1099.706 1084.706 1069.706 1054.706 1039.706 1024.706 1009.706 994.7056 979.7056 964.7056 949.7056 934.7056 919.7056 904.7056 889.7056 874.7056 859.7056 853.4924 847.2792 -9999 -9999 784.7056 769.7056 754.7056 748.4924 742.2792 -9999 1003.492 988.4924 973.4924 958.4924 943.4924 928.4924 913.4924 898.4924 883.4924 868.4924 853.4924 838.4924 823.4924 808.4924 793.4924 778.4924 763.4924 748.4924 733.4924 718.4924 703.4924 697.2792 703.4924 -9999 763.4924 757.2792 763.4924 -9999 -9999 -9999 -9999 -9999 -9999
-9999 1285.919 1270.919 1255.919 1249.706 1243.492 1237.279 -9999 -9999 1165.919 1150.919 1135.919 1120.919 1105.919 1090.919 1075.919 1060.919 1045.919 1030.919 1015.919 1000.919 985.9188 970.9188 955.9188 940.9188 925.9188 910.9188 895.9188 880.9188 874.7056 868.4924 862.2792 -9999 -9999 790.9188 775.9188 769.7056 763.4924 757.2792 -9999 1009.706 994.7056 979.7056 964.7056 949.7056 934.7056 919.7056 904.7056 889.7056 874.7056 859.7056 844.7056 829.7056 814.7056 799.7056 784.7056 769.7056 754.7056 739.7056 724.7056 718.4924 712.2792 718.4924 -9999 778.4924 772.2792 778.4924 -9999 -9999 -9999 -9999 -9999 -9999
-9999 1292.132 1277.132 1270.919 1264.706 1258.492 1252.279 -9999 -9999 1172.132 1157.132 1142.132 1127.132 1112.132 1097.132 1082.132 1067.132 1052.132 1037.132 1022.132 1007.132 992.132 977.132 962.132 947.132 932.132 917.132 902.132 895.9188 889.7056 883.4924 877.2792 -9999 -9999 797.132 790.9188 784.7056 778.4924 772.2792 -9999 1015.919 1000.919 985.9188 970.9188 955.9188 940.9188 925.9188 910.9188 895.9188 880.9188 865.9188 850.9188 835.9188 820.9188 805.9188 790.9188 775.9188 760.9188 745.9188 739.7056 733.4924 727.2792 733.4924 -9999 793.4924 787.2792 793.4924 -9999 -9999 -9999 -9999 -9999 -9999
-9999 1298.345 1292.132 1285.919 1279.706 1273.492 1267.279 -9999 -9999 1178.345 1163.345 1148.345 1133.345 1118.345 1103.345 1088.345 1073.345 1058.345 1043.345 1028.345 1013.345 998.3452 983.3452 968.3452 -9999 -9999 923.3452 917.132 910.9188 904.7056 898.4924 892.2792 -9999 -9999 812.132 805.9188 799.7056 793.4924 787.2792 -9999 1022.132 1007.132 992.132 977.132 962.132 947.132 932.132 917.132 902.132 887.132 872.132 857.132 842.132 827.132 812.132 797.132 782.132 767.132 760.9188 754.7056 748.4924 742.2792 748.4924 -9999 808.4924 802.2792 808.4924 -9999 -9999 -9999 -9999 -9999 -9999
-9999 1313.345 1307.132 1300.919 1294.706 1288.492 1282.279 -9999 -9999 1184.558 1169.558 1154.558 1139.558 1124.558 1109.558 1094.558 1079.558 1064.558 1049.558 1034.558 1019.558 1004.558 989.5583 983.3452 -9999 -9999 938.3452 932.132 925.9188 919.7056 913.4924 907.2792 -9999 -9999 827.132 820.9188 814.7056 808.4924 802.2792 -9999 1028.345 1013.345 998.3452 983.3452 968.3452 953.3452 938.3452 923.3452 908.3452 893.3452 878.3452 863.3452 848.3452 833.3452 818.3452 803.3452 788.3452 782.132 775.9188 769.7056 763.4924 757.2792 763.4924 -9999 823.4924 817.2792 823.4924 -9999 -9999 -9999 -9999 -9999 -9999
-9999 1328.345 1322.132 1315.919 1309.706 1303.492 1297.279 -9999 -9999 1190.771 1175.771 1160.771 1145.771 1130.771 1115.771 1100.771 1085.771 1070.771 1055.771 1040.771 1025.771 1010.772 1004.558 998.3452 -9999 -9999 953.3452 947.132 940.9188 934.7056 928.4924 922.2792 -9999 -9999 -9999 -9999 -9999 -9999 -9999 -9999 1034.558 1019.558 1004.558 989.5583 974.5583 959.5583 944.5583 929.5583 914.5583 899.5583 884.5583 869.5583 854.5583 839.5583 824.5583 809.5583 803.3452 797.132 790.9188 784.7056 778.4924 772.2792 778.4924 -9999 838.4924 832.2792 838.4924 -9999 -9999 -9999 -9999 -9999 -9999
-9999 1343.345 1337.132 1330.919 1324.706 1318.492 1312.279 -9999 -9999 1196.985 1181.985 1166.985 1151.985 1136.985 1121.985 1106.985 1091.985 1076.985 1061.985 1046.985 1031.985 1025.771 1019.558 1013.345 -9999 -9999 968.3452 962.132 955.9188 949.7056 943.4924 937.2792 -9999 -9999 1130.771 1115.771 1100.771 1085.771 1070.771 1055.771 1040.771 1025.771 1010.772 995.7715 980.7715 965.7715 950.7715 935.7715 920.7715 905.7715 890.7715 875.7715 860.7715 845.7715 830.7715 824.5583 818.3452 812.132 805.9188 799.7056 793.4924 787.2792 793.4924 -9999 853.4924 847.2792 853.4924 859.7056 874.7056 889.7056 904.7056 919.7056 934.7056
-9999 1358.345 1352.132 1345.919 1339.706 1333.492 1327.279 -9999 -9999 1203.198 1188.198 1173.198 1158.198 1143.198 1128.198 1113.198 1098.198 1083.198 1068.198 1053.198 1046.985 1040.771 1034.558 1028.345 -9999 -9999 983.3452 977.132 970.9188 964.7056 958.4924 952.2792 -9999 -9999 1136.985 1121.985 1106.985 1091.985 1076.985 1061.985 1046.985 1031.985 1016.985 1001.985 986.9847 971.9847 956.9847 941.9847 926.9847 911.9847 896.9847 881.9847 866.9847 851.9847 845.7715 839.5583 833.3452 827.132 820.9188 814.7056 808.4924 802.2792 808.4924 -9999 868.4924 862.2792 868.4924 874.7056 880.9188 895.9188 910.9188 925.9188 940.9188
-9999 1373.345 1367.132 1360.919 1354.706 1348.492 1342.279 -9999 -9999 1209.411 1194.411 1179.411 1164.411 1149.411 1134.411 1119.411 1104.411 1089.411 1074.411 1068.198 1061.985 1055.771 1049.558 1043.345 -9999 -9999 998.3452 992.132 985.9188 979.7056 973.4924 967.2792 -9999 -9999 1143.198 1128.198 1113.198 1098.198 1083.198 1068.198 1053.198 1038.198 1023.198 1008.198 993.1979 978.1979 963.1979 948.1979 933.1979 918.1979 903.1979 888.1979 873.1979 866.9847 860.7715 854.5583 848.3452 842.132 835.9188 829.7056 823.4924 817.2792 823.4924 -9999 883.4924 877.2792 883.4924 889.7056 895.9188 902.132 917.132 932.132 947.132
-9999 -9999 1382.132 1375.919 1369.706 1363.492 1357.279 -9999 -9999 1215.625 1200.625 1185.625 1170.625 1155.625 1140.625 1125.625 -9999 -9999 1089.411 1083.198 1076.985 1070.771 1064.558 1058.345 -9999 -9999 1013.345 1007.132 1000.919 994.7056 988.4924 982.2792 -9999 -9999 1149.411 1134.411 1119.411 1104.411 1089.411 1074.411 1059.411 1044.411 1029.411 1014.411 999.4111 984.4111 969.4111 954.4111 -9999 -9999 909.4111 894.4111 888.1979 881.9847 875.7715 869.5583 863.3452 857.132 850.9188 844.7056 838.4924 832.2792 838.4924 -9999 898.4924 892.2792 898.4924 904.7056 -9999 -9999 923.3452 938.3452 953.3452
-9999 -9999 -9999 -9999 -9999 -9999 -9999 -9999 -9999 -9999 -9999 -9999 -9999 -9999 -9999 -9999 -9999 -9999 -9999 -9999 -9999 -9999 -9999 -9999 -9999 -9999 -9999 -9999 -9999 -9999 -9999 -9999 -9999 -9999 -9999 -9999 -9999 -9999 -9999 -9999 -9999 -9999 -9999 -9999 -9999 -9999 -9999 -9999 -9999 -9999 -9999 -9999 -9999 -9999 -9999 -9999 -9999 -9999 -9999 -9999 -9999 -9999 -9999 -9999 -9999 -9999 -9999 -9999 -9999 -9999 -9999 -9999 -9999
