Chapter06-IntegratingABMandGIS/Models/Pedestrians_Exiting_Building/data/mincosf1.asc
ncols         196
nrows         129
xllcorner     348.60998020297
yllcorner     992.77942924283
cellsize      15
NODATA_value  -9999
[rows 96 to 127 of 129, columns 0 to 72 of 196]
-9999 -9999 -9999 -9999 -9999 -9999 -9999 -9999 -9999 -9999 -9999 -9999 363.6396 369.8528 376.066 382.2792 -9999 -9999 -9999 -9999 -9999 -9999 -9999 -9999 -9999 -9999 -9999 -9999 -9999 -9999 -9999 -9999 -9999 -9999 -9999 -9999 -9999 -9999 -9999 -9999 -9999 -9999 -9999 -9999 -9999 -9999 -9999 -9999 -9999 -9999 -9999 -9999 -9999 -9999 -9999 -9999 -9999 -9999 -9999 -9999 -9999 -9999 -9999 -9999 -9999 -9999 -9999 -9999 -9999 -9999 -9999 -9999 -9999
-9999 -9999 -9999 -9999 -9999 -9999 -9999 -9999 -9999 -9999 -9999 -9999 348.6396 354.8528 361.066 367.2792 -9999 -9999 -9999 -9999 -9999 -9999 -9999 -9999 -9999 -9999 -9999 -9999 -9999 -9999 -9999 -9999 -9999 -9999 -9999 -9999 -9999 -9999 -9999 -9999 -9999 -9999 -9999 -9999 -9999 -9999 -9999 -9999 -9999 -9999 -9999 -9999 -9999 -9999 -9999 -9999 -9999 -9999 -9999 -9999 -9999 -9999 -9999 -9999 -9999 -9999 -9999 -9999 -9999 -9999 -9999 -9999 -9999
-9999 -9999 213.6396 207.4264 213.6396 219.8528 -9999 267.4264 273.6396 -9999 -9999 339.8528 333.6396 339.8528 346.066 352.2792 358.4924 -9999 -9999 447.4264 453.6396 459.8528 466.066 472.2792 478.4924 -9999 658.4924 652.2792 646.066 639.8528 633.6396 627.4264 633.6396 -9999 -9999 687.4264 693.6396 699.8528 706.066 712.2792 718.4924 -9999 898.4924 892.2792 886.066 879.8528 873.6396 867.4264 873.6396 -9999 -9999 -9999 -9999 -9999 -9999 -9999 -9999 -9999 1117.279 1111.066 1104.853 1098.64 1092.426 1098.64 1104.853 -9999 -9999 -9999 -9999 -9999 -9999 -9999 -9999
-9999 -9999 198.6396 192.4264 198.6396 204.8528 -9999 252.4264 258.6396 -9999 -9999 324.8528 318.6396 324.8528 331.066 337.2792 343.4924 -9999 -9999 432.4264 438.6396 444.8528 451.066 457.2792 463.4924 -9999 643.4924 637.2792 631.066 624.8528 618.6396 612.4264 618.6396 -9999 678.6396 672.4264 678.6396 684.8528 691.066 697.2792 703.4924 -9999 883.4924 877.2792 871.066 864.8528 858.6396 852.4264 858.6396 -9999 -9999 -9999 -9999 -9999 -9999 -9999 -9999 -9999 1102.279 1096.066 1089.853 1083.64 1077.426 1083.64 1089.853 -9999 -9999 -9999 -9999 -9999 -9999 -9999 -9999
-9999 -9999 183.6396 177.4264 183.6396 189.8528 -9999 237.4264 243.6396 -9999 -9999 309.8528 303.6396 309.8528 316.066 322.2792 328.4924 -9999 -9999 417.4264 423.6396 429.8528 436.066 442.2792 448.4924 -9999 628.4924 622.2792 616.066 609.8528 603.6396 597.4264 603.6396 -9999 663.6396 657.4264 663.6396 669.8528 676.066 682.2792 688.4924 -9999 868.4924 862.2792 856.066 849.8528 843.6396 837.4264 843.6396 -9999 -9999 -9999 -9999 909.8528 916.066 922.2792 928.4924 -9999 1087.279 1081.066 1074.853 1068.64 1062.426 1068.64 1074.853 1081.066 1087.279 1093.492 1099.706 1105.919 1112.132 1118.345 1133.345
-9999 -9999 168.6396 162.4264 168.6396 174.8528 -9999 222.4264 228.6396 -9999 -9999 294.8528 288.6396 294.8528 301.066 307.2792 313.4924 -9999 -9999 402.4264 408.6396 414.8528 421.066 427.2792 433.4924 -9999 613.4924 607.2792 601.066 594.8528 588.6396 582.4264 588.6396 -9999 648.6396 642.4264 648.6396 654.8528 661.066 667.2792 673.4924 -9999 853.4924 847.2792 841.066 834.8528 828.6396 822.4264 828.6396 -9999 -9999 -9999 -9999 894.8528 901.066 907.2792 913.4924 -9999 1072.279 1066.066 1059.853 1053.64 1047.426 1053.64 1059.853 1066.066 1072.279 1078.492 1084.706 1090.919 1097.132 1112.132 1127.132
-9999 -9999 153.6396 147.4264 153.6396 159.8528 -9999 207.4264 213.6396 -9999 -9999 279.8528 273.6396 279.8528 286.066 292.2792 298.4924 -9999 -9999 387.4264 393.6396 399.8528 406.066 412.2792 418.4924 -9999 598.4924 592.2792 586.066 579.8528 573.6396 567.4264 573.6396 -9999 633.6396 627.4264 633.6396 639.8528 646.066 652.2792 658.4924 -9999 838.4924 832.2792 826.066 819.8528 813.6396 807.4264 813.6396 -9999 -9999 -9999 -9999 879.8528 886.066 892.2792 907.2792 -9999 1057.279 1051.066 1044.853 1038.64 1032.426 1038.64 1044.853 1051.066 1057.279 1063.492 1069.706 1075.919 1090.919 1105.919 1120.919
-9999 -9999 138.6396 132.4264 138.6396 144.8528 -9999 192.4264 198.6396 -9999 -9999 264.8528 258.6396 264.8528 271.066 277.2792 292.2792 -9999 -9999 372.4264 378.6396 384.8528 391.066 397.2792 403.4924 -9999 583.4924 577.2792 571.066 564.8528 558.6396 552.4264 558.6396 -9999 618.6396 612.4264 618.6396 624.8528 631.066 637.2792 643.4924 -9999 823.4924 817.2792 811.066 804.8528 798.6396 792.4264 798.6396 -9999 -9999 -9999 -9999 864.8528 871.066 886.066 901.066 -9999 1042.279 1036.066 1029.853 1023.64 1017.426 1023.64 1029.853 1036.066 1042.279 1048.492 1054.706 1069.706 1084.706 1099.706 1114.706
-9999 -9999 123.6396 117.4264 123.6396 129.8528 -9999 177.4264 183.6396 -9999 -9999 -9999 243.6396 249.8528 256.066 -9999 -9999 -9999 -9999 357.4264 363.6396 369.8528 376.066 382.2792 388.4924 -9999 568.4924 562.2792 556.066 549.8528 543.6396 537.4264 543.6396 -9999 603.6396 597.4264 603.6396 609.8528 616.066 622.2792 628.4924 -9999 808.4924 802.2792 796.066 789.8528 783.6396 777.4264 783.6396 -9999 -9999 -9999 -9999 849.8528 864.8528 879.8528 894.8528 -9999 1027.279 1021.066 1014.853 1008.64 1002.426 1008.64 1014.853 1021.066 1027.279 1033.492 1048.492 1063.492 1078.492 1093.492 1108.492
-9999 -9999 108.6396 102.4264 108.6396 114.8528 -9999 162.4264 168.6396 -9999 -9999 222.4264 228.6396 234.8528 241.066 247.2792 262.2792 -9999 -9999 342.4264 348.6396 354.8528 361.066 367.2792 382.2792 -9999 562.2792 547.2792 541.066 534.8528 528.6396 522.4264 528.6396 -9999 588.6396 582.4264 588.6396 594.8528 601.066 607.2792 622.2792 -9999 802.2792 787.2792 781.066 774.8528 768.6396 762.4264 768.6396 -9999 828.6396 822.4264 828.6396 843.6396 858.6396 873.6396 888.6396 -9999 1012.279 1006.066 999.8528 993.6396 987.4264 993.6396 999.8528 1006.066 1012.279 1027.279 1042.279 1057.279 1072.279 1087.279 1102.279
-9999 -9999 93.63961 87.42641 93.63961 99.85281 -9999 147.4264 153.6396 -9999 -9999 207.4264 213.6396 219.8528 226.066 241.066 256.066 -9999 -9999 327.4264 333.6396 339.8528 346.066 361.066 376.066 -9999 556.066 541.066 526.066 519.8528 513.6396 507.4264 513.6396 -9999 573.6396 567.4264 573.6396 579.8528 586.066 601.066 616.066 -9999 796.066 781.066 766.066 759.8528 753.6396 747.4264 753.6396 -9999 813.6396 807.4264 -9999 -9999 -9999 -9999 -9999 -9999 1006.066 991.066 984.8528 978.6396 972.4264 978.6396 984.8528 991.066 1006.066 1021.066 1036.066 1051.066 1066.066 1081.066 1096.066
-9999 -9999 78.63961 72.42641 78.63961 84.85281 -9999 132.4264 138.6396 -9999 -9999 192.4264 198.6396 204.8528 219.8528 234.8528 249.8528 -9999 -9999 312.4264 318.6396 324.8528 339.8528 354.8528 369.8528 -9999 549.8528 534.8528 519.8528 504.8528 498.6396 492.4264 498.6396 -9999 558.6396 552.4264 558.6396 564.8528 579.8528 594.8528 609.8528 -9999 789.8528 774.8528 759.8528 744.8528 738.6396 732.4264 738.6396 -9999 798.6396 792.4264 -9999 -9999 -9999 -9999 -9999 -9999 999.8528 984.8528 969.8528 963.6396 957.4264 963.6396 969.8528 984.8528 999.8528 1014.853 1029.853 1044.853 1059.853 1074.853 1089.853
-9999 -9999 63.63961 57.42641 63.63961 78.63961 -9999 117.4264 123.6396 -9999 -9999 177.4264 183.6396 198.6396 213.6396 228.6396 243.6396 -9999 -9999 297.4264 303.6396 318.6396 333.6396 348.6396 363.6396 -9999 543.6396 528.6396 513.6396 498.6396 483.6396 477.4264 483.6396 -9999 543.6396 537.4264 543.6396 558.6396 573.6396 588.6396 603.6396 -9999 783.6396 768.6396 753.6396 738.6396 723.6396 717.4264 723.6396 -9999 783.6396 777.4264 -9999 -9999 -9999 -9999 -9999 -9999 993.6396 978.6396 963.6396 948.6396 942.4264 948.6396 963.6396 978.6396 993.6396 1008.64 1023.64 1038.64 1053.64 1068.64 1083.64
-9999 -9999 -9999 42.42641 -9999 -9999 -9999 102.4264 117.4264 -9999 -9999 162.4264 177.4264 192.4264 207.4264 222.4264 237.4264 -9999 -9999 282.4264 -9999 -9999 -9999 -9999 -9999 -9999 -9999 -9999 -9999 -9999 -9999 462.4264 477.4264 -9999 -9999 522.4264 -9999 -9999 -9999 -9999 -9999 -9999 -9999 -9999 -9999 -9999 -9999 702.4264 717.4264 -9999 -9999 762.4264 -9999 -9999 -9999 -9999 -9999 -9999 -9999 -9999 -9999 -9999 927.4264 942.4264 -9999 -9999 -9999 -9999 -9999 -9999 -9999 -9999 -9999
-9999 -9999 21.2132 36.2132 51.2132 66.2132 81.2132 96.2132 111.2132 126.2132 141.2132 156.2132 171.2132 186.2132 201.2132 216.2132 231.2132 246.2132 261.2132 276.2132 291.2132 306.2132 321.2132 336.2132 351.2132 366.2132 381.2132 396.2132 411.2132 426.2132 441.2132 456.2132 471.2132 486.2132 501.2132 516.2132 531.2132 546.2132 561.2132 576.2132 591.2132 606.2132 621.2132 636.2132 651.2132 666.2132 681.2132 696.2132 711.2132 726.2132 741.2132 756.2132 771.2132 786.2132 801.2132 816.2132 831.2132 846.2132 861.2132 876.2132 891.2132 906.2132 921.2132 936.2132 951.2132 966.2132 981.2132 996.2132 1011.213 1026.213 1041.213 1056.213 1071.213
0 0 15 30 45 60 75 90 105 120 135 150 165 180 195 210 225 240 255 270 285 300 315 330 345 360 375 390 405 420 435 450 465 480 495 510 525 540 555 570 585 600 615 630 645 660 675 690 705 720 735 750 765 780 795 810 825 840 855 870 885 900 915 930 945 960 975 990 1005 1020 1035 1050 1065
-9999 0 15 30 45 60 75 90 105 120 135 150 165 180 195 210 225 240 255 270 285 300 315 330 345 360 375 390 405 420 435 450 465 480 495 510 525 540 555 570 585 600 615 630 645 660 675 690 705 720 735 750 765 780 795 810 825 840 855 870 885 900 915 930 945 960 975 990 1005 1020 1035 1050 1065
-9999 0 15 30 45 60 75 90 105 120 135 150 165 180 195 210 225 240 255 270 285 300 315 330 345 360 375 390 405 420 435 450 465 480 495 510 525 540 555 570 585 600 615 630 645 660 675 690 705 720 735 750 765 780 795 810 825 840 855 870 885 900 915 930 945 960 975 990 1005 1020 1035 1050 1065
-9999 -9999 21.2132 36.2132 51.2132 66.2132 81.2132 96.2132 111.2132 126.2132 141.2132 156.2132 171.2132 186.2132 201.2132 216.2132 231.2132 246.2132 261.2132 276.2132 291.2132 306.2132 321.2132 336.2132 351.2132 366.2132 381.2132 396.2132 411.2132 426.2132 441.2132 456.2132 471.2132 486.2132 501.2132 516.2132 531.2132 546.2132 561.2132 576.2132 591.2132 606.2132 621.2132 636.2132 651.2132 666.2132 681.2132 696.2132 711.2132 726.2132 741.2132 756.2132 771.2132 786.2132 801.2132 816.2132 831.2132 846.2132 861.2132 876.2132 891.2132 906.2132 921.2132 936.2132 951.2132 966.2132 981.2132 996.2132 1011.213 1026.213 1041.213 1056.213 1071.213
-9999 -9999 -9999 -9999 -9999 -9999 -9999 102.4264 -9999 -9999 -9999 -9999 -9999 -9999 -9999 222.4264 237.4264 -9999 -9999 282.4264 -9999 -9999 -9999 -9999 -9999 -9999 387.4264 402.4264 417.4264 432.4264 447.4264 462.4264 477.4264 492.4264 507.4264 522.4264 537.4264 552.4264 567.4264 582.4264 597.4264 -9999 -9999 -9999 -9999 -9999 -9999 702.4264 717.4264 -9999 -9999 762.4264 -9999 -9999 -9999 -9999 -9999 -9999 -9999 -9999 -9999 -9999 -9999 942.4264 957.4264 -9999 -9999 -9999 -9999 -9999 1047.426 1062.426 -9999
-9999 -9999 -9999 -9999 -9999 -9999 -9999 117.4264 -9999 -9999 -9999 -9999 -9999 -9999 -9999 237.4264 243.6396 -9999 -9999 297.4264 -9999 -9999 -9999 -9999 -9999 -9999 402.4264 408.6396 423.6396 438.6396 453.6396 468.6396 483.6396 498.6396 513.6396 528.6396 543.6396 558.6396 573.6396 588.6396 603.6396 -9999 -9999 -9999 -9999 -9999 -9999 717.4264 723.6396 -9999 -9999 777.4264 -9999 -9999 -9999 -9999 -9999 -9999 -9999 -9999 -9999 -9999 -9999 957.4264 963.6396 -9999 -9999 -9999 -9999 -9999 1062.426 1068.64 -9999
-9999 -9999 198.6396 183.6396 168.6396 153.6396 138.6396 132.4264 138.6396 -9999 318.6396 303.6396 288.6396 273.6396 258.6396 252.4264 258.6396 -9999 318.6396 312.4264 318.6396 333.6396 348.6396 363.6396 378.6396 -9999 417.4264 423.6396 429.8528 444.8528 459.8528 474.8528 489.8528 504.8528 519.8528 534.8528 549.8528 564.8528 579.8528 594.8528 609.8528 -9999 798.6396 783.6396 768.6396 753.6396 738.6396 732.4264 738.6396 -9999 798.6396 792.4264 798.6396 813.6396 828.6396 843.6396 858.6396 -9999 1038.64 1023.64 1008.64 993.6396 978.6396 972.4264 978.6396 -9999 1128.64 1113.64 1098.64 1083.64 1077.426 1083.64 -9999
-9999 -9999 204.8528 189.8528 174.8528 159.8528 153.6396 147.4264 153.6396 -9999 324.8528 309.8528 294.8528 279.8528 273.6396 267.4264 273.6396 -9999 333.6396 327.4264 333.6396 339.8528 354.8528 369.8528 384.8528 -9999 432.4264 438.6396 444.8528 451.066 466.066 481.066 496.066 511.066 526.066 541.066 556.066 571.066 586.066 601.066 616.066 -9999 804.8528 789.8528 774.8528 759.8528 753.6396 747.4264 753.6396 -9999 813.6396 807.4264 813.6396 819.8528 834.8528 849.8528 864.8528 -9999 1044.853 1029.853 1014.853 999.8528 993.6396 987.4264 993.6396 -9999 1134.853 1119.853 1104.853 1098.64 1092.426 1098.64 -9999
-9999 -9999 211.066 196.066 181.066 174.8528 168.6396 162.4264 168.6396 -9999 331.066 316.066 301.066 294.8528 288.6396 282.4264 288.6396 -9999 348.6396 342.4264 348.6396 354.8528 361.066 376.066 391.066 -9999 447.4264 453.6396 459.8528 466.066 472.2792 487.2792 502.2792 517.2792 532.2792 547.2792 562.2792 577.2792 592.2792 607.2792 622.2792 -9999 811.066 796.066 781.066 774.8528 768.6396 762.4264 768.6396 -9999 828.6396 822.4264 828.6396 834.8528 841.066 856.066 871.066 -9999 1051.066 1036.066 1021.066 1014.853 1008.64 1002.426 1008.64 -9999 1141.066 1126.066 1119.853 1113.64 1107.426 1113.64 -9999
-9999 -9999 217.2792 202.2792 196.066 189.8528 183.6396 177.4264 183.6396 -9999 337.2792 322.2792 316.066 309.8528 303.6396 297.4264 303.6396 -9999 363.6396 357.4264 363.6396 369.8528 376.066 382.2792 397.2792 -9999 462.4264 468.6396 474.8528 481.066 487.2792 493.4924 508.4924 523.4924 538.4924 553.4924 568.4924 583.4924 598.4924 613.4924 628.4924 -9999 817.2792 802.2792 796.066 789.8528 783.6396 777.4264 783.6396 -9999 843.6396 837.4264 843.6396 849.8528 856.066 862.2792 877.2792 -9999 1057.279 1042.279 1036.066 1029.853 1023.64 1017.426 1023.64 -9999 1147.279 1141.066 1134.853 1128.64 1122.426 1128.64 -9999
-9999 -9999 223.4924 217.2792 211.066 204.8528 198.6396 192.4264 198.6396 -9999 343.4924 337.2792 331.066 324.8528 318.6396 312.4264 318.6396 -9999 378.6396 372.4264 378.6396 384.8528 391.066 397.2792 403.4924 -9999 477.4264 483.6396 489.8528 496.066 502.2792 508.4924 514.7056 529.7056 544.7056 559.7056 574.7056 589.7056 604.7056 619.7056 634.7056 -9999 823.4924 817.2792 811.066 804.8528 798.6396 792.4264 798.6396 -9999 858.6396 852.4264 858.6396 864.8528 871.066 877.2792 883.4924 -9999 1063.492 1057.279 1051.066 1044.853 1038.64 1032.426 1038.64 -9999 1162.279 1156.066 1149.853 1143.64 1137.426 1143.64 -9999
-9999 -9999 238.4924 232.2792 226.066 219.8528 213.6396 207.4264 213.6396 -9999 358.4924 352.2792 346.066 339.8528 333.6396 327.4264 333.6396 -9999 393.6396 387.4264 393.6396 399.8528 406.066 412.2792 418.4924 -9999 492.4264 498.6396 504.8528 511.066 517.2792 523.4924 529.7056 535.9188 550.9188 565.9188 580.9188 595.9188 610.9188 625.9188 640.9188 -9999 838.4924 832.2792 826.066 819.8528 813.6396 807.4264 813.6396 -9999 873.6396 867.4264 873.6396 879.8528 886.066 892.2792 898.4924 -9999 1078.492 1072.279 1066.066 1059.853 1053.64 1047.426 1053.64 -9999 1177.279 1171.066 1164.853 1158.64 1152.426 1158.64 -9999
-9999 -9999 253.4924 247.2792 241.066 234.8528 228.6396 222.4264 228.6396 -9999 373.4924 367.2792 361.066 354.8528 348.6396 342.4264 348.6396 -9999 408.6396 402.4264 408.6396 414.8528 421.066 427.2792 433.4924 -9999 507.4264 513.6396 519.8528 526.066 532.2792 538.4924 544.7056 550.9188 557.132 572.132 587.132 602.132 617.132 632.132 647.132 -9999 853.4924 847.2792 841.066 834.8528 828.6396 822.4264 828.6396 -9999 888.6396 882.4264 888.6396 894.8528 901.066 907.2792 913.4924 -9999 1093.492 1087.279 1081.066 1074.853 1068.64 1062.426 1068.64 -9999 1192.279 1186.066 1179.853 1173.64 1167.426 1173.64 -9999
-9999 -9999 268.4924 262.2792 256.066 249.8528 243.6396 237.4264 243.6396 -9999 388.4924 382.2792 376.066 369.8528 363.6396 357.4264 363.6396 -9999 423.6396 417.4264 423.6396 429.8528 436.066 442.2792 448.4924 -9999 522.4264 528.6396 534.8528 541.066 547.2792 553.4924 559.7056 565.9188 572.132 578.3452 593.3452 608.3452 623.3452 638.3452 653.3452 -9999 868.4924 862.2792 856.066 849.8528 843.6396 837.4264 843.6396 -9999 903.6396 897.4264 903.6396 909.8528 916.066 922.2792 928.4924 -9999 1108.492 1102.279 1096.066 1089.853 1083.64 1077.426 1083.64 -9999 1207.279 1201.066 1194.853 1188.64 1182.426 1188.64 -9999
-9999 -9999 283.4924 277.2792 271.066 264.8528 258.6396 252.4264 258.6396 -9999 403.4924 397.2792 391.066 384.8528 378.6396 372.4264 378.6396 -9999 438.6396 432.4264 438.6396 444.8528 451.066 457.2792 463.4924 -9999 537.4264 543.6396 549.8528 556.066 562.2792 568.4924 574.7056 580.9188 587.132 593.3452 599.5583 614.5583 629.5583 644.5583 659.5583 -9999 883.4924 877.2792 871.066 864.8528 858.6396 852.4264 858.6396 -9999 918.6396 912.4264 918.6396 924.8528 931.066 937.2792 943.4924 -9999 1123.492 1117.279 1111.066 1104.853 1098.64 1092.426 1098.64 -9999 1222.279 1216.066 1209.853 1203.64 1197.426 1203.64 -9999
-9999 -9999 -9999 292.2792 286.066 279.8528 273.6396 267.4264 273.6396 -9999 418.4924 412.2792 406.066 399.8528 393.6396 387.4264 393.6396 -9999 -9999 447.4264 453.6396 459.8528 466.066 472.2792 478.4924 -9999 552.4264 558.6396 564.8528 571.066 577.2792 583.4924 589.7056 -9999 -9999 608.3452 614.5583 620.7715 635.7715 650.7715 665.7715 -9999 898.4924 892.2792 886.066 879.8528 873.6396 867.4264 873.6396 -9999 -9999 927.4264 933.6396 939.8528 946.066 952.2792 958.4924 -9999 1138.492 1132.279 1126.066 1119.853 1113.64 1107.426 1113.64 -9999 -9999 1231.066 1224.853 1218.64 1212.426 1218.64 -9999
-9999 -9999 -9999 -9999 -9999 -9999 -9999 -9999 -9999 -9999 -9999 -9999 -9999 -9999 -9999 -9999 -9999 -9999 -9999 -9999 -9999 -9999 -9999 -9999 -9999 -9999 -9999 -9999 -9999 -9999 -9999 -9999 -9999 -9999 -9999 -9999 -9999 -9999 -9999 -9999 -9999 -9999 -9999 -9999 -9999 -9999 -9999 -9999 -9999 -9999 -9999 -9999 -9999 -9999 -9999 -9999 -9999 -9999 -9999 -9999 -9999 -9999 -9999 -9999 -9999 -9999 -9999 -9999 -9999 -9999 -9999 -9999 -9999
