Chapter05-GIS/Models/UgandaExample/files/popu.asc
ncols         109
nrows         109
xllcorner     481358.2159666
yllcorner     10015305.648347
cellsize      92.477437171217
NODATA_value  -9999
[rows 0 to 28 of 109, columns 0 to 64 of 109]
2.663072 2.262338 1.985168 1.518428 1.130849 0.9753383 0.9165132 0.8876164 0.8801253 0.86746 0.8430787 0.8017159 0.8017159 0.7351739 0.7132415 0.7049023 0.6792902 0.4855329 0.451872 0.4304808 0.3904792 0.3590608 0.3379096 0.3167091 0.3008918 0.3001227 0.3100877 0.3290576 0.3535169 0.3784876 0.3890603 0.3991909 0.4001168 0.3983929 0.3989221 0.4028997 0.713751 0.7114796 0.720088 0.7444366 0.7665178 0.8217282 0.8695617 1.178752 1.203051 1.206986 1.208354 1.205837 1.19907 1.195598 1.193354 1.185877 1.182979 1.196723 1.209861 1.22347 1.239799 0.9280086 0.9226168 0.9681989 1.003606 1.050795 1.222109 1.346268 1.362622
2.837606 2.53683 2.13516 1.738379 1.262129 1.024843 0.9410703 0.9008923 0.8813576 0.8602314 0.8344473 0.8023546 0.8023546 0.7341963 0.7152895 0.7036515 0.6826177 0.4932762 0.4573593 0.4348057 0.3896886 0.3582014 0.3395478 0.3155563 0.294047 0.2878175 0.2887193 0.2980423 0.3123067 0.3318734 0.3576863 0.3696963 0.3759571 0.3794452 0.3837992 0.3891123 0.3926592 0.6947931 0.7050986 0.7299723 0.7544686 0.7993304 0.8620366 0.9555948 0.9729577 0.9704359 0.9740714 1.104945 1.170715 1.043266 0.9146098 0.9042797 0.9845361 1.178387 1.191176 1.208011 1.222942 1.132945 1.127867 1.149312 1.172119 1.20358 1.262165 1.306522 1.326261
2.953845 2.668393 2.305346 1.971066 1.380939 1.061714 0.9611116 0.917573 0.894496 0.8665155 0.8252554 0.7888293 0.7888293 0.7334269 0.7108293 0.7020803 0.682578 0.5009714 0.4582289 0.4349047 0.3902896 0.3575712 0.3404612 0.316048 0.2899845 0.2815234 0.2752972 0.2811491 0.2950073 0.3093255 0.3234445 0.3360712 0.3560605 0.3661045 0.3696594 0.3787511 0.3861929 0.3877662 0.6930902 0.7100537 0.7268629 0.7619089 0.821448 0.8332726 0.8438041 0.8419081 0.8554083 1.045534 1.144968 0.9867153 0.8088979 0.7776101 0.8834092 1.140861 1.166896 1.186776 1.194347 1.207369 1.21244 1.217504 1.229408 1.24544 1.263561 1.282381 1.299818
3.012718 2.724599 2.457084 2.10396 1.534512 1.12745 0.967665 0.9252664 0.9079177 0.8761438 0.8208998 0.7818546 0.7818546 0.7322344 0.7061774 0.7040107 0.6857113 0.499485 0.4504282 0.4299846 0.3889236 0.3563268 0.3401483 0.3146503 0.2852359 0.2781973 0.2705815 0.2738954 0.2850232 0.2992396 0.3030981 0.3122094 0.3259422 0.3344712 0.3421083 0.3576946 0.3693724 0.3731571 0.3794636 0.6833698 0.7045297 0.7288719 0.780104 0.7910138 0.8025615 0.8027693 0.821023 1.01172 1.113179 0.9627326 0.7972015 0.7663515 0.8619758 1.125495 1.146116 1.182135 1.181824 1.201097 1.209323 1.217707 1.217669 1.22177 1.237382 1.255895 1.272496
3.082035 2.760104 2.521162 2.144325 1.666859 1.189444 0.9674538 0.9273983 0.9110194 0.8778755 0.8233713 0.7634485 0.7634485 0.6427272 0.6183481 0.6015427 0.5850266 0.4728255 0.4454946 0.4294259 0.3906164 0.3571437 0.3398897 0.3136872 0.2829063 0.2770679 0.2712912 0.2719583 0.2802938 0.2901911 0.2923565 0.2989443 0.3048633 0.309433 0.3137282 0.3237514 0.3349919 0.3425658 0.3502988 0.6372284 0.663846 0.689733 0.7323332 0.7623985 0.7796173 0.7837706 0.8023799 0.8918574 0.9280328 0.9131193 0.9022546 0.8978505 0.9495733 1.093186 1.128448 1.165123 1.169245 1.181304 1.193175 1.201853 1.19977 1.208846 1.220881 1.237886 1.25631
3.119812 2.79204 2.540236 2.153181 1.684656 1.198285 0.9672666 0.9262392 0.9088555 0.8794036 0.8316223 0.7444677 0.7444677 0.5497504 0.5270277 0.4985045 0.4815603 0.4491789 0.4416777 0.4325128 0.3992077 0.3617691 0.3401456 0.315093 0.2851149 0.2795466 0.2748369 0.2714384 0.2795423 0.2853097 0.287876 0.2918178 0.2969824 0.2993684 0.2995221 0.3003246 0.3051009 0.3121707 0.3183655 0.3257557 0.5906285 0.6077078 0.63005 0.6897116 0.7206453 0.7320957 0.7451491 0.7465826 0.7297736 0.8623665 1.00075 1.009282 1.022258 1.039578 1.084453 1.114613 1.12457 1.150008 1.171702 1.174081 1.175436 1.188672 1.201328 1.216829 1.234294
3.106393 2.806885 2.54188 2.152878 1.578605 1.145166 0.9667444 0.9239669 0.9094887 0.8845901 0.8340666 0.7551048 0.7551048 0.6030179 0.5821459 0.5696369 0.552933 0.4629953 0.4351938 0.4334005 0.4105217 0.3712507 0.3469516 0.3295661 0.3040842 0.2903434 0.2841627 0.2771552 0.2824028 0.2899052 0.2900237 0.2919192 0.2942314 0.2952675 0.2972365 0.2944409 0.292067 0.2950515 0.297664 0.2985044 0.5305103 0.5268019 0.5289077 0.599856 0.6400541 0.6559071 0.6646571 0.7450165 0.7822927 0.8808365 0.9762603 0.9790224 0.9895272 1.006201 1.029421 1.051514 1.058859 1.120362 1.143044 1.143165 1.147426 1.156539 1.169936 1.181511 1.194296
3.127337 2.775607 2.446501 2.088361 1.429134 1.068389 0.9614334 0.9256932 0.9101231 0.8793578 0.8240159 0.7763084 0.7763084 0.7157531 0.7004408 0.6980195 0.6866702 0.4877409 0.4349643 0.4348816 0.42293 0.3925159 0.3722395 0.3646059 0.3459145 0.3179892 0.3005283 0.2928267 0.2938428 0.3008705 0.295434 0.2956652 0.2980564 0.303077 0.3033693 0.2956709 0.2886249 0.2862378 0.2853463 0.2871544 0.5092183 0.5062991 0.5103061 0.5707335 0.5996475 0.6166183 0.6348656 0.8418908 0.9522669 0.9601311 0.9681918 0.9755921 0.981845 0.9938301 1.0081 1.002638 1.011088 1.08102 1.09473 1.102447 1.11733 1.127504 1.139545 1.152843 1.16273
3.08501 2.708247 2.251975 1.844051 1.309852 1.033215 0.9486572 0.9253566 0.9067866 0.86519 0.8197742 0.7742938 0.7742938 0.7181407 0.7024386 0.6916142 0.6823493 0.484009 0.4337336 0.4334763 0.4366094 0.4243758 0.4082992 0.3945813 0.3799069 0.361064 0.320795 0.3050475 0.3034855 0.3091001 0.311798 0.2998371 0.2948186 0.3058399 0.3129938 0.3133767 0.3042666 0.2899618 0.2806752 0.2744266 0.4798051 0.4732443 0.4826033 0.5263007 0.5505885 0.5790784 0.6072029 0.8198099 0.9301662 0.945363 0.9636516 0.9703422 0.9732218 0.9872395 0.9865754 0.9824381 0.9970241 1.020709 1.039451 1.064353 1.081063 1.081946 1.102669 1.123909 1.136534
2.997882 2.479928 2.133042 1.59677 1.16098 0.9856511 0.9352709 0.9151021 0.9009281 0.8729553 0.8314217 0.7807865 0.7807865 0.719746 0.7042158 0.6929147 0.6779549 0.4880584 0.4367019 0.4277264 0.4326612 0.4336852 0.4240315 0.4131491 0.4069833 0.3949277 0.3623564 0.3294871 0.3257195 0.333284 0.3406829 0.3493038 0.316002 0.2971223 0.2899756 0.299055 0.3091947 0.2981661 0.2771287 0.2669415 0.4575426 0.4619719 0.4742079 0.4976979 0.5244647 0.5506734 0.5869653 0.8007658 0.908438 0.9220489 0.9385695 0.9358155 0.926 0.9446117 0.9559075 0.9598607 0.9942612 1.015914 1.014771 1.0149 1.017845 1.046741 1.079597 1.09086 1.096879
2.69165 2.276841 1.817561 1.296907 1.05377 0.9604915 0.9105869 0.8995141 0.8981179 0.8688027 0.8314375 0.7994322 0.7994322 0.7347128 0.6912865 0.7009943 0.6917632 0.5218285 0.4748397 0.4580846 0.4509125 0.4528731 0.4542429 0.4475512 0.4403332 0.4374689 0.4193682 0.3950627 0.382228 0.3974267 0.3901579 0.384906 0.3779928 0.3327159 0.2985338 0.2816631 0.2711774 0.2607872 0.2422403 0.2206891 0.21241 0.3891542 0.4042423 0.429814 0.4330601 0.458191 0.4962175 0.7215981 0.8162935 0.8260019 0.8612902 0.8858007 0.912116 0.9568 0.9723127 0.9901799 0.9951499 1.012406 1.009938 1.014653 1.006597 1.00581 1.01713 1.02411 1.030042
2.456614 1.932674 1.346812 1.108454 0.9856484 0.9329988 0.9058026 0.8924786 0.8844894 0.8695362 0.8489351 0.8058677 0.8058677 0.7399308 0.7027659 0.6990678 0.7019883 0.6783562 0.6720068 0.6690689 0.6597515 0.6450509 0.6385818 0.6373166 0.6308859 0.625862 0.6194851 0.5946966 0.5598097 0.5558857 0.5482231 0.5379779 0.5312327 0.3950306 0.3030658 0.2760226 0.2667275 0.2568685 0.234661 0.2120824 0.2043762 0.3621996 0.3695932 0.3900831 0.4056865 0.4466882 0.5067955 0.7235408 0.842116 0.863464 0.8765713 0.8897443 0.9102916 0.9213891 0.9246399 0.9709484 0.9962822 0.9978002 1.007699 1.017148 1.017002 1.011818 1.015324 1.017654 1.007398
1.854363 1.38951 1.146156 1.038384 0.95256 0.9080905 0.8907574 0.8816658 0.8793472 0.8759738 0.8557323 0.819508 0.819508 0.7757003 0.7105749 0.7210005 0.7129521 0.6993387 0.692977 0.6853094 0.672055 0.6586023 0.6503435 0.6456112 0.6418225 0.6383742 0.6297219 0.6143519 0.591364 0.5534518 0.5467196 0.5357373 0.5072351 0.382506 0.3035746 0.2780619 0.264699 0.2506267 0.2273332 0.2043338 0.1962848 0.3508417 0.3616214 0.383723 0.4022479 0.4563499 0.5028946 0.7091351 0.8269911 0.848222 0.8631839 0.876563 0.8893889 0.8972901 0.8925481 0.8855931 0.8996907 0.9464206 0.9699008 0.988916 1.000156 0.9992585 1.00987 1.016885 1.008029
1.383512 1.179718 1.06688 0.9912322 0.9244948 0.9014985 0.8978042 0.8996758 0.9052428 0.9048257 0.8830925 0.8342744 0.8342744 0.7982175 0.7443427 0.731722 0.7166274 0.6974591 0.6926422 0.6907984 0.6782014 0.6599486 0.6535327 0.6535897 0.647508 0.6418639 0.6354941 0.6240956 0.5902347 0.5654416 0.5418879 0.537274 0.5179253 0.4010653 0.3139678 0.2841507 0.2695574 0.244871 0.2159265 0.202754 0.1952027 0.3465568 0.353479 0.37721 0.4140314 0.4537677 0.4899551 0.6845322 0.7958287 0.8140449 0.8240283 0.8351886 0.8528612 0.8633217 0.8543829 0.8465585 0.8703083 0.9010168 0.9136603 0.9430593 0.9606866 0.9688129 0.9850854 0.9969063 0.9974912
1.227531 1.113318 1.043075 0.996576 0.9456785 0.9300732 0.9297103 0.9257542 0.9215796 0.9179745 0.9049037 0.8711525 0.8711525 0.8169286 0.7620559 0.745533 0.7290609 0.7030884 0.6906642 0.6864724 0.678432 0.6642143 0.6530689 0.6465814 0.6432726 0.6444151 0.6370404 0.6190198 0.5924701 0.5697799 0.5417868 0.5346808 0.5300389 0.4114643 0.3303254 0.2954711 0.266317 0.2373907 0.2124767 0.2039521 0.1986232 0.3514925 0.3556985 0.3786951 0.423693 0.4591475 0.4873297 0.673865 0.7762871 0.7939488 0.8113194 0.8319552 0.8560801 0.8618776 0.8485742 0.8437231 0.8585204 0.872882 0.8844174 0.8964882 0.9114874 0.9257036 0.9424435 0.9573148 0.9688923
1.215996 1.255422 1.196805 1.279435 1.343328 1.310704 1.184642 1.072771 1.010849 0.9707583 0.9541638 0.9362478 0.9362478 0.9078084 0.8533891 0.7925341 0.7570568 0.7264155 0.6933746 0.6848321 0.680266 0.6706151 0.656645 0.6428329 0.6329156 0.6267049 0.6234147 0.6087874 0.5888667 0.5725495 0.5591885 0.5364262 0.5351732 0.4128262 0.3343688 0.3124886 0.2919319 0.270604 0.2575631 0.2499329 0.24153 0.2306161 0.4040077 0.3997335 0.4040963 0.4579502 0.495413 0.6738917 0.7660487 0.7663288 0.7753592 0.7970067 0.809463 0.8099085 0.8108898 0.8281788 0.8331055 0.8349415 0.8499888 0.8575416 0.8718985 0.8801029 0.8827804 0.8936423 0.9072471
1.465813 1.598123 1.691727 1.803075 1.870287 1.850125 1.719354 1.545926 1.355047 1.159896 1.033394 0.9810375 0.9810375 0.9433689 0.9049239 0.8476889 0.7758042 0.7444951 0.7113685 0.6923676 0.6775656 0.6615071 0.6494542 0.6417351 0.63058 0.6186411 0.6190221 0.6106141 0.5918075 0.5763351 0.492489 0.4496387 0.4434921 0.3739121 0.3214109 0.2999209 0.2843398 0.2688644 0.2568284 0.2520803 0.2499016 0.2517238 0.4408186 0.4347977 0.4333849 0.4819474 0.5018371 0.5923333 0.6236739 0.6111943 0.6211802 0.642347 0.6514031 0.6477663 0.6429018 0.6691681 0.6770838 0.8075287 0.8418125 0.8584493 0.8677346 0.8716456 0.8763279 0.8845674 0.8949594
1.964952 2.084867 2.305221 2.353028 2.355136 2.365247 2.321714 2.151195 1.891079 1.59988 1.29142 1.056345 1.056345 0.9884022 0.944109 0.8981395 0.8343799 0.7724158 0.733454 0.6933367 0.6664758 0.65083 0.6477615 0.6454161 0.6295897 0.6130801 0.6059813 0.6023981 0.5944446 0.583481 0.4005027 0.3489164 0.3410177 0.3335194 0.3156256 0.2966716 0.2839693 0.2723615 0.2597927 0.2534687 0.2503419 0.2535168 0.4409161 0.4512132 0.4634687 0.5011322 0.5118998 0.5016078 0.4578986 0.4302167 0.4420108 0.4626889 0.4709024 0.4648704 0.4489552 0.4842277 0.5111235 0.787856 0.8263593 0.8461963 0.8508909 0.8598201 0.8751146 0.8814243 0.8806633
2.495957 2.473923 2.61395 2.675572 2.669802 2.670698 2.633248 2.498293 2.3144 2.095506 1.740398 1.296358 1.296358 1.06002 0.9899585 0.927856 0.8904671 0.8032246 0.7375932 0.6912216 0.6620786 0.6504585 0.649976 0.6419241 0.6230713 0.6088831 0.5944188 0.5888321 0.5858309 0.5803857 0.3934326 0.3504458 0.3497261 0.3414158 0.3244233 0.3056969 0.2910616 0.2798309 0.2685677 0.2596059 0.2546435 0.2555188 0.4411481 0.4524634 0.4577505 0.4815512 0.5160336 0.5116112 0.4604858 0.4255525 0.4249025 0.4339687 0.4393789 0.4254009 0.4053263 0.4415332 0.4962461 0.777498 0.8143103 0.8257912 0.8291897 0.8434281 0.8647518 0.8722759 0.8674171
2.864587 2.804839 2.853846 2.822638 2.792842 2.786433 2.790555 2.75592 2.615777 2.388265 2.143104 1.794156 1.794156 1.235754 1.028701 0.9560584 0.9111609 0.8384578 0.7519742 0.7032009 0.6700208 0.6563469 0.6556207 0.6438628 0.6210628 0.6055043 0.5923327 0.581393 0.5745224 0.5689202 0.3934021 0.3632815 0.3653217 0.3539437 0.3411538 0.3285103 0.3152726 0.3005411 0.2837979 0.2717526 0.2642348 0.26092 0.2531482 0.4459379 0.4511118 0.4607498 0.4903486 0.5033726 0.4935828 0.4713767 0.4479426 0.4337117 0.4215959 0.3930438 0.3766652 0.4090804 0.4746897 0.7654974 0.8035374 0.8104254 0.8146775 0.8229284 0.8506121 0.8633629 0.8541089
3.152709 2.993262 3.047784 2.977696 2.984874 2.967719 2.931228 2.856766 2.771849 2.652813 2.432833 2.156629 2.156629 1.62502 1.081969 0.9870399 0.9220285 0.8755894 0.7711702 0.7231565 0.6893337 0.6717661 0.664564 0.6463905 0.6212493 0.60173 0.5880724 0.5855439 0.5642948 0.5652096 0.3945017 0.3730369 0.3754673 0.3527954 0.3429117 0.3420177 0.3393763 0.3321512 0.3178382 0.3033989 0.2892466 0.2791663 0.2564555 0.452813 0.4501262 0.4492285 0.4639047 0.4762552 0.4757086 0.4738396 0.4688772 0.4452971 0.4047094 0.3704493 0.364486 0.3946626 0.445069 0.7420676 0.7860466 0.8079816 0.8125995 0.8191351 0.8393155 0.8467236 0.8389704
3.293546 3.145655 3.287239 3.277586 3.2482 3.247192 3.199614 3.05256 2.893744 2.787039 2.634441 2.354436 2.354436 1.946953 1.18476 1.000537 0.9382563 0.9134932 0.8026941 0.7431723 0.7085413 0.6772418 0.6538547 0.6376284 0.6161824 0.587312 0.5766407 0.5814894 0.5592502 0.5693724 0.4077181 0.3793237 0.3680197 0.3589737 0.3531887 0.3460607 0.3420446 0.3430986 0.3389764 0.3226483 0.3013408 0.2890962 0.2892461 0.4908276 0.4571846 0.4388151 0.4353306 0.4446851 0.4381471 0.4367612 0.4422849 0.4323912 0.4034834 0.3695753 0.3694713 0.3920666 0.4377863 0.7246611 0.7695905 0.7976926 0.8133682 0.8225534 0.8305861 0.8281053 0.8271453
3.408967 3.420009 3.476156 3.380853 3.326765 3.307056 3.291265 3.214326 3.054698 2.87828 2.748225 2.601564 2.601564 2.189818 1.268507 1.015569 0.962968 0.928257 0.8329096 0.7401866 0.6937146 0.6621742 0.635103 0.6199651 0.6029484 0.5790959 0.5735716 0.5709385 0.5568638 0.5537666 0.4083775 0.3745467 0.3806138 0.3736039 0.3658907 0.3547125 0.339481 0.335137 0.3394588 0.3297967 0.3114032 0.3038356 0.286769 0.4998579 0.4813098 0.4786209 0.4444709 0.421571 0.4101487 0.4058596 0.4010239 0.3937434 0.3925314 0.392575 0.3862139 0.3869625 0.4320132 0.7160686 0.772729 0.8026491 0.8078487 0.8074685 0.8206174 0.8217896 0.8176481
3.457417 3.468095 3.425494 3.399112 3.396413 3.38713 3.377468 3.338196 3.183089 2.96363 2.847603 2.736089 2.736089 2.290991 1.637006 1.054412 0.9888303 0.928907 0.815361 0.7260665 0.6786839 0.6499433 0.6302896 0.6130218 0.5947921 0.5804074 0.5303175 0.3877122 0.3833104 0.3890666 0.3760825 0.3753452 0.3793468 0.3755672 0.3617081 0.3527145 0.350823 0.349145 0.3513997 0.3580047 0.3476182 0.322227 0.2981673 0.5050424 0.5034159 0.4762691 0.4533684 0.4401634 0.4134136 0.4007989 0.412298 0.4209584 0.4182627 0.4190373 0.4197523 0.4040542 0.3989955 0.6969024 0.7672866 0.7917767 0.7985659 0.795755 0.803002 0.811896 0.8155268
3.480332 3.51315 3.469297 3.432241 3.456866 3.470473 3.430024 3.370789 3.200403 2.956315 2.854342 2.754138 2.754138 2.369808 1.819865 1.057638 0.9907809 0.9374102 0.8257219 0.7344043 0.6897451 0.6599284 0.6355383 0.6179934 0.6007368 0.5855232 0.538256 0.3705157 0.3645582 0.3712049 0.369333 0.3681017 0.3770157 0.3661762 0.3598291 0.3584218 0.3545852 0.3525613 0.3563869 0.3621039 0.358726 0.3365815 0.3216949 0.2989418 0.4967132 0.4877634 0.4712393 0.4606348 0.4525285 0.4400119 0.4368709 0.446444 0.447481 0.4341261 0.4243577 0.4238284 0.4112415 0.7007353 0.7548988 0.7818394 0.7916819 0.779584 0.7845565 0.804824 0.8182703
3.323265 3.480853 3.455183 3.480703 3.51379 3.528347 3.472303 3.394033 3.206356 2.961981 2.891041 2.816762 2.816762 2.494866 1.793261 1.088424 1.019461 0.962487 0.8377371 0.7371938 0.6921193 0.665795 0.6396989 0.6190857 0.6052445 0.5958205 0.5510918 0.376818 0.3776109 0.3908529 0.3851537 0.3763985 0.3825722 0.3700389 0.3645451 0.3638411 0.3607644 0.3583946 0.3615029 0.3687867 0.3595881 0.3432996 0.3335993 0.3106557 0.5160116 0.4947409 0.4755574 0.4620253 0.4580445 0.4616106 0.4515946 0.4375865 0.4458749 0.4513577 0.4439805 0.4487342 0.4583705 0.7032895 0.7456244 0.7746687 0.7725057 0.7489553 0.7625126 0.7894831 0.8019956
3.281141 3.404178 3.500003 3.513026 3.540176 3.546408 3.503361 3.38986 3.184465 2.997822 2.961361 2.914743 2.914743 2.544517 1.476569 1.086238 1.031678 0.9716496 0.835853 0.7309163 0.6839882 0.6592209 0.6360534 0.6182675 0.6071607 0.5989532 0.581909 0.5184128 0.5166069 0.5235981 0.5160025 0.4858175 0.4745595 0.460353 0.4543086 0.4509949 0.4473565 0.4441209 0.4415921 0.4262701 0.3644156 0.3405904 0.3315431 0.3071827 0.5233908 0.5071953 0.4770685 0.4531741 0.4447974 0.4490422 0.4498468 0.4410579 0.4795888 0.5907891 0.6029838 0.6081564 0.6175292 0.7002232 0.7390916 0.7635751 0.763482 0.7412773 0.7492279 0.7687958 0.7803727
3.121845 3.227345 3.394742 3.454767 3.537881 3.568669 3.505344 3.333164 3.150815 3.074144 3.044509 2.893794 2.893794 2.441883 1.276069 1.076949 1.021506 0.9665108 0.8027832 0.7114051 0.6767871 0.6514259 0.6327966 0.6203573 0.6088109 0.6042355 0.5976255 0.5827374 0.5946364 0.5838964 0.5825835 0.5486049 0.5263137 0.5103203 0.4984943 0.4897499 0.4851706 0.4797559 0.4726971 0.447923 0.3642613 0.3481743 0.333169 0.3064294 0.2950125 0.5044796 0.4774335 0.4586453 0.4517465 0.4481888 0.4446359 0.439287 0.4904645 0.6345146 0.6577354 0.6695885 0.6767311 0.6929293 0.7167167 0.7467604 0.7562249 0.7338456 0.7366574 0.7575411 0.7724127
2.953158 3.050977 3.163284 3.283595 3.367069 3.408035 3.363859 3.262653 3.184121 3.140317 3.03971 2.746613 2.746613 2.117123 1.176504 1.066201 1.000167 0.9483616 0.7736539 0.6988858 0.6689336 0.6429984 0.6264567 0.6169342 0.6097882 0.6071696 0.601948 0.5904918 0.6045725 0.5952465 0.5939872 0.5726088 0.5438579 0.5288978 0.5145039 0.5035213 0.492341 0.478188 0.470316 0.4455957 0.3665908 0.3535575 0.3393111 0.3089228 0.2918 0.4900358 0.4728425 0.4662016 0.4524536 0.4272028 0.4053781 0.3951095 0.4433437 0.5739765 0.5977546 0.6215712 0.6535715 0.6744264 0.6942347 0.7244477 0.7431711 0.7337545 0.7335499 0.7529302 0.7710695
