Chapter05-GIS/Models/UgandaExample/files/popu.asc
ncols         109
nrows         109
xllcorner     481358.2159666
yllcorner     10015305.648347
cellsize      92.477437171217
NODATA_value  -9999
[rows 29 to 57 of 109, columns 0 to 64 of 109]
2.827271 2.952179 3.024168 3.131491 3.174304 3.198828 3.217902 3.228906 3.206352 3.109424 2.899265 2.448529 2.448529 1.614189 1.116435 1.048336 0.9824659 0.8959666 0.7534702 0.6979018 0.6634386 0.6376902 0.622982 0.6146983 0.6140142 0.6130987 0.6077821 0.6006173 0.606739 0.6114225 0.6067262 0.5879142 0.5592735 0.5508252 0.543399 0.5266242 0.5016226 0.4810066 0.4753586 0.4499686 0.3657858 0.3460208 0.3345767 0.3019599 0.277722 0.4587102 0.4476425 0.4364213 0.4030928 0.3693954 0.3518912 0.3418882 0.3784048 0.4898428 0.5198302 0.5587479 0.6003586 0.6205778 0.6571676 0.6849675 0.7186511 0.7307062 0.7218761 0.7346136 0.7587774
2.667806 2.834598 2.98282 3.054557 3.084452 3.135769 3.196045 3.200225 3.126601 2.93906 2.531185 1.877255 1.877255 1.21956 1.088946 1.011816 0.9629304 0.8190845 0.7284039 0.6912751 0.6594901 0.6382222 0.6284544 0.6218981 0.6211565 0.6250467 0.6231043 0.6171976 0.6262689 0.6297374 0.6147891 0.5865251 0.5707157 0.5714607 0.5684176 0.5413043 0.5054518 0.483423 0.4751923 0.441532 0.3393457 0.3252634 0.3160926 0.2902852 0.2567925 0.2375683 0.4079144 0.373583 0.3307389 0.3312458 0.3492527 0.3464408 0.3631482 0.422459 0.4549318 0.4984497 0.5274234 0.5550309 0.5965288 0.6223121 0.6774766 0.7127377 0.7020723 0.7047705 0.7257318
2.350585 2.567043 2.830732 2.912365 2.945078 3.06715 3.13301 3.053242 2.852803 2.489175 1.885939 1.260796 1.260796 1.107384 1.030449 0.9680672 0.8971974 0.7567531 0.7123981 0.677385 0.6490011 0.6360026 0.6334571 0.6304418 0.6284322 0.6384472 0.6494114 0.6506834 0.6618829 0.6507278 0.6348566 0.6122758 0.6065161 0.6086031 0.5916048 0.5530004 0.5149263 0.4868439 0.4585656 0.4020131 0.2990773 0.3011839 0.3000958 0.2865913 0.2488064 0.2261798 0.3831783 0.3287058 0.2942453 0.338058 0.3851469 0.3882684 0.3920019 0.3926141 0.4097025 0.4408436 0.4733248 0.5191694 0.5482303 0.56504 0.6182595 0.6825332 0.6947812 0.684504 0.6863995
1.743638 2.089063 2.371297 2.512012 2.642881 2.74854 2.721535 2.539619 2.180516 1.691586 1.284464 1.10497 1.10497 1.039742 0.9722953 0.9304839 0.777474 0.7167306 0.7032689 0.6690729 0.6376996 0.6276855 0.6325161 0.6379747 0.643266 0.6570029 0.6726657 0.68988 0.711453 0.7044834 0.7210002 0.7197102 0.7071835 0.6977128 0.6600477 0.609553 0.5583552 0.4951577 0.4215031 0.3508841 0.2921651 0.2949276 0.2954057 0.2840509 0.2524937 0.2270979 0.3771951 0.3192787 0.2873465 0.3331699 0.3790475 0.381125 0.3864604 0.3872068 0.3932649 0.4173572 0.4472788 0.4852242 0.5293955 0.5478756 0.559657 0.6335375 0.6752399 0.6668628 0.6613818
1.282336 1.382817 1.462181 1.736412 2.060681 2.05813 1.7464 1.477928 1.345021 1.239623 1.141847 1.017933 1.017933 0.9725495 0.9331878 0.7966206 0.7284314 0.698005 0.6556654 0.6461419 0.6340843 0.6294043 0.6408994 0.6570126 0.6659215 0.6744995 0.7128841 0.7725304 0.8554544 0.8901805 0.8580151 0.8469503 0.8430232 0.8240936 0.7908635 0.7669176 0.6754911 0.5078769 0.3799688 0.329488 0.3066504 0.2945421 0.2900465 0.2796612 0.2537452 0.2346452 0.2107357 0.3154477 0.2876826 0.3310381 0.3724335 0.3664888 0.3693719 0.3818568 0.3824409 0.3989377 0.4345464 0.4510701 0.509734 0.5393639 0.5496635 0.5922202 0.6367532 0.6379703 0.6235217
1.199433 1.191844 1.204554 1.235963 1.294087 1.295468 1.270462 1.255041 1.220248 1.141575 1.043918 0.9643673 0.9643673 0.9242066 0.7933046 0.7204066 0.6955237 0.6575119 0.6309795 0.6264307 0.6200677 0.6378425 0.666777 0.6745347 0.6845757 0.7525845 0.8622664 0.8996124 0.901861 0.9102007 0.9039772 0.8958845 0.8882566 0.8523522 0.8213397 0.798691 0.7133984 0.587961 0.5106622 0.4428091 0.3358282 0.2965397 0.2809967 0.2808058 0.2553684 0.2371589 0.2144819 0.3208471 0.2912303 0.3298653 0.3669676 0.3634143 0.3699778 0.3799123 0.3805262 0.3843741 0.4157813 0.4515059 0.4884603 0.5209903 0.5363718 0.5407379 0.6001124 0.6429328 0.6084024
1.108387 1.116577 1.158969 1.180425 1.207237 1.208305 1.19273 1.147369 1.081166 1.028499 0.9800358 0.8939955 0.8939955 0.7829905 0.7174543 0.69372 0.6562912 0.6398976 0.6123062 0.6091626 0.618893 0.6462304 0.6702442 0.6997461 0.779542 0.8798158 0.9087386 0.9230102 0.9471523 0.9774219 0.9630339 0.9553407 0.9431321 0.9061445 0.8743799 0.8489022 0.7527924 0.6143434 0.5348329 0.490091 0.4349508 0.3489283 0.3308717 0.3205264 0.2890805 0.2755454 0.2440114 0.2024402 0.3208761 0.3559049 0.3875453 0.3794336 0.3781005 0.3791587 0.4027904 0.3914938 0.4239109 0.4557439 0.4700874 0.489772 0.5226433 0.5301671 0.5755691 0.6245876 0.6024089
1.020661 1.051406 0.9375799 0.9403351 0.9551196 0.9478211 0.9323872 0.8986556 0.8443235 0.7648858 0.6530533 0.5601596 0.5601596 0.532984 0.5100854 0.4845637 0.4734612 0.585169 0.6104159 0.6129559 0.6230173 0.6481663 0.6980504 0.7897044 0.8820207 0.9186344 0.9570262 0.972675 0.985386 1.083939 1.175561 1.608941 1.833786 1.682505 1.27837 1.005642 0.8569462 0.7150379 0.6395653 0.5778373 0.4760609 0.4253125 0.4015896 -9999 -9999 -9999 -9999 -9999 -9999 -9999 -9999 -9999 -9999 0.2929742 0.2940339 0.2956629 0.3088968 0.4328156 0.4634899 0.4824383 0.4923027 0.5050164 0.560083 0.6116629 0.6096101
0.9096764 0.9333012 0.7883139 0.7616813 0.735639 0.7119022 0.693765 0.6492972 0.603172 0.57463 0.5291008 0.4839224 0.4839224 0.4613849 0.4533353 0.4467612 0.4294459 0.5731826 0.6041006 0.6130366 0.6149012 0.6574306 0.7717108 0.880372 0.9244626 0.9596698 1.012224 1.152491 1.730872 2.197333 2.446453 2.511567 2.55458 2.365251 2.162292 1.937172 1.604667 1.14097 0.7327046 0.6191618 0.5106185 0.4624447 0.5186037 -9999 -9999 -9999 -9999 -9999 -9999 -9999 -9999 -9999 -9999 0.2863165 0.2764896 0.2760546 0.2823842 0.4143541 0.4612893 0.4811522 0.4925748 0.4802895 0.4926078 0.5607717 0.6106349
0.8420289 0.8231506 0.6538635 0.6064698 0.5839497 0.5728835 0.5671006 0.547534 0.5242183 0.5014046 0.4670897 0.4460359 0.4460359 0.436407 0.4296323 0.4169894 0.4120092 0.5669895 0.5960924 0.608299 0.6167179 0.7128676 0.8379849 0.9123916 0.9609863 1.01947 1.259898 2.05031 2.541576 2.718238 2.911469 2.863454 2.850317 2.674478 2.515291 2.329797 2.102745 1.78951 1.258204 0.7005346 0.542606 0.490169 0.5415635 -9999 -9999 -9999 -9999 -9999 -9999 -9999 -9999 -9999 -9999 0.1616876 0.2820322 0.2782237 0.2790214 0.4035198 0.4452837 0.4690158 0.490357 0.476065 0.463907 0.5243254 0.5936227
0.7537216 0.7357409 0.5752537 0.5246677 0.5130054 0.5188642 0.5199975 0.5073162 0.4848431 0.456963 0.4329696 0.4243291 0.4243291 0.4184884 0.4073376 0.3967906 0.4180101 0.5649588 0.5941024 0.6080761 0.651778 0.7768819 0.8854143 0.9361207 1.005591 1.283738 2.012056 2.622174 2.902353 2.916697 2.984159 2.888331 2.849361 2.73283 2.605188 2.471352 2.321462 2.124764 1.782086 1.22404 0.620539 0.521464 0.5858525 -9999 -9999 -9999 -9999 -9999 -9999 -9999 -9999 -9999 -9999 0.1540028 0.1567881 0.1588578 0.15944 0.2250968 0.4280336 0.45871 0.4878155 0.4795626 0.4625247 0.5078751 0.5733947
0.5975094 0.5823413 0.5134267 0.489536 0.4847825 0.4954519 0.4926072 0.475739 0.4519481 0.4275061 0.4137152 0.4047484 0.4047484 0.3996886 0.3884647 0.3933766 0.416434 0.483808 0.5022686 0.5092276 0.6089756 0.7469009 0.8400164 0.8931026 1.105034 1.719871 2.509051 2.824785 2.98331 2.981598 2.997356 2.901654 2.850534 2.761541 2.664063 2.55584 2.426755 2.267669 2.066623 1.689067 0.9407067 0.5489307 0.6120127 0.5089735 0.4367247 0.2651293 0.2054319 -9999 -9999 -9999 -9999 -9999 -9999 -9999 -9999 -9999 -9999 0.1522259 0.1918353 0.2031832 0.3818634 0.3788308 0.3702516 0.3844536 0.4139888
0.4869662 0.4672772 0.4695019 0.4695993 0.4680208 0.4737352 0.4636555 0.4439855 0.424134 0.4062025 0.3960043 0.3862416 0.3862416 0.380143 0.3770138 0.3935889 0.4093444 0.4172028 0.4241836 0.4360567 0.5839944 0.7253461 0.8027936 0.8804078 1.302828 2.182204 2.660888 2.89414 2.990686 3.036385 3.079058 3.091889 3.067729 2.964916 2.813036 2.642875 2.486683 2.335977 2.170804 1.924227 1.361735 0.6221089 0.6261109 0.5258408 0.4614338 0.3053237 0.2211549 -9999 -9999 -9999 -9999 -9999 -9999 -9999 -9999 -9999 -9999 0.1522259 0.1537815 0.1524018 0.1596004 0.1611194 0.2853361 0.2839243 0.2891406
0.4549144 0.4413812 0.4534715 0.454376 0.4493537 0.4482107 0.4319286 0.4135202 0.4030075 0.3918081 0.37993 0.3704224 0.3704224 0.3648827 0.3720657 0.3927205 0.4086975 0.4087872 0.4173241 0.4541508 0.6223409 0.7571635 0.822574 0.9293033 1.495385 2.504772 2.773277 2.933324 3.031747 3.163027 3.247394 3.323071 3.310658 3.209079 3.008167 2.782649 2.571511 2.377055 2.21769 2.053486 1.648779 0.7236434 0.6506548 0.5345497 0.4834168 0.332094 0.2295339 -9999 -9999 -9999 -9999 -9999 -9999 -9999 -9999 -9999 -9999 0.1503073 0.1505777 0.1441369 0.143587 0.1463073 0.1493799 0.2664168 0.2712637
1.328227 1.308265 0.4481992 0.4449058 0.4329523 0.4257637 0.4094575 0.3983201 0.3967887 0.3900205 0.376005 0.3616374 0.3616374 0.3620417 0.3740257 0.3926937 0.404116 0.405856 0.4181743 0.4778997 0.6454564 0.772454 0.8355882 1.03477 1.700486 2.633763 2.885615 2.956819 3.091751 3.3111 3.421303 3.425313 3.395585 3.325494 3.139313 2.951351 2.71727 2.457014 2.296361 2.138662 1.792445 0.9378602 0.688444 0.5399672 0.4885061 0.3803547 0.2489717 -9999 -9999 -9999 -9999 -9999 -9999 -9999 -9999 -9999 -9999 0.1492739 0.1502792 0.1455702 0.1368403 0.14304 0.1449739 0.1423861 0.1459416
1.336686 1.302696 1.325935 0.4415786 0.4273813 0.418025 0.4116982 0.4073628 0.4011588 0.3910608 0.3793347 0.3647823 0.3647823 0.3654614 0.3757093 0.3882635 0.3913716 0.40376 0.4120239 0.4752086 0.6362907 0.7589988 0.8232562 1.207052 2.00708 2.663242 2.909919 2.938454 3.079061 3.390134 3.524565 3.467815 3.450414 3.392314 3.198426 3.053916 2.831774 2.560328 2.430221 2.236868 1.92388 1.352801 0.7437453 0.5500097 0.4720621 0.4102864 0.2564753 -9999 -9999 -9999 -9999 -9999 -9999 -9999 -9999 -9999 -9999 -9999 -9999 -9999 -9999 -9999 0.12975 0.1314459 0.1357287
1.375389 1.310803 1.33169 1.306481 1.269911 0.4234751 0.4232455 0.4153059 0.4022593 0.3867651 0.3716604 0.3643318 0.3643318 0.3554825 0.3609752 0.3817004 0.3913424 0.3998867 0.4121226 0.4676936 0.6179053 0.7354518 0.8055739 1.258557 2.107134 2.65995 2.85911 2.891683 3.037911 3.393118 3.549024 3.488966 3.470249 3.395679 3.221619 3.076751 2.874376 2.651877 2.550125 2.392548 2.100771 1.681656 0.7575294 0.5370665 0.4560628 0.39529 0.2512277 -9999 -9999 -9999 -9999 -9999 -9999 -9999 -9999 -9999 -9999 -9999 -9999 -9999 -9999 -9999 0.124055 0.124055 0.1262697
1.623853 1.436379 1.402657 1.356824 1.307542 1.300858 1.283425 0.4205018 0.4109349 0.3957706 0.378274 0.3642482 0.3642482 0.3588385 0.3597229 0.3905267 0.3972874 0.3993048 0.4026196 0.4541839 0.6028008 0.7190505 0.7971374 1.141147 1.888668 2.596334 2.817654 2.87148 2.978594 3.312883 3.466654 3.454086 3.388743 3.348251 3.23031 3.13894 3.037686 2.845831 2.654316 2.507198 2.280666 1.887621 0.816505 0.6017527 0.5160707 0.4482426 0.3135136 -9999 -9999 -9999 -9999 -9999 -9999 -9999 -9999 -9999 -9999 -9999 -9999 -9999 -9999 -9999 -9999 -9999 -9999
2.10589 2.092232 1.91859 1.587128 1.363027 1.296925 1.278686 1.236358 1.202812 0.3987577 0.3894642 0.3774743 0.3774743 0.3595099 0.3707875 0.3792483 0.3829142 0.3822777 0.3910774 0.4392548 0.5912967 0.6975308 0.7605083 0.8922838 1.488062 2.519467 2.781648 2.88092 2.938421 3.150726 3.340473 3.366806 3.340979 3.317986 3.298446 3.233184 3.135931 2.947028 2.694762 2.557985 2.338539 1.943256 1.112703 0.629975 0.5170975 0.4509972 0.3117127 -9999 -9999 -9999 -9999 -9999 -9999 -9999 -9999 -9999 -9999 -9999 -9999 -9999 -9999 -9999 -9999 -9999 -9999
2.223155 2.21298 2.138033 2.037417 1.89815 1.563006 1.316371 1.23469 1.217503 0.4049595 0.3949962 0.3781403 0.3781403 0.3605069 0.3523589 0.3524018 0.3616551 0.3674572 0.3798413 0.3932036 0.5497745 0.6775777 0.7471638 0.8372132 1.316842 2.251788 2.584581 2.782567 2.871567 2.952343 3.246753 3.33282 3.306288 3.312953 3.265747 3.224511 3.148766 2.93193 2.662653 2.46019 2.17357 1.81378 1.166183 0.6248202 0.530035 0.4647106 0.3144937 -9999 -9999 -9999 -9999 -9999 -9999 -9999 -9999 -9999 -9999 -9999 -9999 -9999 -9999 -9999 -9999 -9999 -9999
2.345727 2.345223 2.261213 2.234279 2.131823 1.976911 1.636953 1.331584 1.226854 1.197091 0.3854454 0.3740678 0.3740678 0.3561707 0.3500399 0.3406417 0.3380286 0.344034 0.3582595 0.3669241 0.4969694 0.6086288 0.6614872 0.7060206 0.9987227 1.758894 2.442798 2.683869 2.718962 2.834253 3.172429 3.278928 3.357754 3.323917 3.25278 3.216716 3.123712 2.877418 2.560752 2.320335 2.120045 1.785697 1.053917 0.6026083 0.5125946 0.4063111 0.2928772 -9999 -9999 -9999 -9999 -9999 -9999 -9999 -9999 -9999 -9999 -9999 -9999 -9999 -9999 -9999 -9999 -9999 -9999
2.782223 2.599261 2.389395 2.353987 2.282469 2.169707 1.994601 1.656081 1.321925 1.183637 1.135273 0.3640959 0.3640959 0.3521727 0.3400586 0.3096764 0.3110251 0.306599 0.3024301 0.3093623 0.3718146 0.4792448 0.5566429 0.5988373 0.7448867 1.29355 2.26913 2.539316 2.553744 2.697729 2.983088 3.203417 3.325403 3.305324 3.230651 3.152946 3.000172 2.726325 2.433245 2.231471 2.038504 1.672944 0.7786207 0.5265121 0.4530225 0.3440602 0.2486831 -9999 -9999 -9999 -9999 -9999 -9999 -9999 -9999 -9999 -9999 -9999 -9999 -9999 -9999 -9999 -9999 -9999 -9999
4.971777 4.60904 3.74147 2.819453 2.432229 2.279114 2.161128 1.959336 1.597783 1.251774 1.129628 0.3584418 0.3584418 0.3303888 0.2972915 0.2811477 0.2767 0.2676473 0.2624357 0.2700547 0.2949264 0.3859794 0.4638173 0.4935198 0.570866 1.005272 2.01009 2.370121 2.460755 2.530062 2.743047 3.049625 3.222368 3.221251 3.164996 3.043411 2.812772 2.548578 2.355148 2.185172 1.904407 1.506377 0.638077 0.4829916 0.4170676 0.3179629 0.2189177 -9999 -9999 -9999 -9999 -9999 -9999 -9999 -9999 -9999 -9999 -9999 -9999 -9999 -9999 -9999 -9999 -9999 -9999
6.436742 5.874028 5.30162 4.417189 3.04634 2.398534 2.220494 2.092118 1.856226 1.466315 1.122384 1.007235 1.007235 0.2978697 0.2754975 0.2687474 0.2593669 0.2512073 0.246378 0.2444297 0.2417597 0.3032938 0.3625306 0.3816105 0.4220951 0.6854494 1.439253 2.089884 2.36707 2.450793 2.495335 2.771277 2.948822 2.94964 2.901462 2.814816 2.642766 2.432821 2.255742 2.067339 1.755237 1.206892 0.5431743 0.4533472 0.3943439 0.2995292 0.2012683 -9999 -9999 -9999 -9999 -9999 -9999 -9999 -9999 -9999 -9999 -9999 -9999 -9999 -9999 -9999 -9999 -9999 -9999
6.918636 6.5887 6.218395 5.625111 4.399681 3.017703 2.31528 2.127298 1.976766 1.623184 1.127066 0.925612 0.925612 0.846403 0.2758276 0.2585578 0.2417885 0.247393 0.2367509 0.2179322 0.2079258 0.2404272 0.2909587 0.3225488 0.3447564 0.4500321 0.8607945 1.683069 2.099485 2.334086 2.355249 2.53832 2.697443 2.731421 2.698154 2.632149 2.514323 2.343212 2.143533 1.904276 1.518301 0.8305688 0.4935024 -9999 -9999 -9999 -9999 -9999 -9999 -9999 -9999 -9999 -9999 -9999 -9999 -9999 -9999 -9999 -9999 -9999 -9999 -9999 -9999 -9999 -9999
7.023227 6.919183 6.609444 6.10736 5.464428 4.023394 2.686322 2.109389 1.900765 1.570529 1.162772 0.8866307 0.8866307 0.8491201 0.821382 0.2521391 0.2328703 0.2403682 0.2208064 0.2011512 0.1958733 0.2038637 0.2493441 0.2999894 0.3204963 0.3557161 0.5106227 1.061726 1.689626 2.02429 2.202618 2.372638 2.517602 2.58647 2.597322 2.536116 2.393831 2.206109 1.977736 1.606806 1.03937 0.5942974 0.4935024 -9999 -9999 -9999 -9999 -9999 -9999 -9999 -9999 -9999 -9999 -9999 -9999 -9999 -9999 -9999 -9999 -9999 -9999 -9999 -9999 -9999 -9999
7.175508 6.920357 6.77742 6.426138 5.795819 4.861495 3.209797 2.045084 1.710517 1.481107 1.225731 0.8882419 0.8882419 0.8511125 0.8050161 0.2495648 0.2359122 0.231301 0.2047625 0.1956521 0.1923219 0.1874397 0.2153457 0.2691049 0.3043962 0.3234195 0.3702757 0.5439165 1.105901 1.505121 1.882697 2.162869 2.289378 2.367821 2.437876 2.406614 2.219516 1.924317 1.563451 1.103179 0.6157247 0.5204633 0.5349918 -9999 -9999 -9999 -9999 -9999 -9999 -9999 -9999 -9999 -9999 -9999 -9999 -9999 -9999 -9999 -9999 -9999 -9999 -9999 -9999 -9999 -9999
7.474937 7.166493 6.86167 6.612889 6.035427 5.376043 3.529838 1.970725 1.588325 1.496812 1.274996 0.9202626 0.9202626 0.8417627 0.7938156 0.7294327 0.2341052 0.226149 0.1901681 0.1919764 0.1867217 0.1828238 0.1828238 0.2276829 0.2790568 0.3057804 0.3400597 0.4231339 0.547925 0.9048316 1.293304 1.63379 1.835149 1.980804 2.059954 1.966157 1.726435 1.378173 0.9644288 0.6673984 0.5478784 0.4893938 0.4916633 -9999 -9999 -9999 -9999 -9999 -9999 -9999 -9999 -9999 -9999 -9999 -9999 -9999 -9999 -9999 -9999 -9999 -9999 -9999 -9999 -9999 -9999
7.600238 7.536714 6.944099 6.609172 6.318541 5.727251 3.760601 2.052111 1.576104 1.466323 1.272537 0.9787465 0.9787465 0.8274449 0.7741996 0.7162225 0.6860676 -9999 -9999 -9999 -9999 -9999 -9999 0.1911411 0.2298304 0.2856949 0.3288591 0.3885166 0.4335061 0.4630228 0.587245 0.7900106 1.136049 1.372391 1.393705 1.173817 0.9301433 0.7612523 0.6233059 0.5937673 0.547192 0.4909472 0.510831 0.3259473 0.2164257 0.1930512 0.1809802 -9999 -9999 -9999 -9999 -9999 -9999 -9999 -9999 -9999 -9999 -9999 -9999 -9999 -9999 -9999 0.1143065 0.1136143 0.2255693
