AppendixA/HikerMovements/data/dist_fassa_1000.asc
ncols 271
nrows 294
xllcorner 698225
yllcorner 5141858
cellsize 30.00
nodata_value  546.543
[rows 145 to 173 of 294, columns 0 to 66 of 271]
77.1010 74.1970 71.2930 68.3890 65.4850 62.5810 59.6770 56.7730 53.8690 50.9650 48.0610 45.1570 42.2530 39.3490 36.4450 33.5410 30.6370 27.7330 24.8290 21.9250 19.0210 17.8600 17.8710 17.9000 15.0370 17.9410 20.8450 23.7490 26.6530 29.5570 32.4610 35.3650 38.2690 41.1730 44.0770 46.9810 49.8850 52.7890 55.6930 58.5970 61.5010 64.4050 67.3090 70.2130 73.1170 76.0210 78.9250 81.8290 84.7330 87.6370 90.5410 93.4450 96.3490 99.2530 102.157 105.061 107.965 110.869 113.773 115.004 116.166 117.327 118.489 119.651 120.812 121.974 123.135
75.9400 73.0360 70.1320 67.2280 64.3240 61.4200 58.5160 55.6120 52.7080 49.8040 46.9000 43.9960 41.0920 38.1880 35.2840 32.3800 29.4760 26.5720 23.6680 20.7640 17.8600 14.9560 14.9670 14.9960 17.9000 19.1030 22.0070 24.9110 27.8150 30.7190 33.6230 36.5270 39.4310 42.3350 45.2390 48.1430 51.0470 53.9510 56.8550 59.7590 62.6630 65.5670 68.4710 71.3750 74.2790 77.1830 80.0870 82.9910 85.8950 88.7990 91.7030 94.6070 97.5110 100.415 103.319 106.223 108.615 109.777 110.939 112.100 113.262 114.423 115.585 116.747 117.908 119.070 121.933
75.9110 73.0070 70.1030 67.1990 64.2950 61.3910 58.4870 55.5830 52.6790 49.7750 46.8710 43.9670 41.0630 38.1590 35.2550 32.3510 29.4470 26.5430 23.6390 20.7350 17.8310 14.9270 17.8310 17.9000 19.0620 21.9660 23.1680 26.0720 28.9760 31.8800 34.7840 37.6880 40.5920 43.4960 46.4000 49.3040 52.2080 55.1120 58.0160 60.9200 63.8240 66.7280 69.6320 72.5360 75.4400 78.3440 81.2480 84.1520 87.0560 89.9600 92.8640 95.7680 98.6720 101.576 103.388 104.550 105.711 106.873 108.035 109.196 110.358 111.519 112.681 113.843 115.004 117.868 119.029
75.8820 72.9780 70.0740 67.1700 64.2660 61.3620 58.4580 55.5540 52.6500 49.7460 46.8420 43.9380 41.0340 38.1300 35.2260 32.3220 29.4180 26.5140 23.6100 20.7060 17.8020 14.8980 17.7610 18.9220 21.7860 22.9470 25.8510 27.2340 30.1380 33.0420 35.9460 38.8500 41.7540 44.6580 47.5620 50.4660 53.3700 56.2740 59.1780 62.0820 64.9860 67.8900 70.7940 73.6980 76.6020 79.5060 82.4100 85.3140 88.2180 91.1220 94.0260 96.9300 98.1610 99.3230 100.484 101.646 102.807 103.969 105.131 106.292 107.454 108.615 109.777 110.939 113.802 114.964 117.868
75.6380 72.7340 69.8300 66.9260 64.0220 61.1180 58.2140 55.3100 52.4060 49.5020 46.5980 43.6940 40.7900 37.8860 34.9820 33.4830 30.5790 27.6750 24.7710 21.8670 18.9630 17.7610 14.8570 17.7200 18.8820 21.7860 24.6900 27.5940 30.4980 33.4020 36.3060 39.2100 42.1140 45.0180 47.9220 50.8260 53.7300 56.6340 59.5380 62.4420 65.3460 68.2500 71.1540 74.0580 76.9620 79.8660 82.7700 85.6740 88.5780 91.4820 92.9340 94.0950 95.2570 96.4190 97.5800 98.7420 99.9030 101.065 102.227 103.388 104.550 105.711 106.873 109.736 110.898 113.802 116.706
74.4760 71.5720 68.6680 65.7640 62.8600 59.9560 57.0520 54.1480 51.2440 48.3400 45.4360 42.5320 39.6280 36.7240 33.8200 30.9160 29.7540 26.8910 25.7290 22.8660 20.6360 17.7320 14.8280 14.8160 17.7200 20.6240 23.5280 26.4320 29.3360 32.2400 35.1440 38.0480 40.9520 43.8560 46.7600 49.6640 52.5680 55.4720 58.3760 61.2800 64.1840 67.0880 69.9920 72.8960 75.8000 78.7040 81.6080 84.5120 87.4160 88.8680 90.0300 91.1910 92.3530 93.5150 94.6760 95.8380 96.9990 98.1610 99.3230 100.484 101.646 102.807 105.671 106.832 109.736 112.640 114.894
73.3140 70.4100 67.5060 64.6020 61.6980 58.7940 55.8900 52.9860 50.0820 47.1780 44.2740 41.3700 38.4660 35.5620 32.6580 29.7540 26.8500 25.6890 22.8250 21.6640 18.8000 17.6390 17.6510 14.7870 17.6910 20.5950 23.4990 26.4030 29.3070 32.2110 35.1150 38.0190 40.9230 43.8270 46.7310 49.6350 52.5390 55.4430 58.3470 61.2510 64.1550 67.0590 69.9630 72.8670 75.7710 78.6750 81.5790 83.6410 84.8030 85.9640 87.1260 88.2870 89.4490 90.6110 91.7720 92.9340 94.0950 95.2570 96.4190 97.5800 98.7420 101.605 102.767 105.671 108.575 110.828 113.732
72.1530 69.2490 66.3450 63.4410 60.5370 57.6330 54.7290 51.8250 48.9210 46.0170 43.1130 40.2090 37.3050 34.4010 31.4970 28.5930 25.6890 22.7850 21.6230 18.7600 17.5980 14.7350 14.7470 14.7760 17.6800 20.5840 23.4880 26.3920 29.2960 32.2000 35.1040 38.0080 40.9120 43.8160 46.7200 49.6240 52.5280 55.4320 58.3360 61.2400 64.1440 67.0480 69.9520 72.8560 75.7600 78.4140 79.5750 80.7370 81.8990 83.0600 84.2220 85.3830 86.5450 87.7070 88.8680 90.0300 91.1910 92.3530 93.5150 94.6760 97.5400 98.7010 101.605 104.509 106.763 109.667 112.472
70.9910 68.0870 65.1830 62.2790 59.3750 56.4710 53.5670 50.6630 47.7590 44.8550 41.9510 39.0470 36.1430 33.2390 30.3350 27.4310 24.5270 21.6230 18.7190 17.5580 14.6940 14.7060 17.6100 17.6800 18.8410 21.7450 24.6490 27.5530 30.4570 33.3610 36.2650 39.1690 42.0730 44.9770 47.8810 50.7850 53.6890 56.5930 59.4970 62.4010 65.3050 68.2090 71.1130 73.1870 74.3480 75.5100 76.6710 77.8330 78.9950 80.1560 81.3180 82.4790 83.6410 84.8030 85.9640 87.1260 88.2870 89.4490 90.6110 93.4740 94.6360 97.5400 100.444 102.697 105.601 108.406 109.568
69.8300 66.9260 64.0220 61.1180 58.2140 55.3100 52.4060 49.5020 46.5980 43.6940 40.7900 37.8860 34.9820 32.0780 29.1740 26.2700 23.3660 20.4620 17.5580 14.6540 14.6650 17.5690 18.7710 20.5840 21.7450 22.9070 25.8110 28.7150 31.6190 34.5230 37.4270 40.3310 43.2350 46.1390 49.0430 51.9470 54.8510 57.7550 60.6590 63.5630 66.4670 67.9590 69.1210 70.2830 71.4440 72.6060 73.7670 74.9290 76.0910 77.2520 78.4140 79.5750 80.7370 81.8990 83.0600 84.2220 85.3830 86.5450 89.4080 90.5700 93.4740 96.3780 98.6310 101.535 104.341 105.502 106.664
69.8010 66.8970 63.9930 61.0890 58.1850 55.2810 52.3770 49.4730 46.5690 43.6650 40.7610 37.8570 34.9530 32.0490 29.1450 26.2410 23.3370 20.4330 17.5290 14.6250 17.5290 18.7310 21.6350 22.8370 24.6490 25.8110 26.9720 29.8760 32.7800 35.6840 38.5880 41.4920 44.3960 47.3000 50.2040 53.1080 56.0120 58.9160 61.8200 62.7320 63.8940 65.0550 66.2170 67.3790 68.5400 69.7020 70.8630 72.0250 73.1870 74.3480 75.5100 76.6710 77.8330 78.9950 80.1560 81.3180 82.4790 85.3430 86.5040 89.4080 92.3120 94.5660 97.4700 100.275 101.437 102.598 105.462
69.1210 66.2170 63.3130 60.4090 57.5050 54.6010 51.6970 48.7930 45.8890 42.9850 40.0810 37.1770 34.2730 31.3690 28.4650 25.5610 22.6570 20.4040 17.5000 14.5960 17.5000 20.4040 22.7960 25.7000 26.9030 28.7150 29.8760 31.0380 33.9420 36.8460 39.7500 42.6540 45.5580 48.4620 51.3660 54.2700 57.1740 59.8860 59.8570 59.8280 60.9900 62.1510 63.3130 64.4750 65.6360 66.7980 67.9590 69.1210 70.2830 71.4440 72.6060 73.7670 74.9290 76.0910 77.2520 78.4140 81.2770 82.4390 85.3430 88.2470 90.5000 93.4040 96.2100 97.3710 98.5330 101.396 102.558
67.9590 65.0550 62.1510 59.2470 56.3430 53.4390 50.5350 47.6310 44.7270 41.8230 38.9190 36.0150 33.1110 30.2070 27.3030 24.3990 21.4950 18.5910 17.4300 14.5660 17.4700 20.3740 23.2780 26.1820 28.3310 29.4930 30.6550 33.5590 35.1040 37.5430 38.7050 41.6090 44.5130 47.4170 50.3210 53.2250 56.1290 56.9820 56.9530 56.9240 58.0860 59.2470 60.4090 61.5710 62.7320 63.8940 65.0550 66.2170 67.3790 68.5400 69.7020 70.8630 72.0250 73.1870 74.3480 77.2120 78.3730 81.2770 84.1810 86.4350 89.3390 92.1440 93.3060 94.4670 97.3300 98.4920 101.355
66.7980 63.8940 60.9900 58.0860 55.1820 52.2780 49.3740 46.4700 43.5660 40.6620 37.7580 34.8540 31.9500 29.0460 26.1420 23.2380 20.3340 17.4300 14.5260 17.3890 18.5510 21.4140 22.5760 24.2660 25.4270 26.5890 29.4930 32.3160 33.4770 34.6390 37.5430 40.4470 43.3510 46.2550 49.1590 52.0630 54.9670 54.0780 54.0490 54.0200 55.1820 56.3430 57.5050 58.6670 59.8280 60.9900 62.1510 63.3130 64.4750 65.6360 66.7980 67.9590 69.1210 70.2830 73.1460 74.3080 77.2120 80.1160 82.3690 85.2730 88.0780 89.2400 90.4020 93.2650 94.4260 97.2900 98.4510
66.7860 63.8820 60.9780 58.0740 55.1700 52.2660 49.3620 46.4580 43.5540 40.6500 37.7460 34.8420 31.9380 29.0340 26.1300 23.2260 20.3220 17.4180 14.5140 14.4850 17.3480 18.5100 20.2000 21.3620 22.5230 25.4270 28.2500 29.4120 30.5730 33.4770 36.3810 39.2850 42.1890 45.0930 47.9970 50.9010 52.3360 51.1740 51.1450 51.1160 52.2780 53.4390 54.6010 55.7630 56.9240 58.0860 59.2470 60.4090 61.5710 62.7320 63.8940 65.0550 66.2170 69.0800 70.2420 73.1460 76.0500 78.3030 81.2070 84.0130 85.1740 86.3360 89.1990 90.3610 93.2240 94.3860 97.2490
67.9480 65.0440 62.1400 59.2360 56.3320 53.4280 50.5240 47.6200 44.7160 41.8120 38.9080 36.0040 33.1000 30.1960 27.2920 24.3880 21.4840 18.5800 17.3780 14.4740 14.4440 17.3080 17.2960 18.4580 21.3620 24.1850 25.3460 26.5080 29.4120 32.3160 35.2200 38.1240 41.0280 43.9320 46.8360 49.7400 49.4320 48.2700 48.2410 48.2120 49.3740 50.5350 51.6970 52.8590 54.0200 55.1820 56.3430 57.5050 58.6670 59.8280 60.9900 62.1510 65.0150 66.1760 69.0800 71.9840 74.2380 77.1420 79.9470 81.1090 82.2700 85.1340 86.2950 89.1590 90.3200 93.1840 94.3450
69.1090 66.2050 63.3010 60.3970 57.4930 54.5890 51.6850 48.7810 45.8770 42.9730 40.0690 37.1650 34.2610 31.3570 28.4530 25.5490 22.6450 21.4430 18.5390 17.3780 17.3080 14.4040 14.3920 17.2960 20.1190 21.2810 22.4420 25.3460 28.2500 31.1540 34.0580 36.9620 39.8660 42.7700 45.6740 47.6890 46.5280 45.3660 45.3370 45.3080 46.4700 47.6310 48.7930 49.9550 51.1160 52.2780 53.4390 54.6010 55.7630 56.9240 58.0860 60.9490 62.1110 65.0150 67.9190 70.1720 73.0760 75.8820 77.0430 78.2050 81.0680 82.2300 85.0930 86.2550 89.1180 90.2800 93.1840
70.2710 67.3670 64.4630 61.5590 58.6550 55.7510 52.8470 49.9430 47.0390 44.1350 41.2310 38.3270 35.4230 32.5190 29.6150 26.7110 25.5090 22.6050 21.4430 20.2820 18.4690 17.2670 14.3630 17.2270 17.2150 18.3770 21.2810 24.1850 27.0890 29.9930 32.8970 35.8010 38.7050 41.6090 44.5130 44.7850 43.6240 42.4620 42.4330 42.4040 43.5660 44.7270 45.8890 47.0510 48.2120 49.3740 50.5350 51.6970 52.8590 54.0200 56.8840 58.0450 60.9490 63.8530 66.1070 69.0110 71.8160 72.9780 74.1390 77.0020 78.1640 81.0270 82.1890 85.0520 86.2140 89.1180 92.0220
71.4330 68.5290 65.6250 62.7210 59.8170 56.9130 54.0090 51.1050 48.2010 45.2970 42.3930 39.4890 36.5850 33.6810 30.7770 29.5740 26.6700 25.5090 24.3470 22.5350 21.3330 18.4290 17.2270 14.3230 14.3110 17.2150 20.1190 23.0230 25.9270 28.8310 31.7350 34.6390 37.5430 40.4470 43.0430 41.8810 40.7200 39.5580 39.5290 39.5000 40.6620 41.8230 42.9850 44.1470 45.3080 46.4700 47.6310 48.7930 49.9550 52.8180 53.9800 56.8840 59.7880 62.0410 64.9450 67.7500 68.9120 70.0740 72.9370 74.0980 76.9620 78.1230 80.9870 82.1480 85.0520 87.9560 90.2100
72.5940 69.6900 66.7860 63.8820 60.9780 58.0740 55.1700 52.2660 49.3620 46.4580 43.5540 40.6500 37.7460 34.8420 33.6400 30.7360 29.5740 28.4130 26.6010 25.3980 22.4940 21.2110 18.3070 17.1450 14.2820 17.1860 20.0900 22.9940 25.8980 28.8020 31.7060 34.6100 37.5140 40.4180 40.1390 38.9770 37.8160 36.6540 36.6250 36.5960 37.7580 38.9190 40.0810 41.2430 42.4040 43.5660 44.7270 45.8890 48.7520 49.9140 52.8180 55.7220 57.9750 60.8790 63.6850 64.8460 66.0080 68.8710 70.0330 72.8960 74.0580 76.9210 78.0830 80.9870 83.8910 86.1440 89.0480
73.7560 70.8520 67.9480 65.0440 62.1400 59.2360 56.3320 53.4280 50.5240 47.6200 44.7160 41.8120 38.9080 37.7060 34.8020 33.6400 32.4780 30.6660 28.7610 25.8570 22.9530 20.0490 17.1450 14.2410 14.2530 17.1570 20.0610 22.9650 25.8690 28.7730 31.6770 34.5810 37.4850 38.3970 37.2350 36.0730 34.9120 33.7500 33.7210 33.6920 34.8540 36.0150 37.1770 38.3390 39.5000 40.6620 41.8230 44.6870 45.8480 48.7520 51.6560 53.9100 56.8140 59.6190 60.7810 61.9420 64.8060 65.9670 68.8310 69.9920 72.8560 74.0170 76.9210 79.8250 82.0790 84.9830 87.8870
74.9170 72.0130 69.1090 66.2050 63.3010 60.3970 57.4930 54.5890 51.6850 48.7810 45.8770 42.9730 41.7710 38.8670 37.7060 36.5440 34.5400 31.6360 28.7320 25.8280 22.9240 20.0200 17.1160 14.2120 17.1160 18.3180 21.2220 24.1260 27.0300 29.9340 32.8380 35.7420 36.6540 35.4930 34.3310 33.1690 32.0080 30.8460 30.8170 30.7880 31.9500 33.1110 34.2730 35.4350 36.5960 37.7580 40.6210 41.7830 44.6870 47.5910 49.8440 52.7480 55.5540 56.7150 57.8770 60.7400 61.9020 64.7650 65.9270 68.7900 69.9520 72.8560 75.7600 78.0130 80.9170 83.8210 86.7250
76.0790 73.1750 70.2710 67.3670 64.4630 61.5590 58.6550 55.7510 52.8470 49.9430 47.0390 45.8370 42.9330 41.7710 39.6690 36.7650 33.8610 30.9570 28.0530 25.1490 22.2450 19.9910 17.0870 14.1830 17.0870 19.9910 22.3840 25.2880 28.1920 31.0960 34.0000 35.5620 33.7500 32.5890 31.4270 30.2650 29.1040 27.9420 27.9130 27.8840 29.0460 30.2070 31.3690 32.5310 33.6920 36.5560 37.7170 40.6210 43.5250 45.7790 48.6830 51.4880 52.6500 53.8110 56.6740 57.8360 60.6990 61.8610 64.7240 65.8860 68.7900 71.6940 73.9470 76.8510 79.7550 82.6590 85.5630
77.2410 74.3370 71.4330 68.5290 65.6250 62.7210 59.8170 56.9130 54.0090 51.1050 49.9020 46.9980 44.3150 41.4110 38.5070 35.6030 32.6990 29.7950 26.8910 23.9870 21.0830 18.1790 17.0170 14.1540 17.0580 19.9620 22.8660 25.7700 28.6740 31.5780 33.8200 32.6580 31.4970 29.6850 28.5230 27.3610 26.2000 25.0380 25.0090 24.9800 26.1420 27.3030 28.4650 29.6270 32.4900 33.6520 36.5560 39.4600 41.7130 44.6170 47.4220 48.5840 49.7460 52.6090 53.7700 56.6340 57.7950 60.6590 61.8200 64.7240 67.6280 69.8820 72.7860 75.6900 78.5940 81.4980 84.4020
78.0010 75.0970 72.1930 69.2890 66.3850 63.4810 60.5770 57.6730 54.7690 51.8650 48.9610 46.0570 43.1530 40.2490 37.3450 34.4410 31.5370 28.6330 25.7290 22.8250 19.9210 17.0170 14.1130 14.1250 17.0290 19.9330 22.8370 25.7410 28.6450 31.5490 31.5660 29.7540 28.5930 27.4310 25.6190 24.4570 23.2960 22.1340 22.1050 22.0760 23.2380 24.3990 25.5610 28.4240 29.5860 32.4900 35.3940 37.6470 40.5510 43.3570 44.5180 45.6800 48.5430 49.7050 52.5680 53.7300 56.5930 57.7550 60.6590 63.5630 65.8160 68.7200 71.6240 74.5280 77.4320 80.3360 83.2400
77.9720 75.0680 72.1640 69.2600 66.3560 63.4520 60.5480 57.6440 54.7400 51.8360 48.9320 46.0280 43.1240 40.2200 37.3160 34.4120 31.5080 28.6040 25.7000 22.7960 19.8920 16.9880 14.0840 16.9880 18.1910 21.0950 23.9990 26.9030 29.8070 29.8240 28.6620 27.5010 25.6890 24.5270 23.3660 21.5530 20.3920 19.2300 19.2010 19.1720 20.3340 21.4950 24.3590 25.5200 28.4240 31.3280 33.5820 36.4860 39.2910 40.4530 41.6140 44.4780 45.6390 48.5030 49.6640 52.5280 53.6890 56.5930 59.4970 61.7510 64.6550 67.5590 70.4630 73.3670 76.2710 79.1750 82.0790
77.9430 75.0390 72.1350 69.2310 66.3270 63.4230 60.5190 57.6150 54.7110 51.8070 48.9030 45.9990 43.0950 40.1910 37.2870 34.3830 31.4790 28.5750 25.6710 22.7670 19.8630 16.9590 14.0550 16.9590 19.8630 22.2560 25.1600 28.0640 29.3830 28.2210 25.7580 24.5970 23.4350 21.6230 20.4620 19.3000 17.4880 16.3260 16.2970 16.2680 17.4300 20.2930 21.4550 24.3590 27.2630 29.5160 32.4200 35.2260 36.3870 37.5490 40.4120 41.5740 44.4370 45.5990 48.4620 49.6240 52.5280 55.4320 57.6850 60.5890 63.4930 66.3970 69.3010 72.2050 75.1090 78.0130 80.9170
77.9140 75.0100 72.1060 69.2020 66.2980 63.3940 60.4900 57.5860 54.6820 51.7780 48.8740 45.9700 43.0660 40.1620 37.2580 34.3540 31.4500 28.5460 25.6420 22.7380 19.8340 16.9300 14.0260 16.9300 19.8340 22.7380 25.6420 27.6400 26.4790 25.3170 24.5970 21.6930 20.5310 19.3700 17.5580 16.3960 16.3260 13.4220 13.3930 13.3640 16.2280 17.3890 20.2930 23.1970 25.4510 28.3550 31.1600 32.3220 33.4830 36.3460 37.5080 40.3710 41.5330 44.3960 45.5580 48.4620 51.3660 53.6190 56.5230 59.4270 62.3310 65.2350 68.1390 71.0430 73.9470 76.8510 79.7550
77.8850 74.9810 72.0770 69.1730 66.2690 63.3650 60.4610 57.5570 54.6530 51.7490 48.8450 45.9410 43.0370 40.1330 37.2290 34.3250 31.4210 28.5170 25.6130 22.7090 19.8050 16.9010 13.9970 16.9010 19.8050 22.0590 24.9630 24.7360 23.5750 22.4130 21.7340 20.5310 17.6270 16.4660 16.3960 13.4920 13.4630 16.3260 16.2970 16.2280 13.3240 16.2280 19.1320 21.3850 24.2890 27.0940 28.2560 29.4180 32.2810 33.4420 36.3060 37.4670 40.3310 41.4920 44.3960 47.3000 49.5540 52.4580 55.3620 58.2660 61.1700 64.0740 66.9780 69.8820 72.7860 75.6900 78.5940
