AppendixA/HikerMovements/data/dist_principe_1000.asc
ncols 271
nrows 294
xllcorner 698225
yllcorner 5141858
cellsize 30.00
nodata_value  228.218
[rows 87 to 115 of 294, columns 0 to 66 of 271]
12.1450 13.3060 16.1690 17.1920 16.0300 14.8680 14.8390 14.8100 12.9980 11.7960 8.89200 8.88000 8.86900 11.7730 12.9750 15.8790 18.7830 21.6870 24.5910 27.4950 30.3990 33.3030 36.2070 39.1110 42.0150 44.9190 47.8230 49.1590 52.0220 53.1840 56.0470 57.2090 58.8820 60.0430 61.2050 64.0680 65.2300 65.8860 65.8570 67.0190 68.1800 69.2200 68.0580 66.8970 65.7350 65.7470 65.7760 65.8160 62.9120 60.0080 57.1040 54.2000 51.2960 48.3920 45.4880 42.5840 39.6800 36.7760 33.8720 30.9680 28.0640 25.1600 22.2560 19.3520 16.4480 14.1720 11.2680
15.0490 16.2100 17.3720 20.0960 18.9340 17.7720 17.7430 17.0640 15.8620 12.9580 11.7550 8.85100 8.84000 11.7440 14.6480 17.0410 19.9450 22.8490 25.7530 28.6570 31.5610 34.4650 37.0430 39.9070 41.0680 43.9320 45.0930 47.9570 49.1180 51.9820 53.1430 54.8160 55.9780 57.1390 60.0020 61.1640 63.0110 62.9820 62.9530 64.1150 65.2760 66.3160 65.1540 63.9930 62.8310 62.8430 62.8720 64.0330 61.7510 58.8470 55.9430 53.0390 50.1350 47.2310 44.3270 41.4230 38.5190 35.6150 32.7110 29.8070 26.9030 23.9990 21.0950 18.1910 15.2870 12.3830 11.2210
17.9530 19.1140 20.2760 21.4370 21.8380 20.6760 20.6470 19.8110 16.9070 14.6300 11.7260 8.82200 8.81100 11.7150 14.6190 17.5230 20.4270 23.3310 26.2350 28.9530 31.8160 32.9780 35.8410 37.0030 39.8660 41.0280 43.8910 45.0530 47.9160 49.0780 50.7500 51.9120 53.0740 55.9370 57.0980 59.9620 60.1070 60.0780 60.0490 61.2110 62.3720 63.4120 62.2500 61.0890 59.9270 59.9390 59.9680 61.1290 60.5890 57.6850 54.7810 51.8770 48.9730 46.0690 43.1650 40.2610 37.3570 34.4530 31.5490 28.6450 25.7410 22.8370 19.9330 17.0290 14.1250 11.2210 8.31700
20.8570 22.0180 23.1800 24.3410 23.9350 21.0310 19.8690 18.6490 15.7450 12.8410 11.6800 8.79300 8.78200 11.6860 14.5900 17.4940 20.3980 23.3020 24.8870 27.7510 28.9120 31.7760 32.9370 35.8010 36.9620 39.8250 40.9870 43.8500 45.0120 46.6850 47.8460 49.0080 51.8710 53.0330 55.8960 57.0580 57.2030 57.1740 57.1450 58.3070 59.4680 60.5080 59.3460 58.1850 57.0230 57.0350 57.0640 58.2250 59.3870 57.6560 54.7520 51.8480 48.9440 46.0400 43.1360 40.2320 37.3280 34.4240 31.5200 28.6160 25.7120 22.8080 19.9040 17.0000 14.0960 11.1920 8.28800
23.7610 24.9220 26.0840 23.9750 21.0710 19.8690 16.9650 15.8040 14.5840 11.6800 8.77600 8.76400 8.75300 11.6570 14.5610 17.4650 19.6600 20.8220 23.6850 24.8470 27.7100 28.8720 31.7350 32.8970 35.7600 36.9210 39.7850 40.9460 42.6190 43.7810 44.9420 47.8060 48.9670 51.8310 52.9920 54.3280 54.2990 54.2700 54.2410 55.4030 56.5640 57.6040 56.4420 55.2810 54.1190 54.1310 54.1600 55.3210 56.4830 57.6440 55.9140 53.0100 50.1060 47.2020 44.2980 41.3940 38.4900 35.5860 32.6820 29.7780 26.8740 23.9700 21.0660 18.1620 15.2580 12.3540 11.1510
26.6650 27.8260 25.7180 22.8140 19.9100 17.0060 15.8040 12.9000 11.7380 11.6680 8.76400 8.73500 8.72400 11.6280 14.4330 15.5940 16.7560 19.6190 20.7810 23.6440 24.8060 27.6690 28.8310 31.6940 32.8560 35.7190 36.8810 38.5540 39.7150 40.8770 43.7400 44.9020 47.7650 48.9270 50.5990 51.4240 51.3950 51.3660 51.3370 52.4990 53.6600 54.7000 53.5380 52.3770 51.2150 51.2270 51.2560 52.4170 53.5790 54.7400 55.5070 52.6030 49.9950 47.0910 44.1870 41.2830 38.3790 35.4750 32.5710 29.6670 26.7630 23.8590 20.9550 18.0510 15.1470 12.2430 11.0820
28.1920 27.0300 24.5560 21.6520 18.7480 15.8440 12.9400 11.7380 8.83400 8.80500 11.6280 8.72400 8.69500 11.5580 11.5290 12.6900 15.5540 16.7150 19.5790 20.7400 23.6040 24.7650 27.6290 28.7900 31.6540 32.8150 34.4880 35.6500 36.8110 39.6740 40.8360 43.6990 44.8610 46.5340 47.6950 48.5200 48.4910 48.4620 48.4330 49.5950 50.7560 51.7960 50.6340 49.4730 48.3110 48.3230 48.3520 49.5130 50.6750 51.8360 52.9980 51.4410 48.5370 45.9300 43.0260 40.1220 37.2180 34.3140 31.4100 28.5060 25.6020 22.6980 19.7940 16.8900 13.9860 11.0820 8.17800
25.2880 24.1260 22.9650 20.4910 17.5870 14.6830 11.7790 8.87500 8.84600 11.6680 8.76400 8.73500 11.5580 8.65400 8.62500 11.4880 12.6500 15.5130 16.6750 19.5380 20.7000 23.5630 24.7250 27.5880 28.7500 30.4220 31.5840 32.7460 35.6090 36.7700 39.6340 40.7950 42.4680 43.6300 44.7910 45.6160 45.5870 45.5580 45.5290 46.6910 47.8520 48.8920 47.7300 46.5690 45.4070 45.4190 45.4480 46.6090 47.7710 48.9320 50.0940 50.2800 47.3760 44.4720 42.9970 40.0930 37.1890 34.2850 31.3810 28.4770 25.5730 22.6690 19.7650 16.8610 13.9570 11.0530 8.14900
24.1260 21.2220 20.0610 18.8990 17.0870 14.6940 11.7900 8.88600 11.7090 8.80500 8.77600 11.6390 12.7200 11.5580 11.4880 8.58400 11.4480 12.6090 15.4730 16.6340 19.4970 20.6590 23.5220 24.6840 26.3570 27.5180 28.6800 31.5430 32.7050 35.5680 36.7300 38.4020 39.5640 40.7260 42.2300 42.7120 42.6830 42.6540 42.6250 43.7870 44.9480 45.9880 44.8260 43.6650 42.5030 42.5150 42.5440 43.7050 44.8670 46.0280 47.1900 48.3520 46.2140 43.3100 40.4060 39.2450 37.1600 34.2560 31.3520 28.4480 25.5440 22.6400 19.7360 16.8320 13.9280 11.0240 8.12000
21.2630 20.0610 17.1570 15.9950 14.8340 13.0220 11.8190 8.91500 11.7210 8.81700 8.80500 11.7090 14.6130 14.3810 11.4770 8.57300 8.54400 11.4070 12.5690 15.4320 16.5930 19.4570 20.6180 22.2910 23.4530 24.6140 27.4780 28.6390 31.5030 32.6640 34.3370 35.4980 36.6600 38.1640 39.3260 39.8080 39.7790 39.7500 39.7210 40.8830 42.0440 43.0840 41.9220 40.7610 39.5990 39.6110 39.6400 40.8010 41.9630 43.1240 44.2860 45.4480 45.0530 42.1490 39.2450 36.3410 35.1790 34.0170 32.5130 29.6090 26.7050 23.8010 20.8970 17.9930 15.0890 12.1850 10.9830
20.1010 17.1970 15.9950 13.0910 11.9300 11.8600 8.95600 11.8190 11.7500 8.84600 8.83400 11.7380 14.6420 15.5420 12.6380 11.4360 8.53200 8.50300 11.3660 12.5280 15.3910 16.5530 18.2260 19.3870 20.5490 23.4120 24.5740 27.4370 28.5990 30.2710 31.4330 32.5940 34.0990 35.2600 36.4220 36.9040 36.8750 36.8460 36.8170 37.9790 39.1400 40.1800 39.0180 37.8570 36.6950 36.7070 36.7360 37.8970 39.0590 40.2200 41.3820 42.5440 43.7050 40.9870 38.0830 35.1790 32.2750 31.1130 29.9520 28.7900 27.6290 24.9630 22.0590 19.1550 16.2510 14.9670 12.0630
17.2380 16.0360 13.1320 11.9300 9.02600 8.99700 11.8600 13.0220 11.7790 8.87500 8.86300 11.7670 14.6710 16.7040 15.5020 12.5980 11.4360 11.3660 8.46200 11.3260 12.4870 14.1600 15.3220 16.4830 19.3460 20.5080 23.3710 24.5330 26.2060 27.3670 28.5290 30.2020 31.1950 32.3560 33.5180 34.0000 33.9710 33.9420 33.9130 35.0750 36.2360 37.2760 36.1140 34.9530 33.7910 33.8030 33.8320 34.9930 36.1550 37.3160 38.4780 39.6400 40.8010 39.8250 36.9210 34.0170 31.1130 28.2090 27.0480 25.8860 24.7250 23.5630 21.8670 18.9630 16.0590 13.8060 10.9020
16.0770 13.1730 11.9700 9.06600 9.03700 11.9010 13.0620 14.7120 11.8080 8.90400 8.89200 11.7960 14.7000 17.0930 16.6630 15.5020 14.3400 12.5280 11.3260 8.42200 11.2850 11.2560 12.4180 15.2810 16.4420 19.3060 20.4670 22.1400 23.3020 24.4630 26.1360 27.2980 28.2910 29.4520 30.6140 31.0960 31.0670 31.0380 31.0090 32.1710 33.3320 34.3720 33.2100 32.0490 30.8870 30.8990 30.9280 32.0890 33.2510 34.4120 35.5740 36.7360 37.8970 38.6640 35.7600 32.8560 29.9520 27.0480 24.1440 22.9820 21.8210 20.6590 19.4970 17.8020 14.8980 11.9940 10.8320
13.2130 12.0110 9.10700 9.07800 11.9410 13.1030 15.9660 14.7410 11.8370 8.93300 8.92100 11.8250 13.0270 15.9310 17.1340 18.4060 16.5930 14.2180 11.3140 8.41000 8.38100 8.35200 11.2150 12.3770 15.2400 16.4020 18.0740 19.2360 20.3980 22.0700 23.2320 24.3940 25.3870 26.5480 27.7100 28.1920 28.1630 28.1340 28.1050 29.2670 30.4280 31.4680 30.3060 29.1450 27.9830 27.9950 28.0240 29.1850 30.3470 31.5080 32.6700 33.8320 34.9930 36.1550 34.5980 31.6940 28.7900 25.8860 22.9820 20.0780 18.9170 17.7550 16.5930 15.9890 13.7360 10.8320 7.92800
12.0520 9.14800 9.11900 11.9820 13.1440 16.0070 17.1680 15.9020 12.9980 11.8370 8.95000 8.96200 11.8660 13.0680 14.8280 15.9890 17.1510 15.3800 12.4760 11.3140 11.2850 11.2150 8.31100 11.1750 12.3360 14.0090 15.1700 16.3320 18.0050 19.1660 20.3280 22.0010 22.4830 23.6440 24.8060 25.2880 25.2590 25.2300 25.2010 26.3630 27.5240 28.5640 27.4020 26.2410 25.0790 25.0910 25.1200 26.2810 27.4430 28.6040 29.7660 30.9280 32.0890 34.0700 33.1230 30.5330 27.6290 24.7250 21.8210 18.9170 16.0130 14.8510 13.6890 13.6600 11.9240 10.7620 7.89900
9.18800 9.15900 12.0230 13.1840 16.0480 17.2090 19.9680 17.0640 15.9020 13.0160 11.8540 8.99100 9.00200 11.9060 11.9240 13.0850 15.9890 16.5410 15.3800 14.2180 14.1890 12.3770 11.1750 8.27100 11.1340 11.1050 12.2660 13.9390 15.1010 16.2620 17.9350 19.0970 19.5790 20.7400 21.9020 22.3840 22.3550 22.3260 22.2970 23.4590 24.6200 25.6600 24.4980 23.3370 22.1750 22.1870 22.2160 23.3770 24.5390 25.7000 26.8620 28.0240 30.9280 31.1660 30.2190 29.0570 26.4670 23.5630 20.6590 17.7550 14.8510 11.9470 10.7850 10.7560 10.7450 7.85800 7.87000
9.20000 12.0630 13.2250 16.0880 17.2500 20.1130 21.1300 19.9680 17.0810 15.9200 13.0560 11.8950 9.03100 9.03100 9.02000 11.9240 14.8280 17.7320 18.2840 17.1220 16.4420 15.2400 12.3360 11.1340 8.23000 8.20100 11.0640 11.0350 12.1970 13.8700 15.0310 16.1930 16.6750 17.8360 18.9980 19.4800 19.4510 19.4220 19.3930 20.5550 21.7160 22.7560 21.5940 20.4330 19.2710 19.2830 19.3120 20.4730 21.6350 22.7960 23.9580 26.8620 28.0640 28.2620 27.3150 26.1530 24.9920 22.4010 19.4970 16.5930 13.6890 10.7850 7.88100 7.85200 7.84100 7.82900 7.84100
12.1040 13.2650 16.1290 17.2900 20.1540 21.3150 24.0340 21.1470 19.9850 17.1220 15.9600 13.0970 11.9060 9.00200 8.99100 11.8950 14.7990 17.0520 19.9560 20.0260 19.3060 16.4020 15.2000 12.2960 11.0930 8.18900 8.16000 8.13100 10.9950 10.9660 12.1270 13.8000 13.7710 14.9320 16.0940 16.5760 16.5470 16.5180 16.4890 17.6510 18.8120 19.8520 18.6900 17.5290 16.3670 16.3790 16.4080 17.5690 18.7310 19.8920 22.7960 23.9990 25.3290 25.3580 24.4110 23.2490 22.0880 20.9260 19.4860 16.5820 13.6780 10.7740 7.87000 7.84100 7.81200 7.80000 10.7040
15.0080 16.1690 17.3310 20.1940 21.3560 24.2190 25.2130 24.0510 21.1880 20.0260 17.1630 15.9720 13.0680 11.8660 8.96200 11.8250 12.9870 15.8910 18.7950 21.6990 20.4670 19.2650 16.3610 15.1590 12.2550 11.0930 11.0240 8.12000 8.09100 8.06200 10.9250 10.8960 10.8670 12.0280 13.7010 13.6720 13.6430 13.6140 13.5850 14.7470 15.9080 18.6730 15.7860 14.6250 13.4630 13.4750 13.5040 14.6650 15.8270 18.7310 19.9330 22.3960 22.4250 22.4540 23.2440 20.3450 19.1840 18.0220 16.8610 16.5930 13.6890 10.7850 7.88100 10.7040 7.80000 7.77100 10.6340
17.9120 19.0730 20.2350 21.3970 24.2600 25.4220 28.1170 25.2530 24.0920 21.2280 20.0380 17.1340 15.9310 13.0270 11.8250 8.92100 11.8250 14.7290 17.6330 20.5370 23.3310 20.4270 19.2240 16.3200 15.1590 13.9970 12.1850 11.0240 10.9950 10.9250 8.02100 7.99200 7.96300 10.8260 10.7970 10.7680 10.7390 10.7100 10.6810 11.8430 14.7060 15.7690 14.6070 11.7210 10.5590 10.5710 10.6000 11.7610 14.6650 15.8670 18.7710 19.4920 19.5210 19.5500 20.3400 19.1780 16.2800 15.1180 13.9570 15.1180 13.7180 10.8140 7.91000 10.8140 10.6630 7.75900 7.73000
20.8160 21.9770 23.1390 24.3010 25.4620 28.3260 29.3190 28.1570 25.2940 24.1030 21.1990 19.9970 17.0930 14.7000 11.7960 8.89200 11.7960 14.7000 17.6040 20.5080 23.4120 23.2900 20.3860 19.2240 18.0630 16.2510 15.0890 13.9280 13.8990 12.0860 10.9250 10.8550 7.95100 7.92200 7.89300 7.86400 7.83500 7.80600 7.77700 10.6400 11.8020 13.4750 11.7030 10.5420 7.65500 7.66700 7.69600 10.6000 11.8020 14.7060 15.9080 16.5880 16.6170 16.6460 17.8070 16.2740 15.1120 12.2140 11.0530 12.2140 13.7480 10.8440 7.94000 10.8440 11.8250 10.6630 10.6340
23.7200 24.8810 26.0430 27.2050 28.3660 29.5280 32.2230 29.3590 28.1690 25.2650 23.3830 20.4790 17.5750 14.6710 11.7670 8.86300 11.7670 14.6710 17.5750 20.4790 23.3830 24.4520 23.2900 22.1280 20.3160 19.1550 17.9930 16.8320 16.1520 14.9900 13.8290 12.0170 10.8550 10.8260 10.7970 10.7680 10.7390 10.6690 7.76500 7.73600 10.6000 10.5710 10.5420 7.63800 7.62600 10.5300 7.70700 7.73600 10.6400 11.8430 13.6550 13.6840 13.7130 13.7420 14.9030 15.1120 12.2080 11.0470 8.14900 11.0120 12.1740 10.8730 7.96900 10.8730 13.7770 13.5670 13.5380
26.6240 27.7850 28.9470 30.1090 31.2700 32.4320 33.4250 32.0660 29.1620 26.2580 23.3540 20.4500 17.5460 14.6420 11.7380 8.83400 11.7380 14.6420 17.5460 20.4500 23.3540 26.2580 26.1940 24.3820 23.2200 22.0590 20.8970 19.7360 19.0560 17.8940 16.0820 14.9210 13.7590 13.7300 13.7010 13.6720 13.6430 11.8310 10.6690 10.6000 7.69600 7.66700 7.63800 7.60800 7.59700 10.5010 10.6110 7.74800 7.77700 10.6810 10.7510 10.7800 10.8090 10.8380 11.9990 13.9510 11.0470 8.14300 8.13700 8.10800 10.9710 10.9020 7.99800 10.9020 13.8060 16.4710 15.7920
29.5280 30.6890 31.8510 33.0130 34.1740 35.3360 34.9410 32.0370 29.1330 26.2290 23.3250 20.4210 17.5170 14.6130 11.7090 8.80500 11.7090 14.6130 17.5170 20.4210 23.3250 26.2290 28.4480 27.2860 26.1240 24.9630 23.8010 22.6400 21.9600 20.1480 18.9860 17.8250 16.6630 16.6340 16.6050 16.5760 15.8960 14.7350 13.5730 11.7610 10.6000 10.5710 10.5420 10.4720 7.56800 10.4720 11.8130 10.6520 7.78900 7.81800 7.84700 7.87600 7.90500 7.93400 10.8380 12.0400 11.0180 8.11400 11.0000 8.09600 8.06700 8.03800 8.02700 10.9310 13.8350 16.7390 18.6960
32.4320 33.5930 34.7550 35.9170 37.0780 37.8160 34.9120 32.0080 29.1040 26.2000 23.2960 20.3920 17.4880 14.5840 11.6800 8.77600 11.6800 14.5840 17.4880 20.3920 23.2960 26.2000 29.1040 30.1900 29.0280 27.8670 26.7050 25.5440 24.2140 23.0520 21.8900 20.7290 19.5670 19.5380 19.5090 19.4800 18.8000 17.6390 15.8270 14.6650 13.5040 13.4750 11.5640 10.4020 7.53900 10.4430 13.3470 11.8540 10.6930 10.7220 10.7510 10.7800 10.8090 10.8380 7.97400 10.8780 10.9480 8.08500 10.9890 11.0000 10.9710 10.9420 10.9310 12.0920 14.9960 17.9000 20.8040
35.3360 36.4970 37.6590 38.8210 39.9820 37.7870 34.8830 31.9790 29.0750 26.1710 23.2670 20.3630 17.4590 14.5550 11.6510 8.74700 11.6510 14.5550 16.8080 19.7120 22.6160 25.5200 28.4240 31.3280 31.9320 30.7710 29.6090 28.2790 27.1180 25.9560 24.7940 23.6330 22.4710 22.4420 22.4130 22.3840 21.2460 19.8920 18.7310 17.5690 15.5600 13.3060 10.4020 7.49800 10.4020 11.6040 14.5080 14.7580 13.5970 13.6260 13.6550 13.6840 13.7130 10.9070 8.00300 8.01500 8.04400 8.07300 10.9770 13.8810 13.8750 13.8460 13.8350 14.9960 16.1580 19.0620 21.2750
38.2400 39.4010 40.5630 41.7250 40.6620 37.7580 34.8540 31.9500 29.0460 26.1420 23.2380 20.3340 17.4300 14.5260 11.6220 8.71800 11.5810 12.7430 15.6470 18.5510 21.4550 24.3590 27.2630 30.1670 33.0710 33.6750 32.3450 31.1830 30.0220 28.8600 27.6980 26.5370 25.3750 25.3110 22.4070 19.5030 18.3420 17.1800 16.0180 15.5190 14.3570 11.4940 10.3320 7.46900 10.3730 13.2770 15.6700 17.6620 16.5010 16.5300 16.5590 16.5880 14.9730 12.0690 10.9070 10.9190 10.9480 8.08500 10.9890 13.8930 16.7790 16.7500 16.7390 17.9000 19.0620 20.2230 19.4630
41.1440 42.3050 43.4670 44.6290 41.7420 38.8380 35.9340 33.0300 30.1260 27.2220 24.3180 21.4140 18.5100 15.6060 12.7020 11.5400 8.67700 11.5810 14.4850 17.3890 20.2930 23.1970 26.1010 29.0050 31.9090 34.8130 35.2490 34.0870 32.9260 31.7640 30.6020 29.4410 27.0540 24.1500 21.2460 18.3420 15.4380 14.2760 13.1140 13.1260 11.4530 10.2920 7.42800 7.45700 10.3610 13.2650 16.1690 19.0730 19.4050 19.4340 19.4630 19.0390 16.1350 14.9730 13.8110 13.8230 12.1500 10.9890 12.1500 15.0540 17.9580 19.6540 19.6430 20.8040 21.9660 19.4220 18.2600
44.0480 45.2090 46.3710 43.4840 40.5800 37.6760 34.7720 31.8680 28.9640 26.0600 23.1560 20.2520 17.3480 14.4440 11.5400 8.63600 8.64800 11.5520 14.4560 17.3600 20.2640 23.1680 26.0720 28.9760 31.8800 34.7840 37.6880 36.9910 35.8300 34.6040 31.7000 28.7960 25.8920 22.9880 20.0840 17.1800 14.2760 11.3720 10.2100 10.2220 10.2510 7.38800 10.2920 10.3610 11.5230 14.4270 17.3310 20.2350 22.3090 22.3380 22.3670 20.2000 19.0390 17.8770 16.7150 16.2160 15.0540 13.8930 15.0540 16.2160 19.1200 22.0240 22.5470 22.2850 19.3810 18.2200 15.3560
