AppendixA/HikerMovements/data/dist_fassa_1000.asc
ncols 271
nrows 294
xllcorner 698225
yllcorner 5141858
cellsize 30.00
nodata_value  546.543
[rows 261 to 289 of 294, columns 0 to 66 of 271]
20.0030 18.8000 15.8960 14.6940 11.7900 14.6540 15.8150 18.6790 19.8400 22.7440 25.6480 28.5520 31.4560 34.3600 35.9630 38.8670 41.7710 44.0250 46.9290 47.5620 46.4000 45.2390 44.0770 42.9150 42.2360 41.0740 39.9130 39.8840 39.8540 39.8250 39.7960 39.1170 37.9550 36.7940 36.7650 36.7360 36.7070 36.0270 34.8650 33.7040 33.6750 33.6460 32.9660 31.8050 30.6430 30.6140 30.5850 29.4060 26.5020 25.3000 22.3960 21.1930 18.2890 17.0870 14.1830 12.9810 10.0770 12.9810 15.8850 18.7890 21.6930 24.5970 26.2000 29.0630 30.2250 33.0880 34.2500
22.8660 19.9620 18.7600 15.8560 14.6540 11.7500 14.6130 15.7750 18.6790 21.5830 24.4870 27.3910 30.2950 31.8980 34.8020 37.7060 39.9590 42.8630 45.7670 44.6580 43.4960 42.3350 41.1730 40.0110 39.3320 38.1700 37.0090 36.9800 36.9500 36.9210 36.8920 36.2130 35.0510 33.8900 33.8610 33.8320 33.8030 33.1230 31.9610 30.8000 30.7710 30.7420 30.0620 28.9010 27.7390 27.7100 27.6810 27.6520 27.6230 26.4610 25.2590 22.3550 21.1530 18.2490 15.8560 12.9520 10.0480 12.9520 15.8560 18.1090 20.9730 22.1340 24.9980 26.1590 29.0230 30.1840 32.8380
24.0280 22.8250 19.9210 17.5290 14.6250 11.7210 11.7090 14.6130 17.5170 20.4210 23.3250 26.2290 27.8320 30.7360 33.6400 35.8930 38.7970 41.7010 42.9150 41.7540 40.5920 39.4310 38.2690 37.1070 36.4280 35.2660 34.1050 34.0760 34.0460 34.0170 33.9880 33.3090 32.1470 30.9860 30.9570 30.9280 30.8990 30.2190 29.0570 27.8960 27.8670 27.8380 27.1580 25.9970 24.8350 24.8060 24.7770 24.7480 24.7190 24.6900 24.6610 24.5390 21.6350 18.7310 15.8270 12.9230 10.0190 12.8820 14.0440 16.9070 18.0690 20.9320 22.0940 24.9570 26.1190 28.9820 29.9340
26.8910 23.9870 21.5940 18.6900 15.7860 14.5840 11.6800 14.5840 17.4880 19.7410 22.6050 23.7660 26.6700 29.5740 31.8280 34.7320 37.6360 39.8890 40.0110 38.8500 37.6880 36.5270 35.3650 34.2030 33.5240 32.3620 31.2010 31.1720 31.1420 31.1130 31.0840 30.4050 29.2430 28.0820 28.0530 28.0240 27.9950 27.3150 26.1530 24.9920 24.9630 24.9340 24.2540 23.0930 21.9310 21.9020 21.8730 21.8440 21.8150 21.7860 21.7570 22.9180 22.7960 19.8920 16.9880 14.0840 12.8820 9.97800 12.8410 14.0030 16.8660 18.0280 20.8910 22.0530 24.9160 26.0780 27.0300
28.0530 25.6600 22.7560 19.8520 17.4590 14.5550 11.6510 14.5140 15.6760 18.5390 19.7010 22.6050 25.5090 27.7620 30.6660 33.5700 35.8240 38.2690 37.1070 35.9460 34.7840 33.6230 32.4610 31.2990 30.6200 29.4580 28.2970 28.2680 28.2380 28.2090 28.1800 27.5010 26.3390 25.1780 25.1490 25.1200 25.0910 24.4110 23.2490 22.0880 22.0590 22.0300 21.3500 20.1890 19.0270 18.9980 18.9690 18.9400 18.9110 18.8820 18.8530 20.0140 21.1760 21.0540 18.1500 15.7570 12.8530 9.94900 9.93700 12.8010 13.9620 16.8260 17.9870 20.8510 22.0120 24.8760 24.1260
29.7250 26.8210 23.9170 21.5240 18.6200 15.7160 14.5140 11.6100 14.4740 15.6350 18.5390 21.4430 23.6970 26.6010 29.5050 31.7580 34.6210 35.3650 34.2030 33.0420 31.8800 30.7190 29.5570 28.3950 27.7160 26.5540 25.3930 25.3640 25.3340 25.3050 25.2760 24.5970 23.4350 22.2740 22.2450 22.2160 22.1870 21.5070 20.3450 19.1840 19.1550 19.1260 18.4460 17.2850 16.1230 16.0940 16.0650 16.0360 16.0070 15.9780 15.9490 17.1100 18.2720 18.7540 18.7250 16.9190 14.0150 12.8120 9.90800 9.89700 12.7600 13.9220 16.7850 17.9470 20.8100 21.9720 21.2220
30.8870 27.9830 25.5900 22.6860 19.7820 17.3890 14.4850 11.5810 11.5700 14.4740 17.3780 19.6310 22.5350 25.4390 27.6930 30.5560 31.7170 33.1110 31.2990 30.1380 28.9760 27.8150 26.6530 25.4910 24.8120 23.6500 22.4890 22.4600 22.4300 22.4010 22.3720 21.6930 20.5310 19.3700 19.3410 19.3120 19.2830 18.6030 17.4410 16.2800 16.2510 16.2220 16.1930 14.3810 13.2190 13.1900 13.1610 13.1320 13.1030 13.0740 13.0450 14.2060 15.8790 15.8500 15.8210 15.7920 13.9800 12.8180 12.7720 9.86800 9.85600 12.7200 13.8810 16.7440 17.9060 19.4800 18.3180
32.0490 29.6560 26.7520 23.8480 21.4550 18.5510 15.6470 14.4440 11.5400 14.4040 15.5650 18.4690 21.3730 23.6270 26.4900 27.6520 29.3250 30.2070 29.0460 27.2340 26.0720 24.9110 23.7490 22.5870 21.9080 20.7460 19.5850 19.5560 19.5260 19.4970 19.4680 18.7890 17.6270 16.4660 16.4370 16.4080 16.3790 16.3500 14.5370 13.3760 13.3470 13.3180 13.2890 13.2190 10.3150 10.2860 10.2570 10.2280 10.1990 10.1700 10.1410 13.0040 12.9750 12.9460 12.9170 12.8880 12.8180 9.91400 9.88500 9.85600 9.82700 9.81600 12.6790 13.8400 16.7440 16.5760 15.4140
33.7210 30.8170 27.9130 25.5200 22.6160 19.7120 18.5100 15.6060 14.4040 11.5000 14.4040 17.3080 19.5610 22.4250 23.5860 25.2590 26.4210 27.3030 26.1420 24.9800 23.1680 22.0070 20.8450 19.6830 19.0040 17.8420 16.6810 16.6520 16.6220 16.5930 16.5640 16.5350 14.7230 13.5620 13.5330 13.5040 13.4750 13.4460 13.3760 10.4720 10.4430 10.4140 10.3850 10.3560 13.2190 13.1900 13.1610 13.1320 13.1030 13.0740 13.0040 10.1000 10.0710 10.0420 10.0130 9.98400 9.95500 12.8180 12.7890 12.7600 12.6900 9.78600 9.77500 12.6790 15.5830 13.6720 12.5100
34.8830 31.9790 29.5860 26.6820 23.7780 22.5760 19.6720 17.2790 14.3750 11.4710 14.3340 15.4960 18.3590 19.5210 21.1930 22.3550 23.5170 25.7000 23.2380 22.0760 20.9150 19.1030 17.9410 16.7790 16.7500 14.9380 13.7770 13.7480 13.7180 13.6890 13.6600 13.6310 13.5620 10.6580 10.6290 10.6000 10.5710 10.5420 10.5120 10.4830 13.3470 13.3180 13.2890 13.2600 14.4210 16.0940 16.0650 16.0360 16.0070 15.9780 14.1660 13.0040 12.9750 12.9460 12.9170 12.8880 12.8590 14.0210 15.6930 15.6640 13.8520 12.6500 9.74600 12.6090 13.6890 12.5100 9.60600
36.0440 33.6520 30.7480 27.8440 26.6410 23.7370 21.3440 18.4400 15.5360 14.3340 11.4300 14.2930 15.4550 17.1280 18.2890 19.4510 22.3140 22.7960 22.0760 19.1720 18.0110 16.8490 15.0370 13.8750 13.8460 13.7770 10.8730 10.8440 10.8140 10.7850 10.7560 10.7270 10.6980 13.5620 13.5330 13.5040 13.4750 13.4460 13.4160 13.3870 14.5490 16.2220 16.1930 16.1640 17.3250 18.4870 18.9690 18.9400 18.9110 18.2310 17.0700 15.9080 15.8790 15.8500 15.8210 15.7920 15.7630 16.9250 18.0860 17.9180 15.5420 12.6380 9.73400 9.70500 12.5280 9.62400 9.59500
37.7170 34.8130 31.9090 30.7070 27.8030 25.4100 22.5060 19.6020 17.2270 14.3230 11.4190 11.3890 14.2530 14.2240 15.3850 18.2490 19.4100 19.8920 19.8630 18.0110 15.1070 13.9450 13.8750 10.9710 10.9420 10.9130 13.7770 13.7480 13.7180 13.6890 13.6600 13.6310 13.6020 14.7640 16.4370 16.4080 16.3790 16.3500 16.3200 16.2910 17.4530 18.6150 19.0970 19.0680 20.2290 21.3910 21.8730 21.8440 21.8150 21.1350 19.9740 18.8120 18.7830 18.7540 18.7250 18.6960 18.6670 19.8290 20.9900 19.6080 16.7040 13.8000 12.5980 9.69400 9.66500 9.63500 12.4990
38.8790 35.9750 34.7720 31.8680 29.4760 26.5720 23.6680 21.2920 18.3880 15.4840 14.2820 11.3780 11.3490 11.3200 14.1830 15.3450 17.0170 16.9880 16.9590 16.8490 13.9450 11.0410 11.0120 10.9830 13.8460 13.8170 14.9790 16.6520 16.6220 16.5930 16.5640 16.5350 16.5060 17.6680 18.8300 19.3120 19.2830 19.2540 19.2240 19.1950 20.3570 21.5190 22.0010 21.9720 23.1330 24.2950 24.7770 24.7480 24.7190 24.0390 22.8780 21.7160 21.6870 21.6580 21.6290 21.6000 21.5710 22.7330 23.6730 20.7690 17.8650 15.5130 12.6090 9.70500 9.67600 12.5390 13.7010
40.0400 38.8380 35.9340 33.5410 30.6370 27.7330 25.3580 22.4540 19.5500 18.3470 15.4430 14.2820 14.2120 11.3080 11.2790 14.1420 14.1130 14.0840 14.0550 14.0260 13.9570 11.0530 13.9160 13.8870 15.0490 16.7210 17.8830 19.0440 19.5260 19.4970 19.4680 19.4390 19.4100 20.5720 21.7340 22.2160 22.1870 22.1580 22.1280 22.0990 23.2610 24.4230 24.9050 24.8760 26.0370 27.1990 27.6810 27.6520 27.6230 26.9430 25.7820 24.6200 24.5910 24.5620 24.5330 24.5040 24.4750 25.6370 24.8350 21.9310 19.5790 16.6750 13.7710 12.6090 12.5800 13.7420 16.6050
42.9040 40.0000 37.6070 34.7030 31.7990 29.4230 26.5190 23.6150 22.4130 19.5090 18.3470 17.1860 15.3740 14.2120 14.1420 11.2380 11.2090 11.1800 11.1510 11.1220 11.0930 13.9570 15.1180 16.7910 17.9530 19.1140 20.7870 21.9480 22.4300 22.4010 22.3720 22.3430 22.3140 23.4760 24.6380 25.1200 25.0910 25.0620 25.0320 25.0030 26.1650 27.3270 27.8090 27.7800 28.9410 30.1030 30.5850 30.5560 30.5270 29.8470 28.6860 27.5240 27.4950 27.4660 27.4370 27.4080 27.3790 28.5410 25.9970 23.6440 20.7400 17.8360 16.6750 15.5130 15.4840 16.6460 17.8070
44.0650 41.6720 38.7680 35.8640 33.4890 30.5850 27.6810 26.4790 23.5750 22.4130 21.2510 19.4390 18.2780 17.1160 15.3040 14.1420 14.1130 14.0840 14.0550 14.0260 13.9970 15.1590 18.0220 19.1840 20.8570 22.0180 23.1800 24.8520 25.3340 25.3050 25.2760 25.2470 25.2180 26.3800 27.5420 28.0240 27.9950 27.9660 27.9360 27.9070 29.0690 30.2310 30.7130 30.6840 31.8450 33.0070 33.4890 33.4600 33.4310 32.7510 31.5900 30.4280 30.3990 30.3700 30.3410 30.3120 30.2830 30.0620 27.7100 24.8060 21.9020 20.7400 19.5790 18.4170 18.3880 19.5500 20.5080
45.7380 42.8340 39.9300 37.5550 34.6510 31.7470 30.5440 27.6400 26.4790 25.3170 23.5050 22.3430 21.1820 19.3700 18.2080 17.0460 17.0170 16.9880 16.9590 16.9300 16.9010 18.0630 19.2240 22.0880 23.2490 24.9220 26.0840 27.2450 28.2380 28.2090 28.1800 28.1510 28.1220 29.2840 30.4460 30.9280 30.8990 30.8700 30.8400 30.8110 31.9730 33.1350 33.6170 33.5880 34.7490 35.9110 36.3930 36.3640 36.3350 35.6550 34.4940 33.3320 33.3030 33.2740 33.2450 33.2160 33.1870 31.7760 28.8720 25.9680 24.8060 23.6440 22.4830 21.3210 21.2920 22.4540 21.6700
46.9000 43.9960 41.6200 38.7160 35.8120 34.6100 31.7060 30.5440 29.3830 27.5710 26.4090 25.2470 23.4350 22.2740 21.1120 19.9500 19.9210 19.8920 19.8630 19.8340 19.8050 20.9670 22.1280 23.2900 26.1530 27.3150 28.9880 30.1490 31.1420 31.1130 31.0840 31.0550 31.0260 32.1880 33.3500 33.8320 33.8030 33.7740 33.7440 33.7150 34.8770 36.0390 36.5210 36.4920 37.6530 38.8150 39.2970 39.2680 39.2390 38.5590 37.3980 36.2360 36.2070 36.1780 36.1490 36.1200 35.8410 32.9370 30.0330 28.8720 27.7100 26.5480 25.3870 24.2250 24.1960 25.3580 24.5740
48.0610 45.6860 42.7820 39.8780 38.6750 35.7710 34.6100 33.4480 31.6360 30.4750 29.3130 27.5010 26.3390 25.1780 24.0160 22.8540 22.8250 22.7960 22.7670 22.7380 22.7090 23.8710 25.0320 26.1940 27.3560 30.2190 31.3810 33.0530 34.0460 34.0170 33.9880 33.9590 33.9300 35.0920 36.2540 36.7360 36.7070 36.6780 36.6480 36.6190 37.7810 38.9430 39.4250 39.3960 40.5570 41.7190 42.2010 42.1720 42.1430 41.4630 40.3020 39.1400 39.1110 39.0820 39.0530 39.0240 37.0030 34.0990 32.9370 31.7760 30.6140 29.4520 28.2910 27.1290 27.1000 28.2620 27.4780
49.7510 46.8470 43.9430 42.7410 39.8370 38.6750 37.5140 35.7020 34.5400 33.3790 31.5660 30.4050 29.2430 28.0820 26.9200 25.7580 25.7290 25.7000 25.6710 25.6420 25.6130 26.7750 27.9360 29.0980 30.2600 31.4210 34.2850 35.4460 36.9500 36.9210 36.8920 36.8630 36.8340 37.9960 39.1580 39.6400 39.6110 39.5820 39.5520 39.5230 40.6850 41.8470 42.3290 42.3000 43.4610 44.6230 45.1050 45.0760 45.0470 44.3670 43.2060 42.0440 42.0150 41.9860 41.9570 41.0680 38.1640 37.0030 35.8410 34.6800 33.5180 32.3560 31.1950 30.0330 30.0040 31.1660 29.7310
50.9130 48.0090 46.8070 43.9030 42.7410 41.5790 39.7670 38.6060 37.4440 35.6320 34.4700 33.3090 32.1470 30.9860 29.8240 28.6620 28.6330 28.6040 28.5750 28.5460 28.5170 29.6790 30.8400 32.0020 33.1640 34.3250 35.4870 38.3500 39.5120 39.8250 39.7960 39.7670 39.7380 40.9000 42.0620 42.5440 42.5150 42.4860 42.4560 42.4270 43.5890 44.7510 45.2330 45.2040 46.3650 47.5270 48.0090 47.9800 47.9510 47.2710 46.1100 44.9480 44.9190 44.8900 44.8610 42.2300 41.0680 39.9070 38.7450 37.5840 36.4220 35.2600 34.0990 32.9370 32.9080 33.7970 31.4210
52.0750 50.8720 47.9680 46.8070 45.6450 43.8330 42.6710 41.5100 39.6980 38.5360 37.3740 36.2130 35.0510 33.8900 32.7280 31.5660 31.5370 31.5080 31.4790 31.4500 31.4210 32.5830 33.7440 34.9060 36.0680 37.2290 38.3910 39.5520 42.4160 42.7290 42.7000 42.6710 42.6420 43.8040 44.9660 45.4480 45.4190 45.3900 45.3600 45.3310 46.4930 47.6550 48.1370 48.1080 49.2690 50.4310 50.9130 50.8840 50.8550 50.1750 49.0140 47.8520 47.8230 47.7940 46.2960 45.1340 43.9720 42.8110 41.6490 40.4880 39.3260 38.1640 37.0030 35.8410 35.8120 35.4870 32.5830
54.9380 52.0340 50.8720 49.7110 47.8990 46.7370 45.5750 43.7630 42.6020 41.4400 40.2780 39.1170 37.9550 36.7940 35.6320 34.4700 34.4410 34.4120 34.3830 34.3540 34.3250 35.4870 36.6480 37.8100 38.9720 40.1330 41.2950 42.4560 43.6180 45.6330 45.6040 45.5750 45.5460 46.7080 47.8700 48.3520 48.3230 48.2940 48.2640 48.2350 49.3970 50.5590 51.0410 51.0120 52.1730 53.3350 53.8170 53.7880 53.7590 53.0790 51.9180 50.7560 50.7270 50.3610 49.2000 48.0380 46.8760 45.7150 44.5530 43.3920 42.2300 41.0680 39.9070 38.7450 38.7160 36.6480 33.7440
56.0990 54.9380 53.7760 51.9640 50.8030 49.6410 47.8290 46.6670 45.5060 44.3440 43.1820 42.0210 40.8590 39.6980 38.5360 37.3740 37.3450 37.3160 37.2870 37.2580 37.2290 38.3910 39.5520 40.7140 41.8760 43.0370 44.1990 45.3600 46.5220 47.6840 48.5080 48.4790 48.4500 49.6120 50.7740 51.2560 51.2270 51.1980 51.1680 51.1390 52.3010 53.4630 53.9450 53.9160 55.0770 56.2390 56.7210 56.6920 56.6630 55.9830 54.8220 53.6600 53.6310 53.2650 52.1040 50.9420 49.7800 48.6190 47.4570 46.2960 45.1340 43.9720 42.8110 41.6490 40.7140 37.8100 36.6480
59.0030 57.8420 56.0300 54.8680 53.7070 51.8940 50.7330 49.5710 48.4100 47.2480 46.0860 44.9250 43.7630 42.6020 41.4400 40.2780 40.2490 40.2200 40.1910 40.1620 40.1330 41.2950 42.4560 43.6180 44.7800 45.9410 47.1030 48.2640 49.4260 50.5880 51.4120 51.3830 51.3540 52.5160 53.6780 54.1600 54.1310 54.1020 54.0720 54.0430 55.2050 56.3670 56.8490 56.8200 57.9810 59.1430 59.6250 59.5960 59.5670 58.8870 57.7260 56.5640 56.5350 56.1690 55.0080 53.8460 52.6840 51.5230 50.3610 49.2000 48.0380 46.8760 45.7150 44.5530 41.8760 40.7140 39.5520
61.9070 60.0950 58.9340 57.7720 55.9600 54.7980 53.6370 52.4750 51.3140 50.1520 48.9900 47.8290 46.6670 45.5060 44.3440 43.1820 43.1530 43.1240 43.0950 43.0660 43.0370 44.1990 45.3600 46.5220 47.6840 48.8450 50.0070 51.1680 52.3300 53.4920 54.3160 54.2870 54.2580 55.4200 56.5820 57.0640 57.0350 57.0060 56.9760 56.9470 58.1090 59.2710 59.7530 59.7240 60.8850 62.0470 62.5290 62.5000 62.4710 61.7910 60.6300 59.4680 59.4390 59.0730 57.9120 56.7500 55.5880 54.4270 53.2650 52.1040 50.9420 49.7800 48.6190 45.9410 44.7800 43.6180 41.8060
64.1610 62.9990 61.8380 60.0260 58.8640 57.7020 56.5410 55.3790 54.2180 53.0560 51.8940 50.7330 49.5710 48.4100 47.2480 46.0860 46.0570 46.0280 45.9990 45.9700 45.9410 47.1030 48.2640 49.4260 50.5880 51.7490 52.9110 54.0720 55.2340 56.3960 57.2200 57.1910 57.1620 58.3240 59.4860 59.9680 59.9390 59.9100 59.8800 59.8510 61.0130 62.1750 62.6570 62.6280 63.7890 64.9510 65.4330 65.4040 65.3750 64.6950 63.5340 62.3720 62.3430 61.9770 60.8160 59.6540 58.4920 57.3310 56.1690 55.0080 53.8460 52.6840 50.0070 48.8450 47.6840 45.8720 44.6690
67.0650 65.9030 64.0910 62.9300 61.7680 60.6060 59.4450 58.2830 57.1220 55.9600 54.7980 53.6370 52.4750 51.3140 50.1520 48.9900 48.9610 48.9320 48.9030 48.8740 48.8450 50.0070 51.1680 52.3300 53.4920 54.6530 55.8150 56.9760 58.1380 59.3000 60.1240 60.0950 60.0660 61.2280 62.3900 62.8720 62.8430 62.8140 62.7840 62.7550 63.9170 65.0790 65.5610 65.5320 66.6930 67.8550 68.3370 68.3080 68.2790 67.5990 66.4380 65.2760 65.2470 64.8810 63.7200 62.5580 61.3960 60.2350 59.0730 57.9120 56.7500 54.0720 52.9110 51.7490 49.9370 48.7350 45.8310
69.9690 68.1570 66.9950 65.8340 64.6720 63.5100 62.3490 61.1870 60.0260 58.8640 57.7020 56.5410 55.3790 54.2180 53.0560 51.8940 51.8650 51.8360 51.8070 51.7780 51.7490 52.9110 54.0720 55.2340 56.3960 57.5570 58.7190 59.8800 61.0420 62.2040 63.0280 62.9990 62.9700 64.1320 65.2940 65.7760 65.7470 65.7180 65.6880 65.6590 66.8210 67.9830 68.4650 68.4360 69.5970 70.7590 71.2410 71.2120 71.1830 70.5030 69.3420 68.1800 68.1510 67.7850 66.6240 65.4620 64.3000 63.1390 61.9770 60.8160 58.1380 56.9760 55.8150 54.0030 52.8010 49.8970 48.7350
