AppendixA/HikerMovements/data/dist_principe_1000.asc
ncols 271
nrows 294
xllcorner 698225
yllcorner 5141858
cellsize 30.00
nodata_value  228.218
[rows 58 to 86 of 294, columns 67 to 133 of 271]
12.3190 12.3480 12.3770 12.4060 12.4350 13.5970 16.5010 17.7030 20.6070 23.5110 25.8860 28.7900 29.9930 32.8970 35.8010 38.7050 41.6090 44.5130 47.4170 50.3210 53.2250 56.1290 59.0330 61.8840 60.7230 59.5610 58.3990 57.2380 56.0760 54.9150 53.7530 52.5910 51.4300 50.2680 49.1070 49.0780 49.0490 49.0200 48.3630 47.2020 46.0400 46.0110 47.1730 48.3340 48.8160 47.8700 44.9660 42.0620 39.1580 36.2540 33.3500 30.4460 27.5420 24.6380 21.7340 18.8300 15.9260 13.0220 10.1180 7.21400 4.31000 1.40600 1.39400 4.29800 7.20200 10.1060 13.0100
15.1240 15.2520 15.2810 15.3100 15.3390 16.5010 17.6620 20.5660 21.7680 24.6720 27.5760 29.9520 32.8560 34.0580 36.9620 39.8660 42.7700 45.6740 48.5780 51.4820 54.3860 57.2900 60.1420 58.9800 57.8190 56.6570 55.4950 54.3340 53.1720 52.0110 50.8490 49.6870 48.5260 47.3640 46.2030 46.1740 46.1450 46.1160 45.4590 44.2980 43.1360 43.1070 44.2690 45.4300 45.9120 45.8830 44.9950 42.0910 39.1870 36.2830 33.3790 30.4750 27.5710 24.6670 21.7630 18.8590 15.9550 13.0510 10.1470 7.24300 4.33900 1.43500 4.29800 5.46000 8.36400 11.2680 14.1720
15.0950 17.9990 18.1850 18.2140 18.2430 19.4050 20.5660 21.7280 24.6320 25.8340 28.7380 31.6420 34.0170 36.9210 38.1240 41.0280 43.9320 46.8360 49.7400 52.6440 55.5480 58.3990 57.2380 56.0760 54.9150 53.7530 52.5910 51.4300 50.2680 49.1070 47.9450 46.7830 45.6220 44.4600 43.2990 43.2700 43.2410 43.2120 42.5550 41.3940 40.2320 40.2030 41.3650 42.5260 43.0080 42.9790 42.9500 42.1200 39.2160 36.3120 33.4080 30.5040 27.6000 24.6960 21.7920 18.8880 15.9840 13.0800 10.1760 7.27200 4.36800 1.46400 4.36800 7.27200 9.52500 12.4290 15.3330
16.2570 19.1610 21.0890 21.1180 21.1470 22.3090 23.4700 24.6320 25.7930 28.6970 29.9000 32.8040 35.7080 38.0830 40.9870 42.1890 45.0930 47.9970 50.9010 53.8050 56.7090 55.4950 54.3340 53.1720 52.0110 50.8490 49.6870 48.5260 47.3640 46.2030 45.0410 43.8790 42.7180 41.5560 40.3950 40.3660 40.3370 40.3080 39.6510 38.4900 37.3280 37.2990 38.4610 39.6220 40.1040 40.0750 40.0460 40.0170 39.2450 36.3410 33.4370 30.5330 27.6290 24.7250 21.8210 18.9170 16.0130 13.1090 10.2050 7.30100 4.39700 1.49300 4.39700 7.30100 10.2050 13.1090 16.0130
17.4180 20.3220 23.2260 24.0220 24.0510 25.2130 26.3740 27.5360 28.6970 29.8590 32.7630 33.9650 36.8690 39.7730 42.1490 45.0530 46.2550 49.1590 52.0630 54.9670 55.5360 54.3340 51.4300 50.2680 49.1070 47.9450 46.7830 45.6220 44.4600 43.2990 42.1370 40.9750 39.8140 38.6520 37.4910 37.4620 37.4330 37.4040 36.7470 35.5860 34.4240 34.3950 35.5570 36.7180 37.2000 37.1710 37.1420 37.1130 37.0840 36.3700 33.4660 30.5620 27.6580 24.7540 21.8500 18.9460 16.0420 13.1380 10.2340 7.33000 4.42600 1.52200 4.42600 7.33000 10.2340 13.1380 16.0420
20.2820 21.4840 24.3880 26.9260 26.9550 28.1170 29.2780 30.4400 31.6010 32.7630 33.9250 36.8290 38.0310 40.9350 43.8390 46.2140 49.1180 50.3210 53.2250 55.5770 54.3740 51.4700 50.2680 47.3640 46.2030 45.0410 43.8790 42.7180 41.5560 40.3950 39.2330 38.0710 36.9100 35.7480 34.5870 34.5580 34.5290 34.5000 33.8430 32.6820 31.5200 31.4910 32.6530 33.8140 34.2960 34.2670 34.2380 34.2090 34.1800 34.1510 33.4950 30.5910 27.6870 24.7830 21.8790 18.9750 16.0710 13.1670 10.2630 7.35900 4.45500 1.55100 4.45500 7.35900 10.2630 13.1670 16.0710
20.0490 21.2110 22.9010 24.0630 25.2240 28.0870 29.2490 32.1530 34.5050 35.6670 36.8290 37.9900 40.8940 42.0960 45.0000 47.9040 50.2800 53.1840 54.3860 54.4150 51.5110 50.3090 47.4050 46.2030 43.2990 42.1370 40.9750 39.8140 38.6520 37.4910 36.3290 35.1670 34.0060 32.8440 31.6830 31.6540 31.6250 31.5960 30.9390 29.7780 28.6160 28.5870 29.7490 30.9100 31.3920 31.3630 31.3340 31.3050 31.2760 31.2470 31.2180 30.5620 27.7160 24.8120 21.9080 19.0040 16.1000 13.1960 10.2920 7.38800 4.48400 1.58000 4.48400 7.38800 10.2920 13.1960 16.1000
17.1450 18.8350 19.9970 21.1590 24.0220 25.1830 28.0870 30.9910 33.8950 36.7990 39.7030 40.8940 42.0560 44.9600 46.1620 49.0660 51.9700 54.3450 55.6290 53.2540 50.3500 47.4460 46.2430 43.3390 42.1370 39.2330 38.0710 36.9100 35.7480 34.5870 33.4250 32.2630 31.1020 29.9400 28.7790 28.7500 28.7210 28.6920 28.0350 26.8740 25.7120 25.6830 26.8450 28.0060 28.4880 28.4590 28.4300 28.4010 28.3720 28.3430 28.3140 27.6580 26.4960 24.3300 21.4260 18.5220 15.6180 12.7140 9.81000 7.41700 4.51300 1.60900 4.51300 7.41700 10.3210 13.2250 16.1290
14.7700 15.9310 17.0930 19.9560 21.1180 24.0220 26.9260 29.8300 32.7340 35.6380 38.5420 41.4460 44.3500 46.1210 49.0250 50.2280 53.1320 55.6700 54.4670 51.5630 49.1880 46.2840 43.3800 42.1780 39.2740 38.0710 35.1670 34.0060 32.8440 31.6830 30.5210 29.3590 28.1980 27.0360 25.8750 25.8460 25.8170 25.7880 25.1310 23.9700 22.8080 22.7790 23.9410 25.1020 25.5840 25.5550 25.5260 25.4970 25.4680 25.4390 25.4100 24.7540 23.5920 22.4300 20.2640 17.3600 14.4560 11.5520 8.64800 5.74400 4.54200 1.63800 4.54200 7.44600 10.3500 13.2540 16.1580
11.8660 13.0270 15.8910 17.0520 19.9560 22.8600 25.7640 28.6680 31.5720 34.4760 37.3800 40.2840 43.1880 46.0920 48.9960 51.9000 54.2930 54.5080 51.6040 50.4020 47.4980 45.1220 42.2180 39.3140 38.1120 35.2080 34.0060 31.1020 29.9400 28.7790 27.6170 26.4550 25.2940 24.1320 22.9710 22.9420 22.9130 22.8840 22.2270 21.0660 19.9040 19.8750 21.0370 22.1980 22.6800 22.6510 22.6220 22.5930 22.5640 22.5350 22.5060 21.8500 20.6880 19.5260 19.1030 16.1990 13.2950 10.3910 7.48700 4.58300 1.67900 1.66700 4.57100 7.47500 9.86800 12.7720 15.6760
8.96200 11.8250 12.9870 15.8910 18.7950 21.6990 24.6030 27.5070 30.4110 33.3150 36.2190 39.1230 42.0270 44.9310 47.8350 50.7390 53.6430 53.3460 50.4420 47.5380 46.3360 43.4320 41.0570 38.1530 35.2490 34.0460 31.1420 29.9400 27.0360 25.8750 24.7130 23.5510 22.3900 21.2280 20.0670 20.0380 20.0090 19.9800 19.3230 18.1620 17.0000 16.9710 18.1330 19.2940 19.7760 19.7470 19.7180 19.6890 19.6600 19.6310 19.6020 18.9460 17.7840 16.6220 17.7840 16.2280 13.3240 10.4200 7.51600 4.61200 1.70800 1.69600 4.60000 5.80200 8.70600 11.6100 14.5140
8.93300 8.92100 11.8250 14.7290 17.6330 20.5370 23.4410 26.3450 29.2490 32.1530 35.0570 37.9610 40.8650 43.7690 46.6730 49.5770 52.4810 51.6740 49.2810 46.3770 43.4730 42.2710 39.3670 36.9910 34.0870 31.1830 29.9810 27.0770 25.8750 22.9710 21.8090 20.6470 19.4860 18.3240 17.1630 17.1340 17.1050 17.0760 16.4190 15.2580 14.0960 14.0670 15.2290 16.3900 16.8720 16.8430 16.8140 16.7850 16.7560 16.7270 16.6980 16.0420 14.8800 13.7180 14.8800 16.0420 14.4850 11.5810 8.67700 5.77300 4.61200 1.72500 1.73700 4.64100 7.54500 10.4490 13.3530
11.7960 8.89200 11.7960 14.7000 17.6040 20.5080 23.4120 26.3160 29.2200 32.1240 35.0280 37.9320 40.8360 43.7400 46.6440 49.5480 52.4520 50.5120 47.6080 45.2150 42.3110 39.4070 38.2050 35.3010 32.9260 30.0220 27.1180 25.9150 23.0110 21.8090 18.9050 17.7430 16.5820 15.4200 14.2590 14.2300 14.2010 14.1720 13.5150 12.3540 11.1920 11.1630 12.3250 13.4860 13.9680 13.9390 13.9100 13.8810 13.8520 13.8230 13.7940 13.1380 11.9760 10.8140 11.9760 13.1380 13.6200 12.7430 9.83900 8.67700 5.79100 4.62900 1.76600 4.67000 7.57400 10.4780 13.3820
11.7500 8.86300 11.7670 14.6710 17.5750 20.4790 23.3830 26.2870 29.1910 32.0950 34.9990 37.9030 40.8070 43.7110 46.6150 49.5190 52.2550 49.3510 46.4470 43.5430 41.1500 38.2460 35.3420 34.1390 31.2350 28.8600 25.9560 23.0520 21.8500 18.9460 17.7430 14.8390 13.6780 12.5160 11.3550 11.3260 11.2970 11.2680 10.6110 9.45000 8.28800 8.25900 9.42100 10.5820 11.0640 11.0350 11.0060 10.9770 10.9480 10.9190 10.8900 10.2340 9.07200 7.91000 9.07200 10.2340 10.7160 10.6870 10.0070 8.80500 5.90100 4.69900 1.79500 4.69900 7.60300 10.5070 13.4110
8.84600 8.83400 11.7380 14.6420 17.5460 20.4500 23.3540 26.2580 29.1620 32.0660 34.9700 37.8740 40.7780 43.6820 46.5860 49.4900 51.0930 48.1890 45.2850 42.3810 39.4770 37.0840 34.1800 31.2760 30.0740 27.1700 24.7940 21.8900 18.9860 17.7840 14.8800 13.6780 10.7740 9.61200 8.45100 8.42200 8.39300 8.36400 8.33400 6.54600 5.38400 5.35500 6.51700 8.18900 8.16000 8.13100 8.10200 8.07300 8.04400 8.01500 7.98600 7.95700 6.16800 5.00600 6.16800 7.84100 7.81200 7.78300 7.75400 5.94200 4.73900 1.83500 1.82400 4.72800 7.63200 10.5360 13.4400
8.81700 8.80500 11.7090 14.6130 17.5170 20.4210 23.3250 26.2290 29.1330 32.0370 34.9410 37.8450 40.7490 43.6530 46.5570 49.4610 49.9310 47.0270 44.1230 41.2190 38.3150 35.4110 33.0180 30.1140 27.2100 26.0080 23.1040 20.7290 17.8250 14.9210 13.7180 10.8140 9.61200 6.70800 5.54700 5.51800 5.48900 5.46000 5.43000 5.38400 2.48000 2.45100 5.31400 5.28500 5.25600 5.22700 5.19800 5.16900 5.14000 5.11100 5.08200 5.05300 5.00600 2.10200 4.96600 4.93700 4.90800 4.87900 4.85000 4.78000 1.87600 1.86400 1.85300 4.75700 7.66100 10.5650 13.4690
11.6800 8.77600 11.6800 14.5840 17.4880 20.3920 23.2960 26.2000 29.1040 32.0080 34.9120 37.8160 40.7200 43.6240 46.5280 49.4320 48.7700 45.8660 42.9620 40.0580 37.1540 34.2500 31.3460 28.9530 26.0490 23.1450 21.9430 19.0390 16.6630 13.7590 10.8550 9.65300 6.74900 5.54700 2.64300 2.61400 2.58500 2.55600 2.52600 2.49700 2.46800 2.43900 2.41000 2.38100 2.35200 2.32300 2.29400 2.26500 2.23600 2.20700 2.17800 2.14900 2.12000 2.09100 2.06200 2.03300 2.00400 1.97500 1.94600 1.91700 1.90500 1.89300 1.88200 4.78600 7.69000 10.0830 12.9870
11.6510 8.74700 11.6510 14.5550 17.4590 20.3630 23.2670 26.1710 29.0750 31.9790 34.8830 37.7870 40.6910 43.5950 46.4990 49.4030 47.6080 44.7040 41.8000 38.8960 35.9920 33.0880 30.1840 27.2800 24.8870 21.9830 19.0790 17.8770 14.9730 12.5980 9.69400 6.79000 5.58700 2.68300 2.65400 5.51800 5.48900 5.46000 5.43000 5.40100 5.37200 5.32600 2.42200 2.39300 5.25600 5.21000 2.30600 2.27700 2.24800 2.21900 2.19000 2.16100 2.13200 2.10200 2.07300 2.04400 2.01500 1.98600 4.85000 1.94600 1.93400 1.92200 1.91100 4.81500 6.01700 8.92100 11.8250
11.5810 8.71800 11.6220 14.5260 17.4300 20.3340 23.2380 26.1420 29.0460 31.9500 34.8540 37.7580 40.6620 43.5660 46.4700 49.3510 46.4470 43.5430 40.6390 37.7350 34.8310 31.9270 29.0230 26.1190 23.2150 20.8220 17.9180 15.0140 13.8110 10.9070 8.53200 5.62800 2.72400 2.69500 5.55800 6.72000 8.39300 8.36400 8.33400 8.30500 8.27600 6.48800 5.32600 5.29700 6.45800 6.37100 5.21000 5.18100 5.15200 5.12300 5.09400 5.06500 5.03600 5.00600 4.97700 4.94800 4.91900 4.89000 6.01100 4.85000 4.83800 1.95100 1.94000 1.95100 4.85500 7.75900 10.6630
8.67700 8.68900 11.5930 14.4970 17.4010 20.3050 23.2090 26.1130 29.0170 31.9210 34.8250 37.7290 40.6330 43.5370 46.4410 48.1890 45.2850 42.3810 39.4770 36.5730 33.6690 30.7650 27.8610 24.9570 22.0530 19.1490 16.7560 13.8520 10.9480 9.74600 6.84200 5.64000 2.73600 2.72400 5.62800 8.53200 10.7850 11.2680 11.2380 11.2090 10.5530 9.39200 8.23000 8.20100 9.36200 9.27500 8.11400 8.08500 8.05600 8.02700 7.99800 7.96900 7.94000 7.91000 7.88100 7.85200 7.82300 7.79400 7.80000 4.89600 1.99200 1.98100 1.96900 1.98100 4.88500 7.78900 10.6930
8.64800 11.5520 12.7540 15.6580 18.5620 21.4660 24.3700 27.2740 30.1780 33.0820 35.9860 38.8900 41.7940 44.6980 47.6020 47.0270 44.1230 41.2190 38.3150 35.4110 32.5070 29.6030 26.6990 23.7950 20.8910 17.9870 15.0830 12.6900 9.78600 6.88200 5.68000 2.77600 5.64000 5.62800 6.79000 9.69400 12.5980 14.1720 14.1420 14.1130 13.4570 12.2960 11.1340 11.1050 12.2660 12.1790 11.0180 10.9890 10.9600 10.9310 10.9020 10.8730 10.8440 10.8140 10.7850 10.7560 10.7270 10.6980 7.82900 4.92500 2.02100 2.01000 4.87300 2.01000 4.91400 7.81800 10.7220
8.61900 11.5230 14.4270 16.8200 19.7240 22.6280 25.5320 28.4360 31.3400 34.2440 37.1480 40.0520 42.9560 45.8600 48.7640 45.8660 42.9620 40.0580 37.1540 34.2500 31.3460 28.4420 25.5380 22.6340 19.7300 16.8260 13.9220 11.0180 8.62500 5.72100 2.81700 2.80500 5.70900 8.53200 9.69400 10.8550 13.7590 16.6630 17.0460 17.0170 16.3610 15.2000 14.0380 14.0090 15.1700 15.0830 13.9220 13.8930 13.8640 13.8350 13.8060 13.7770 13.7480 13.7180 13.6890 13.6600 13.1550 10.2510 7.85800 4.95400 2.05000 2.03900 4.94300 4.91400 6.07500 8.97900 11.8830
11.4820 12.6850 15.5890 18.4930 20.8860 23.7900 26.6940 29.5980 32.5020 35.4060 38.3100 41.2140 44.1180 47.0220 47.6080 44.7040 41.8000 38.8960 35.9920 33.0880 30.1840 27.2800 24.3760 21.4720 18.5680 15.6640 12.7600 9.85600 6.95200 5.75000 2.84600 5.70900 6.87100 9.77500 12.5980 13.7590 14.9210 17.8250 19.9500 19.9210 19.2650 18.1040 16.9420 16.9130 18.0740 17.9870 16.8260 16.7970 16.7680 16.7390 16.7100 16.6810 16.6520 16.6220 16.1000 13.1960 10.2920 9.09000 6.18600 4.98300 2.07900 4.94300 6.10400 7.81800 8.97900 10.1410 13.0450
11.4530 14.3570 16.6110 19.5150 22.4190 24.9510 27.8550 30.7590 33.6630 36.5670 39.4710 42.3750 45.2790 48.1830 46.4470 43.5430 40.6390 37.7350 34.8310 31.9270 29.0230 26.1190 23.2150 20.3110 17.4070 14.5030 11.5990 8.69500 5.79100 2.88700 5.75000 6.91200 9.77500 10.9360 13.8400 16.6630 17.8250 18.9860 21.8900 22.8250 22.1690 21.0080 19.8460 19.8170 20.9780 20.8910 19.7300 19.7010 19.6720 19.6430 19.6140 19.5850 19.5560 17.8420 14.9380 12.0340 9.13000 6.22600 5.02400 2.12000 2.10800 5.01200 7.91600 10.1700 11.8830 13.0450 14.2060
11.3840 12.5450 15.4490 18.3530 21.2570 24.1610 27.0650 29.9690 32.8730 35.7770 38.6810 41.5850 44.4890 47.3930 45.9650 43.0610 40.1570 37.2530 34.3490 31.4450 28.5410 25.6370 22.7330 19.8290 16.9250 14.0210 11.1170 8.72400 5.82000 2.91600 5.82000 8.72400 10.9770 13.8400 15.0020 17.9060 20.7290 21.8900 23.0520 25.7290 25.0730 23.9120 22.7500 22.7210 23.8820 23.7950 22.6340 22.6050 22.5760 22.5470 22.5180 22.4890 19.5850 16.6810 13.7770 10.8730 7.96900 5.06500 2.16100 2.14900 2.13700 5.04100 7.94500 8.17800 9.33900 10.5010 12.2900
8.48000 11.3840 14.2880 17.1920 20.0960 23.0000 25.9040 28.8080 31.7120 34.6160 37.5200 40.4240 43.3280 46.2320 44.8030 41.8990 38.9950 36.0910 33.1870 30.2830 27.3790 24.4750 21.5710 18.6670 15.7630 12.8590 9.95500 7.05100 5.84900 2.94500 5.84900 8.75300 11.6570 14.5610 17.4650 19.0680 21.9720 24.7940 25.9560 27.1180 27.9770 26.8160 25.6540 25.6250 26.7860 26.6990 25.5380 25.5090 25.4800 25.4510 24.3990 21.4950 18.5910 16.1990 13.2950 10.3910 7.99800 5.09400 2.19000 2.17800 5.04100 6.20300 5.26200 5.27400 6.43500 8.22400 9.38600
8.45100 11.3550 14.2590 17.1630 20.0670 22.9710 25.8750 28.7790 31.6830 34.5870 37.4910 40.3950 43.2990 46.2030 43.6410 40.7370 37.8330 34.9290 32.0250 29.1210 26.2170 23.3130 20.4090 17.5050 14.6010 11.6970 8.79300 5.88900 2.98500 2.97400 5.87800 8.78200 11.6860 14.5900 17.4940 20.3980 23.1330 26.0370 28.8600 30.0220 30.8810 29.7200 28.5580 28.5290 29.6900 29.6030 28.4420 28.4130 28.3840 26.1420 23.2380 20.3340 17.4300 14.5260 12.1330 9.22900 6.32500 5.12300 2.21900 5.08200 2.21900 5.12300 2.35800 2.37000 5.27400 5.32000 6.48200
8.42200 11.3260 14.2300 17.1340 20.0380 22.9420 25.8460 28.7500 31.6540 34.5580 37.4620 40.3660 43.2700 46.1740 43.6700 40.7660 37.8620 34.9580 32.0540 29.1500 26.2460 23.3420 20.4380 17.5340 14.6300 11.7260 8.82200 5.91800 3.01400 5.87800 7.03900 9.94300 12.8470 15.7510 18.6550 21.5590 24.4630 27.1990 30.1030 32.9260 33.7850 32.6240 31.4620 31.4330 32.5940 32.5070 31.3460 30.7880 27.8840 24.9800 22.0760 19.1720 16.2680 13.3640 10.4600 8.06700 5.16300 2.25900 2.24800 5.15200 2.24800 5.15200 2.32900 2.35800 2.38700 2.41600 5.32000
8.39300 11.2970 14.2010 17.1050 20.0090 22.9130 25.8170 28.7210 31.6250 34.5290 37.4330 40.3370 43.2410 46.1450 43.6990 40.7950 37.8910 34.9870 32.0830 29.1790 26.2750 23.3710 20.4670 17.5630 14.6590 11.7550 8.85100 5.94700 3.04300 5.94700 8.85100 11.1050 14.0090 16.9130 19.8170 22.7210 25.6250 28.5290 31.2640 34.1680 36.6890 35.5280 34.3660 34.3370 35.4980 35.4110 32.5310 29.6270 26.7230 23.8190 20.9150 18.0110 15.1070 12.2030 9.29900 6.39500 5.19200 2.28800 5.15200 5.18100 2.27700 2.28800 5.19200 5.26200 5.29100 2.42800 2.45700
