AppendixA/HikerMovements/data/dist_principe_1000.asc
ncols 271
nrows 294
xllcorner 698225
yllcorner 5141858
cellsize 30.00
nodata_value  228.218
[rows 261 to 289 of 294, columns 134 to 200 of 271]
27.5710 28.7320 31.6360 34.5400 36.7940 39.6980 42.6020 44.8550 47.7590 50.6630 53.5670 56.4710 59.3750 60.9780 63.8820 66.7860 69.6900 72.5940 75.4980 78.4020 81.3060 84.2100 87.1140 90.0180 92.9220 95.8260 98.7300 101.634 104.538 107.442 110.346 113.250 116.154 119.058 121.962 124.866 127.770 130.674 133.578 136.482 139.386 142.290 145.194 148.098 151.002 153.906 156.810 156.787 155.625 154.464 153.302 152.141 150.979 149.817 148.656 147.494 146.333 145.171 144.009 142.848 141.686 140.525 139.363 138.201 137.040 135.878 134.717
28.7730 31.6360 32.7980 35.7020 38.6060 40.8590 43.7630 46.6670 48.9210 51.8250 54.7290 57.6330 60.5370 63.4410 65.0440 67.9480 70.8520 73.7560 76.6600 79.5640 82.4680 85.3720 88.2760 91.1800 94.0840 96.9880 99.8920 102.796 105.700 108.604 111.508 114.412 117.316 120.220 123.124 126.028 128.932 131.836 134.740 137.644 140.548 143.452 146.356 149.260 152.164 155.068 157.048 157.873 157.902 157.368 156.206 155.045 153.883 152.721 151.560 150.398 149.237 148.075 146.913 145.752 144.590 143.429 142.267 141.105 139.944 138.782 137.621
31.6770 32.8380 35.7020 36.8630 39.7670 42.6710 44.9250 47.8290 50.7330 52.9860 55.8900 58.7940 61.6980 64.6020 67.5060 69.1090 72.0130 74.9170 77.8210 80.7250 83.6290 86.5330 89.4370 92.3410 95.2450 98.1490 101.053 103.957 106.861 109.765 112.669 115.573 118.477 121.381 124.285 127.189 130.093 132.997 135.901 138.805 141.709 144.613 147.517 150.421 151.821 152.983 154.144 154.969 154.998 155.027 155.056 155.085 156.247 155.625 154.464 153.302 150.869 149.707 148.545 147.384 146.222 145.061 143.899 142.906 141.744 140.583 139.421
32.8790 35.7420 36.9040 39.7670 40.9290 43.8330 46.7370 48.9900 51.8940 54.7980 57.0520 59.9560 62.8600 65.7640 68.6680 71.5720 73.1750 76.0790 78.9830 81.8870 84.7910 87.6950 90.5990 93.5030 96.4070 99.3110 102.215 105.119 108.023 110.927 113.831 116.735 119.639 122.543 125.447 128.351 131.255 134.159 137.063 139.967 142.871 145.432 146.594 147.756 148.917 150.079 151.386 152.065 152.094 152.123 152.152 152.181 153.343 154.504 153.691 150.828 149.666 146.803 145.641 144.480 143.318 142.157 140.995 140.513 138.840 137.679 136.517
34.6910 36.9450 39.8080 40.9700 43.8330 44.9950 47.8990 50.8030 53.0560 55.9600 58.8640 61.1180 64.0220 66.9260 69.8300 72.7340 75.6380 77.2410 80.1450 83.0490 85.9530 88.8570 91.7610 94.6650 97.5690 100.473 103.377 106.281 109.185 112.089 114.993 117.897 120.801 123.705 126.609 129.513 132.417 135.321 138.225 140.205 141.367 142.528 143.690 144.852 146.013 147.320 148.482 149.161 149.190 149.219 149.248 149.277 150.439 151.600 150.787 149.626 146.762 145.601 142.737 141.576 140.414 139.253 138.091 137.609 136.447 134.775 133.613
35.8530 38.7570 41.0100 43.8740 45.0350 47.8990 49.0600 51.9640 54.8680 57.1220 60.0260 62.9300 65.1830 68.0870 70.9910 73.8950 76.7990 79.7030 81.3060 84.2100 87.1140 90.0180 92.9220 95.8260 98.7300 101.634 104.538 107.442 110.346 113.250 116.154 119.058 121.962 124.866 127.770 130.674 133.578 136.482 138.463 137.301 138.463 139.624 140.786 141.948 143.254 144.416 145.578 146.257 146.286 146.315 146.344 146.373 147.535 148.696 149.626 146.722 145.560 142.697 141.535 138.672 137.510 136.349 135.187 134.705 133.543 132.382 130.709
37.0140 39.9180 42.8220 45.0760 47.9390 49.1010 51.9640 53.1260 56.0300 58.9340 61.1870 64.0910 66.9950 69.2490 72.1530 75.0570 77.9610 80.8650 83.7690 85.3720 88.2760 91.1800 94.0840 96.9880 99.8920 102.796 105.700 108.604 111.508 114.412 117.316 120.220 123.124 126.028 128.932 131.836 134.740 136.581 135.559 134.397 135.559 136.720 137.882 140.321 140.350 141.512 142.674 143.353 143.382 143.411 143.440 143.469 144.631 145.792 146.954 145.560 142.656 141.494 138.631 137.470 134.606 133.445 132.283 132.312 130.639 129.478 129.507
39.9180 41.0800 43.9840 46.8880 49.1410 52.0050 53.1660 56.0300 57.1910 60.0950 62.9990 65.2530 68.1570 71.0610 73.3140 76.2180 79.1220 82.0260 84.9300 87.8340 89.4370 92.3410 95.2450 98.1490 101.053 103.957 106.861 109.765 112.669 115.573 118.477 121.381 124.285 127.189 130.093 131.354 132.515 133.677 132.655 131.493 132.655 133.816 136.720 137.417 137.446 138.608 139.770 140.449 140.478 140.507 140.536 140.565 141.727 142.888 144.050 144.398 141.494 138.590 137.429 134.566 133.404 130.541 129.379 129.408 129.437 126.574 126.603
42.8220 43.9840 45.1460 48.0500 50.9540 53.2070 56.0700 57.2320 60.0950 61.2570 64.1610 67.0650 69.3180 72.2220 75.1260 77.3800 80.2840 83.1880 86.0920 88.9960 91.9000 93.5030 96.4070 99.3110 102.215 105.119 108.023 110.927 113.831 116.735 119.639 122.543 125.447 128.351 128.421 128.450 129.611 131.423 129.751 128.589 129.751 132.655 133.834 134.513 134.542 135.704 136.866 137.545 137.574 137.603 137.632 137.661 138.823 139.984 141.146 142.308 140.333 137.429 134.525 133.363 130.500 129.338 126.475 126.504 126.533 129.437 129.507
45.7260 46.8880 48.0500 49.2110 52.1150 55.0190 57.2730 60.1360 61.2980 64.1610 65.3230 68.2270 71.1310 73.3840 76.2880 79.1920 81.4460 84.3500 87.2540 90.1580 93.0620 95.9660 97.5690 100.473 103.377 106.281 109.185 112.089 114.993 117.897 120.801 123.705 126.609 125.488 125.517 125.546 128.450 128.519 128.548 125.685 128.589 129.768 131.580 131.609 131.638 132.800 133.962 134.641 134.670 134.699 134.728 134.757 135.919 137.080 138.242 140.194 138.521 136.267 133.363 130.459 129.298 126.434 129.338 129.408 129.437 130.599 132.411
48.6300 49.7920 50.9540 52.1150 53.2770 56.1810 59.0850 61.3380 64.2020 65.3630 68.2270 69.3880 72.2920 75.1960 77.4500 80.3540 83.2580 85.5110 88.4150 91.3190 94.2230 97.1270 100.031 101.634 104.538 107.442 110.346 113.250 116.154 119.058 121.962 124.866 127.770 125.517 128.421 125.557 125.586 125.615 125.644 125.674 125.703 128.607 128.676 128.705 128.734 129.896 131.708 131.737 131.766 131.795 131.824 131.853 133.015 134.176 137.080 137.290 136.128 134.455 132.202 129.298 126.394 129.298 130.500 132.312 132.341 133.503 134.664
51.5340 52.6960 53.8580 55.0190 56.1810 57.3420 60.2460 63.1500 65.4040 68.2670 69.4290 72.2920 73.4540 76.3580 79.2620 81.5150 84.4190 87.3230 89.5770 92.4810 95.3850 98.2890 101.193 104.097 105.700 108.604 111.508 114.412 117.316 120.220 123.124 126.028 128.932 128.421 125.557 128.461 128.490 128.519 128.548 128.578 125.714 125.743 125.772 125.801 125.830 128.734 128.804 128.833 128.862 128.891 128.920 128.949 130.111 133.015 134.217 134.386 133.224 132.062 130.390 129.228 126.365 129.269 132.173 134.566 135.245 136.407 137.568
54.4380 55.6000 56.7620 57.9230 59.0850 60.2460 61.4080 64.3120 67.2160 69.4690 72.3330 73.4940 76.3580 77.5190 80.4230 83.3270 85.5810 88.4850 91.3890 93.6420 96.5460 99.4500 102.354 105.258 108.162 109.765 112.669 115.573 118.477 121.381 124.285 127.189 130.093 128.490 125.586 128.490 129.693 131.423 131.452 129.780 128.618 128.647 128.676 128.705 128.734 125.871 125.900 125.929 125.958 125.987 126.016 126.045 128.949 130.151 131.964 131.993 130.320 129.158 129.187 126.324 129.228 130.430 133.334 136.238 138.149 139.311 140.472
57.3420 58.5040 59.6660 60.8270 61.9890 63.1500 64.3120 65.4740 68.3780 71.2820 73.5350 76.3980 77.5600 80.4230 81.5850 84.4890 87.3930 89.6460 92.5500 95.4540 97.7080 100.612 103.516 106.420 109.324 112.228 113.831 116.735 119.639 122.543 125.447 128.351 131.255 129.652 128.490 125.627 128.531 131.435 133.845 132.684 131.522 131.551 131.580 131.609 129.937 128.775 128.804 128.833 128.862 128.891 128.920 126.057 126.086 128.990 129.060 129.089 129.118 126.254 126.283 129.187 130.390 133.294 134.496 137.400 140.304 142.215 143.376
60.2460 61.4080 62.5700 63.7310 64.8930 66.0540 67.2160 68.3780 69.5390 72.4430 75.3470 77.6010 80.4640 81.6260 84.4890 85.6510 88.5550 91.4590 93.7120 96.6160 99.5200 101.774 104.678 107.582 110.486 113.390 116.294 117.897 120.801 123.705 126.609 129.513 132.417 131.464 128.560 125.656 128.560 131.464 134.368 135.588 134.426 134.455 134.484 134.002 132.841 131.679 131.708 131.737 131.766 131.795 130.122 128.961 128.990 126.127 126.156 126.185 126.214 129.118 129.187 130.349 133.253 134.455 137.359 138.561 141.465 144.369 146.280
63.1500 64.3120 65.4740 66.6350 67.7970 68.9580 70.1200 71.2820 72.4430 73.6050 76.5090 79.4130 81.6660 84.5300 85.6910 88.5550 89.7160 92.6200 95.5240 97.7780 100.682 103.586 105.839 108.743 111.647 114.551 117.455 120.359 121.962 124.866 127.770 130.674 133.578 131.493 128.589 125.685 128.589 131.493 133.886 136.790 137.330 137.359 137.388 136.906 135.745 134.583 134.612 134.641 134.670 134.188 133.026 131.865 130.192 129.031 129.060 129.089 129.118 130.279 132.091 133.253 134.415 137.319 138.521 141.425 142.627 145.531 148.435
66.0540 67.2160 68.3780 69.5390 70.7010 71.8620 73.0240 74.1860 75.3470 76.5090 77.6700 80.5740 83.4780 85.7320 88.5950 89.7570 92.6200 93.7820 96.6860 99.5900 101.843 104.747 107.651 109.905 112.809 115.713 118.617 121.521 124.425 126.028 128.932 131.836 133.787 131.522 128.618 125.714 128.618 129.820 132.724 135.628 138.532 140.263 140.292 139.810 138.649 137.487 137.516 137.545 137.574 137.092 135.930 134.258 133.096 131.935 131.964 131.993 132.022 133.183 134.345 136.157 137.319 138.480 141.384 142.586 145.490 146.693 149.597
68.9580 70.1200 71.2820 72.4430 73.6050 74.7660 75.9280 77.0900 78.2510 79.4130 80.5740 81.7360 84.6400 87.5440 89.7970 92.6610 93.8220 96.6860 97.8470 100.751 103.655 105.909 108.813 111.717 113.970 116.874 119.778 122.682 125.586 128.490 128.560 129.722 132.626 131.551 128.647 125.743 125.755 128.659 131.563 134.467 137.371 140.275 143.179 142.714 141.553 140.391 140.420 140.449 140.478 139.996 138.323 137.162 136.000 134.839 134.868 134.897 134.926 136.087 137.249 138.410 140.223 141.384 142.546 145.450 146.652 149.556 150.758
71.8620 73.0240 74.1860 75.3470 76.5090 77.6700 78.8320 79.9940 81.1550 82.3170 83.4780 84.6400 85.8020 88.7060 91.6100 93.8630 96.7260 97.8880 100.751 101.913 104.817 107.721 109.974 112.878 115.782 118.036 120.940 123.844 126.748 125.627 125.656 128.560 131.464 131.580 128.676 125.772 125.784 128.688 131.592 133.985 136.889 139.793 142.697 145.601 144.457 143.295 143.324 143.353 143.382 142.389 141.227 140.066 138.904 137.743 137.772 137.801 137.830 138.991 140.153 141.314 142.476 144.288 145.450 146.611 149.515 150.718 153.622
74.7660 75.9280 77.0900 78.2510 79.4130 80.5740 81.7360 82.8980 84.0590 85.2210 86.3820 87.5440 88.7060 89.8670 92.7710 95.6750 97.9290 100.792 101.954 104.817 105.979 108.883 111.787 114.040 116.944 119.848 122.102 125.006 127.910 128.531 125.668 128.572 131.476 131.609 128.705 125.801 125.813 128.717 129.919 132.823 135.727 138.631 141.535 144.439 146.321 146.199 146.228 146.257 146.286 145.293 144.131 142.970 141.808 140.647 140.676 140.705 140.734 141.895 143.057 144.218 145.380 146.542 148.354 149.515 150.677 153.581 154.783
77.6700 78.8320 79.9940 81.1550 82.3170 83.4780 84.6400 85.8020 86.9630 88.1250 89.2860 90.4480 91.6100 92.7710 93.9330 96.8370 99.7410 101.994 104.858 106.019 108.883 110.044 112.948 115.852 118.106 121.010 123.914 126.167 129.071 128.601 125.697 128.601 131.505 131.638 128.734 125.830 125.842 125.854 128.758 131.662 134.566 137.470 140.374 142.255 145.159 148.063 149.132 149.161 149.190 148.197 147.035 145.874 144.712 143.551 143.580 143.609 143.638 144.799 145.961 147.122 148.284 149.446 150.607 152.419 153.581 154.743 157.647
80.5740 81.7360 82.8980 84.0590 85.2210 86.3820 87.5440 88.7060 89.8670 91.0290 92.1900 93.3520 94.5140 95.6750 96.8370 97.9980 100.902 103.806 106.060 108.923 110.085 112.948 114.110 117.014 119.918 122.171 125.075 127.979 130.233 128.630 125.726 128.630 131.534 132.800 129.896 128.734 125.871 125.883 128.787 131.691 134.083 136.987 138.190 141.094 143.998 146.391 149.295 152.065 152.094 151.101 149.939 148.778 147.616 146.455 146.484 146.513 146.542 147.703 148.865 150.026 151.188 152.350 153.511 154.673 156.485 157.647 158.808
83.4780 84.6400 85.8020 86.9630 88.1250 89.2860 90.4480 91.6100 92.7710 93.9330 95.0940 96.2560 97.4180 98.5790 99.7410 100.902 102.064 104.968 107.872 110.125 112.989 114.150 117.014 118.175 121.079 123.983 126.237 129.141 131.563 128.659 125.755 128.659 129.861 132.765 131.708 128.804 125.900 125.912 128.816 130.018 132.922 134.124 137.028 139.932 142.325 145.229 148.133 151.037 153.941 154.005 152.843 151.682 150.520 149.359 149.388 149.417 149.446 150.607 151.769 152.930 154.092 155.254 156.415 157.577 158.738 160.551 161.712
86.3820 87.5440 88.7060 89.8670 91.0290 92.1900 93.3520 94.5140 95.6750 96.8370 97.9980 99.1600 100.322 101.483 102.645 103.806 104.968 106.130 109.034 111.938 114.191 117.054 118.216 121.079 122.241 125.145 128.049 130.302 132.724 129.820 128.659 125.795 128.699 131.603 130.035 128.833 125.929 128.816 125.952 128.856 130.059 132.963 135.867 138.259 141.163 144.067 146.971 149.875 152.779 155.683 155.747 154.586 153.424 152.263 152.292 152.321 152.350 153.511 154.673 155.834 156.996 158.158 159.319 160.481 161.642 162.804 164.616
89.2860 90.4480 91.6100 92.7710 93.9330 95.0940 96.2560 97.4180 98.5790 99.7410 100.902 102.064 103.226 104.387 105.549 106.710 107.872 109.034 110.195 113.099 116.003 118.257 121.120 122.282 125.145 126.307 129.211 132.115 133.886 131.633 128.729 125.825 128.729 129.931 128.850 125.970 128.833 129.995 128.856 125.993 128.897 131.801 134.194 137.098 140.002 142.906 145.810 148.714 151.618 154.522 157.426 157.490 156.328 155.167 155.196 155.225 155.254 156.415 157.577 158.738 159.900 161.062 162.223 163.385 164.546 165.708 166.870
92.1900 93.3520 94.5140 95.6750 96.8370 97.9980 99.1600 100.322 101.483 102.645 103.806 104.968 106.130 107.291 108.453 109.614 110.776 111.938 113.099 114.261 117.165 120.069 122.322 125.186 126.347 129.211 130.372 133.276 135.698 132.794 129.890 128.729 125.865 128.769 125.946 125.976 128.880 131.784 128.926 126.022 128.926 130.128 133.032 135.936 138.840 141.744 144.648 147.552 150.456 153.360 156.264 159.168 159.232 158.071 158.100 158.129 158.158 159.319 160.481 161.642 162.804 163.966 165.127 166.289 167.450 168.612 169.774
95.0940 96.2560 97.4180 98.5790 99.7410 100.902 102.064 103.226 104.387 105.549 106.710 107.872 109.034 110.195 111.357 112.518 113.680 114.842 116.003 117.165 118.326 121.230 124.134 126.388 129.251 130.413 133.276 134.438 136.860 133.956 131.702 128.798 125.894 125.906 125.935 128.839 130.041 132.945 130.088 128.926 126.063 128.967 131.871 134.775 137.679 140.583 143.487 146.391 149.295 152.199 155.103 158.007 160.911 160.975 161.004 161.033 161.062 162.223 163.385 164.546 165.708 166.870 168.031 169.193 170.354 171.516 172.678
97.9980 99.1600 100.322 101.483 102.645 103.806 104.968 106.130 107.291 108.453 109.614 110.776 111.938 113.099 114.261 115.422 116.584 117.746 118.907 120.069 121.230 122.392 125.296 128.200 130.453 133.317 134.478 137.342 138.021 135.768 132.864 129.960 128.798 125.935 128.839 130.000 132.904 134.107 131.900 128.996 126.092 128.996 131.900 134.804 137.708 140.612 143.516 146.420 149.324 152.228 155.132 158.036 160.940 163.844 163.908 163.937 163.966 165.127 166.289 167.450 168.612 169.774 170.935 172.097 173.258 174.420 175.582
100.902 102.064 103.226 104.387 105.549 106.710 107.872 109.034 110.195 111.357 112.518 113.680 114.842 116.003 117.165 118.326 119.488 120.650 121.811 122.973 124.134 125.296 126.458 129.362 132.266 134.519 137.382 138.544 139.833 136.929 134.025 131.772 128.868 125.964 128.868 131.772 134.066 134.833 131.929 129.025 126.121 129.025 131.929 134.833 137.737 140.641 142.523 145.427 148.331 151.235 154.139 157.043 159.947 162.851 165.755 166.841 166.870 168.031 169.193 170.354 171.516 172.678 173.839 175.001 176.162 177.324 178.486
