AppendixA/HikerMovements/data/dist_coronelle_1000.asc
ncols 271
nrows 294
xllcorner 698225
yllcorner 5141858
cellsize 30.00
nodata_value  225.477
[rows 145 to 173 of 294, columns 0 to 66 of 271]
32.4320 31.2300 28.3260 27.1640 26.0020 24.1900 22.9880 20.0840 18.8820 15.9780 14.7760 11.8720 9.47900 6.57500 3.67100 6.53400 6.54000 3.63600 3.62400 6.52800 9.43200 12.3360 15.2400 18.1440 21.0480 23.9520 26.8560 29.7600 28.9300 26.0260 23.1220 20.2180 17.3140 14.4100 11.5060 8.60200 5.69800 2.79400 5.65700 6.81900 9.72300 12.6270 10.9250 8.02100 5.11700 2.21300 2.18400 2.15500 5.01800 4.98900 4.91900 2.01500 1.98600 1.95700 4.82100 4.79200 4.76300 4.73400 5.89500 5.78500 4.62300 4.59400 4.56500 4.53600 4.50700 4.47800 4.44900
31.2700 28.3660 27.1640 24.2600 23.0980 21.9370 20.1250 18.9220 16.0180 14.8160 11.9120 10.7100 7.80600 6.60400 3.70000 6.60400 7.70100 6.54000 3.65300 6.55700 9.46100 11.8540 14.7580 17.6620 20.5660 23.4700 26.3740 29.2780 30.0910 27.1870 24.2830 21.3790 18.4750 15.5710 12.6670 9.76300 6.85900 5.65700 2.75300 5.65700 8.56100 11.4650 10.4080 8.03200 5.12800 2.22400 2.19500 2.18400 5.08800 7.89300 6.08100 4.91900 4.89000 4.86100 6.02300 7.69600 7.66700 7.63800 8.79900 8.68900 7.52700 7.49800 7.46900 7.44000 7.41100 7.38200 7.35300
30.1090 27.2050 24.3010 23.0980 20.1940 19.0330 17.8710 16.0590 14.8570 11.9530 10.7510 7.84700 6.64400 3.74000 3.72900 6.63300 9.49000 6.58600 3.68200 6.58600 7.78900 10.6930 13.5970 16.5010 19.4050 22.3090 25.2130 28.1170 31.0210 28.3490 25.4450 22.5410 19.6370 16.7330 13.8290 10.9250 8.53200 5.62800 2.72400 5.62800 8.53200 10.4490 9.24600 6.34200 5.14000 2.23600 5.09900 5.08800 6.24900 9.15300 8.98500 7.82300 7.79400 7.76500 8.92700 10.0880 10.5710 10.5420 11.7030 11.5930 10.4310 10.4020 10.3730 10.3440 10.3150 10.2860 10.2570
27.2860 26.0430 23.1390 20.2350 19.0330 16.1290 14.9670 13.8060 11.9940 10.7910 7.88700 6.68500 3.78100 3.76900 6.63300 7.79400 9.51900 6.61500 3.71100 3.72300 6.62700 9.53100 12.4350 15.3390 18.2430 21.1470 24.0510 26.9550 29.8590 28.8310 25.9270 23.0230 20.1190 17.2150 14.3110 11.4070 8.50300 5.59900 2.69500 5.59900 8.50300 9.28700 6.38300 5.18100 2.27700 5.14000 6.30200 7.99200 9.15300 10.3150 11.8890 10.7270 10.6980 10.6690 11.8310 12.9920 13.4750 13.4460 14.6070 14.4970 13.3350 13.3060 13.2770 13.2480 13.2190 13.1900 13.1610
24.3820 23.2200 21.9770 19.0730 16.1690 14.9670 12.0630 10.9020 9.74000 7.92800 6.72600 3.82200 3.81000 6.67300 7.83500 10.6980 10.6810 7.77700 6.61500 3.75200 6.65600 9.56000 12.4640 15.3680 18.2720 21.1760 24.0800 26.9840 29.8880 28.8020 25.8980 22.9940 20.0900 17.1860 14.2820 11.3780 8.47400 5.57000 2.66600 5.52900 6.69100 8.12500 5.22100 2.31700 2.30600 5.21000 8.11400 10.3670 12.0570 13.2190 14.3810 13.6310 13.6020 13.5730 14.7350 15.8960 16.3790 16.3500 17.5110 17.4010 16.2390 16.2100 16.1810 16.1520 16.1230 16.0940 16.0650
23.2200 20.3160 19.1550 17.9120 15.0080 12.1040 10.9020 7.99800 6.83600 6.76600 3.86200 3.85100 6.71400 7.87600 10.7390 11.9010 11.8430 9.58900 6.68500 3.78100 6.68500 9.58900 12.4930 15.3970 18.3010 21.2050 24.1090 27.0130 29.9170 28.7730 25.8690 22.9650 20.0610 17.1570 14.2530 11.3490 8.44500 5.54100 2.63700 2.62500 5.52900 8.15400 5.25000 2.34600 5.21000 6.37100 9.27500 12.1790 14.4330 16.1230 17.2850 16.5350 16.5060 16.4770 17.6390 18.8000 19.2830 19.2540 20.4150 20.3050 19.1430 19.1140 19.0850 19.0560 19.0270 18.9980 18.9690
20.3570 19.1550 16.2510 15.0890 13.8460 10.9420 8.03800 6.83600 3.93200 3.90300 6.76600 6.75500 7.91600 10.7800 11.9410 12.0230 10.8200 7.91600 6.71400 3.81000 6.71400 9.61800 12.5220 15.4260 18.3300 21.2340 24.1380 27.0420 29.9460 29.9340 27.0300 24.1260 21.2220 18.3180 15.4140 12.5100 9.60600 6.70200 5.50000 2.59600 5.50000 8.18300 5.27900 2.37500 5.27900 8.18300 10.4370 13.3410 16.2450 18.4980 20.1890 19.4390 19.4100 19.3810 20.5430 21.7040 22.1870 22.1580 23.3190 23.2090 22.0470 22.0180 21.9890 21.9600 21.9310 21.9020 21.8730
19.1950 16.2910 15.0890 12.1850 11.0240 9.78100 6.87700 3.97300 3.94400 6.80700 7.96900 9.65900 10.8200 11.9820 13.7650 10.8610 7.95700 6.75500 3.85100 6.71400 7.87600 10.7800 13.6840 16.5880 19.4920 22.3960 25.3000 28.2040 31.1080 31.0960 28.1920 25.2880 22.3840 19.4800 16.5760 13.6720 10.7680 8.37500 5.47100 2.56700 5.43000 6.51100 5.30900 2.40500 5.30900 8.21300 11.1170 14.0210 16.9250 19.8290 22.5640 22.3430 22.3140 22.2850 23.4470 24.6080 25.0910 25.0620 26.2230 26.1130 24.9510 24.9220 24.8930 24.8640 24.8350 24.8060 24.7770
16.3320 15.1300 12.2260 11.0240 8.12000 6.95800 6.88800 3.98400 6.84800 8.00900 10.8730 12.0340 13.7240 14.8860 12.6030 9.69900 6.79500 3.89100 3.88000 6.78400 9.68800 11.9410 14.8450 17.7490 20.6530 23.5570 26.4610 29.3650 32.2690 31.5960 28.6920 25.7880 22.8840 19.9800 17.0760 14.1720 11.2680 8.36400 5.46000 2.55600 2.52600 5.34900 2.44500 5.30900 6.47000 9.37400 12.2780 15.1820 18.0860 20.9900 23.8940 25.2470 25.2180 25.1890 26.3510 27.5120 27.9950 27.9660 29.1270 29.0170 27.8550 27.8260 27.7970 27.7680 27.7390 27.7100 27.6810
15.1700 12.2660 11.0640 8.16000 6.95800 4.05400 4.02500 6.88800 8.05000 10.9130 12.0750 14.9380 16.1000 15.5360 12.6320 9.72800 6.82400 3.92000 6.78400 7.94500 10.8490 13.7530 16.0070 18.9110 21.8150 24.7190 27.6230 30.5270 33.4310 32.7570 29.8530 26.9490 24.0450 21.1410 18.2370 15.3330 12.4290 9.52500 6.62100 5.41900 2.51500 2.48600 2.47400 5.37800 8.28200 10.5360 13.4400 16.3440 19.2480 22.1520 25.0560 27.9600 28.1220 28.0930 29.2550 30.4160 30.8990 30.8700 32.0310 31.9210 30.7590 30.7300 30.7010 30.6720 30.6430 30.6140 30.5850
12.3070 11.1050 8.20100 6.99900 4.09500 6.95800 6.92900 8.09100 10.9540 12.1150 14.9790 16.1400 17.8830 14.9790 12.0750 9.75700 6.85300 3.94900 6.85300 9.75700 12.0110 14.9150 17.8190 20.0720 22.9760 25.8800 28.1570 31.0210 32.1820 32.9370 30.0330 27.1290 25.2070 22.3030 19.3990 16.4950 13.5910 10.6870 9.48400 6.58000 5.41900 5.39000 2.50300 5.40700 8.31100 11.2150 14.1190 17.0230 19.9270 22.8310 25.7350 28.6390 31.0260 30.9970 32.1590 33.3200 33.8030 33.7740 34.9350 34.8250 33.6630 33.6340 33.6050 33.5760 33.5470 33.5180 33.4890
11.1460 8.24200 7.03900 4.13500 6.99900 8.16000 9.83300 10.9950 12.1560 15.0190 16.1810 19.0440 16.7210 13.8170 10.9130 8.00900 6.84800 3.97800 6.88200 9.78600 12.6900 15.5940 18.4980 21.4020 22.9300 24.0920 26.9550 28.1170 30.9800 30.1320 28.8720 25.9680 23.0640 21.8610 18.9570 17.6560 14.7520 13.5500 10.6460 8.35200 5.44800 2.54400 2.53200 5.43600 8.34000 11.2440 14.1480 17.0520 19.9560 22.8600 25.7640 28.6680 31.5720 33.9010 35.0630 36.2240 36.7070 36.6780 37.8390 37.7290 36.5670 36.5380 36.5090 36.4800 36.4510 36.4220 36.3930
8.28200 7.08000 4.17600 4.16400 7.06800 9.97200 12.2260 13.8990 15.0600 16.2220 19.0850 18.4640 15.5600 12.6560 9.75200 6.84800 3.94400 6.84800 8.04400 10.9480 13.8520 16.0130 17.7030 18.8640 20.0260 22.8890 24.0510 26.9140 28.0760 27.2280 26.0660 24.8060 21.9020 18.9980 17.7960 14.8920 13.6890 10.7850 9.58300 6.67900 5.47700 2.57300 5.43600 6.59800 9.50200 12.4060 15.3100 18.2140 21.1180 24.0220 26.9260 29.8300 32.7340 35.6380 37.9670 39.1280 39.6110 39.5820 40.7430 40.6330 39.4710 39.4420 39.4130 39.3840 39.3550 39.3260 39.2970
7.12100 4.21700 4.20500 7.06800 8.23000 11.1340 14.0380 16.2910 17.9640 19.1260 20.2870 18.4350 15.5310 12.6270 9.72300 6.81900 3.91500 6.81900 9.62400 10.7850 11.9470 13.6370 14.7990 15.9600 18.8240 19.9850 22.8490 24.0100 26.8970 26.0660 23.1620 22.0010 20.7400 17.8360 14.9320 13.7300 10.8260 9.62400 6.72000 5.51800 2.61400 2.60200 5.50600 8.41000 10.6630 13.5670 16.4710 19.3750 22.2790 25.1830 28.0870 30.9910 33.8950 36.7990 39.7030 42.0320 42.5150 42.4860 43.6470 43.5370 42.3750 42.3460 42.3170 42.2880 42.2590 42.2300 41.8870
4.25700 7.12100 7.10900 8.27100 11.1340 12.2960 15.2000 18.1040 20.3570 22.0300 21.3100 18.4060 15.5020 12.5980 9.69400 6.79000 3.88600 6.74900 6.72000 7.88100 9.57200 10.7330 11.8950 14.7580 15.9200 18.7830 19.9450 22.8310 23.9930 23.2030 22.0010 19.0970 17.9350 16.6750 13.7710 10.8670 9.66500 6.76100 5.55800 2.65400 2.64300 5.50600 6.66800 9.57200 12.4760 14.7290 17.6330 20.5370 23.4410 26.3450 29.2490 32.1530 35.0570 37.9610 40.8650 43.7690 45.4190 45.3900 46.5510 46.4410 45.2790 45.2500 45.2210 45.1920 45.1630 45.1340 44.7910
7.16100 8.32300 10.0130 11.1750 12.3360 15.2000 16.3610 19.2650 22.1690 24.4230 22.4710 19.5670 16.6630 13.7590 10.8550 7.95100 6.74900 3.84500 3.81600 6.67900 6.66800 7.82900 10.6930 11.8540 14.7170 15.8790 18.7660 19.9270 22.8310 22.0410 19.1370 17.9350 15.0310 13.8700 12.6090 9.70500 6.80100 5.59900 2.69500 2.68300 5.54700 6.70800 9.57200 10.7330 13.6370 16.5410 18.7950 21.6990 24.6030 27.5070 30.4110 33.3150 36.2190 39.1230 42.0270 44.9310 47.8350 48.2940 49.4550 49.3450 48.1830 48.1540 48.1250 48.0960 48.0670 48.0380 47.6950
10.0650 11.2270 12.3880 14.0790 15.2400 16.4020 19.2650 20.4270 23.3310 26.2350 23.6330 20.7290 17.8250 14.9210 12.0170 10.8140 7.91000 6.74900 6.67900 3.77500 3.76400 6.62700 7.78900 10.6520 11.8130 14.7000 15.8620 18.7660 21.6700 19.1780 17.9760 15.0720 13.8700 10.9660 9.80400 8.54400 5.64000 2.73600 2.72400 5.58700 6.74900 9.61200 10.7740 13.6370 14.7990 17.7030 20.6070 22.8600 25.7640 28.6680 31.5720 34.4760 37.3800 40.2840 43.1880 46.0920 48.9960 51.1980 52.3590 52.2490 51.0870 51.0580 51.0290 51.0000 50.9710 50.2860 47.3820
12.9690 14.1310 15.2920 16.4540 18.1440 19.3060 20.4670 23.2730 24.4340 25.5960 24.7940 21.8900 18.9860 16.0820 14.8800 11.9760 10.8140 9.65300 7.84100 6.63900 3.73500 3.72300 6.58600 7.74800 10.6340 11.7960 14.7000 17.6040 19.2190 18.0160 15.1120 13.9100 11.0060 9.80400 6.90000 5.73800 5.66900 2.76500 5.62800 6.79000 9.65300 10.8140 13.6780 14.8390 17.7030 18.8640 21.7680 24.6720 26.9260 29.8300 32.7340 35.6380 38.5420 41.4460 44.3500 47.2540 48.4560 51.3600 52.5620 55.1530 53.9910 53.9620 53.9330 53.9040 52.0280 49.1240 46.2200
15.8730 16.4600 16.4310 16.4020 17.5630 18.7250 19.2070 20.3690 21.5300 22.6920 23.8530 23.0520 20.1480 18.9460 16.0420 14.8800 13.7180 11.9060 10.7040 7.80000 6.59800 3.69400 3.68200 6.56900 7.73000 10.6340 13.5380 16.4420 18.0570 15.1530 13.9510 11.0470 9.84500 6.94100 5.73800 2.83400 2.80500 2.79400 5.69800 8.60200 10.8550 13.7180 14.8800 17.7430 18.9050 21.7680 22.9300 25.8340 28.7380 30.9910 33.8950 36.1780 39.0820 41.9860 43.2290 44.3910 47.2950 48.4970 51.4010 54.3050 56.6800 56.8660 56.6740 53.7700 50.8660 47.9620 45.0580
13.5850 13.5560 13.5270 13.4980 14.6590 15.8210 16.3030 17.4650 18.6260 19.7880 20.9490 23.8130 23.0110 20.1070 18.9460 17.7840 15.9720 14.7700 11.8660 10.6630 7.75900 6.55700 3.65300 3.66500 6.56900 9.47300 12.3770 15.2810 15.1940 13.9910 11.0870 9.88500 6.98100 5.77900 2.87500 2.84600 5.70900 5.69800 6.85900 9.76300 12.6670 14.9210 17.7840 18.9460 21.8090 22.9710 25.6830 26.8450 28.0060 30.9100 32.1120 35.0160 37.9200 39.1630 40.3250 43.2290 44.4310 47.3350 50.2390 52.6150 55.5190 58.4230 56.7040 53.8000 50.8960 47.9920 45.0880
10.6810 10.6520 10.6230 10.5940 11.7550 12.9170 13.3990 14.5610 15.7220 16.8840 19.7470 20.9090 23.7720 23.0110 21.8500 20.0380 18.8350 15.9310 14.7290 11.8250 9.43200 6.52800 3.62400 6.52800 7.73000 10.6340 13.5380 16.4420 14.0320 11.1280 9.92600 7.02200 5.82000 2.91600 2.88700 5.75000 6.91200 8.60200 9.76300 10.9250 13.8290 16.7330 18.1330 19.2940 20.4560 21.6170 22.7790 23.9410 26.8450 28.0470 30.9510 33.8550 35.0980 36.2590 39.1630 40.3660 43.2700 46.1740 48.5490 51.4530 54.3570 57.2610 56.7330 53.8290 50.9250 48.0210 45.1170
7.77700 7.74800 7.71900 7.69000 8.85100 10.5240 10.4950 11.6570 12.8180 15.6820 16.8430 19.7070 20.8680 22.5580 23.7200 22.9010 19.9970 18.1150 15.2110 12.3070 9.40300 6.49900 3.59500 6.49900 9.40300 11.7960 14.7000 14.1130 12.8710 9.96700 7.06300 5.86000 2.95600 2.92700 5.79100 6.95200 9.81600 10.9770 12.6670 13.8290 14.9900 15.2000 15.2290 16.3900 17.5520 18.7130 19.8750 22.7790 23.9810 26.8850 29.7890 31.0320 32.1940 35.0980 36.3000 39.2040 42.1080 44.4830 47.3870 50.2910 53.1950 56.0990 56.7620 53.8580 50.9540 48.0500 45.1460
4.87300 4.84400 4.81500 4.78600 7.64900 7.62000 7.59100 8.75300 11.6160 12.7780 15.6410 16.8030 18.4930 19.6540 20.8160 23.6790 20.9900 18.0860 15.1820 12.2780 9.37400 6.47000 3.56600 6.47000 9.37400 12.2780 14.1130 11.2090 10.0480 8.80500 5.90100 2.99700 2.96800 5.83100 6.99300 9.85600 11.0180 12.1790 12.2080 12.2370 12.2660 12.2960 12.3250 13.4860 14.6480 15.8090 18.7130 19.9160 22.8200 25.7240 26.9670 28.1280 31.0320 32.2340 35.1380 38.0420 40.4180 43.3220 46.2260 49.1300 52.0340 54.9380 56.2800 53.3760 50.4720 47.5680 44.6640
7.77700 7.74800 7.71900 7.64900 4.74500 4.71600 4.68700 7.55000 8.71200 11.5750 12.7370 14.4270 15.5890 16.7500 19.6140 20.7750 20.9610 18.0570 15.1530 12.2490 9.34500 6.44100 3.53700 6.44100 9.34500 12.2490 11.2500 10.0480 7.14400 5.98200 5.91300 3.00900 5.87200 7.03300 9.89700 11.0580 10.4370 9.27500 9.30400 9.33300 9.36200 9.39200 9.42100 10.5820 11.7440 14.6480 15.8500 18.7540 21.6580 22.9010 24.0630 26.9670 28.1690 31.0730 33.9770 36.3520 39.2560 42.1600 45.0640 47.9680 50.8720 53.7760 55.1180 52.2140 49.3100 46.4060 43.5020
10.6810 10.6520 10.6230 8.81100 7.64900 7.57900 4.67500 4.64600 7.51000 8.67100 10.3610 11.5230 12.6850 15.5480 16.7100 19.5730 20.7350 18.0280 15.1240 12.2200 9.31600 6.41200 3.50800 6.41200 9.31600 11.2910 10.0880 7.18400 5.98200 3.07800 3.04900 3.03800 5.94200 8.84600 10.3670 9.20600 7.53300 6.37100 6.40000 6.42900 6.45800 6.48800 6.51700 7.67800 10.5820 11.7840 14.6880 17.5920 18.8350 19.9970 22.9010 24.1030 27.0070 29.9110 32.2870 35.1910 38.0950 40.9990 43.9030 46.8070 49.7110 52.6150 53.9560 51.0520 48.1480 45.2440 42.3400
13.5850 13.5560 12.8760 11.7150 10.5530 8.74100 7.57900 7.51000 4.60600 7.46900 7.45700 8.61900 11.4820 12.6440 15.5070 16.6690 19.5730 17.3890 14.4850 11.5810 9.28700 6.38300 3.47900 6.38300 9.28700 10.1290 7.22500 6.02300 3.11900 3.09000 5.95300 5.94200 7.10300 9.13600 7.46300 6.30200 6.33100 3.46700 3.49600 3.52500 3.55400 3.58400 3.61300 6.51700 7.71900 10.6230 13.5270 14.7700 15.9310 18.8350 20.0380 22.9420 25.8460 28.2210 31.1250 34.0290 36.9330 39.8370 42.7410 45.6450 48.5490 51.4530 53.9850 51.0810 48.1770 45.2730 42.3690
16.4890 16.4600 15.7800 14.6190 12.8070 11.6450 10.4830 8.67100 7.46900 4.56500 4.55300 7.41700 8.57800 11.4420 12.6030 15.5070 18.4110 16.2280 13.3240 10.4200 7.51600 6.35400 3.45000 6.31300 7.47500 8.96800 6.06400 3.16000 3.13100 5.99400 7.15500 8.84600 7.39400 6.23200 6.26100 3.39800 3.42700 3.45600 6.36000 6.42900 6.45800 6.48800 3.62400 3.65300 6.55700 9.46100 10.7040 11.8660 14.7700 15.9720 18.8760 21.7800 24.1550 27.0590 29.9630 32.8670 35.7710 38.6750 41.5790 44.4830 47.3870 50.2910 53.1950 51.1100 48.2060 45.3020 42.3980
19.3930 19.3640 18.6840 16.8720 15.7110 14.5490 12.7370 11.5350 8.63100 7.42800 4.52400 4.51300 7.37600 8.53800 11.4420 14.3460 17.2500 15.0660 12.1620 9.25800 6.35400 3.45000 3.42100 3.40900 6.31300 8.97900 6.07500 3.17100 3.16000 6.06400 6.13300 6.16200 6.19100 3.32800 3.35700 3.38600 6.29000 6.36000 7.52100 9.33300 9.36200 7.69000 6.52800 3.66500 6.56900 6.63900 7.80000 10.7040 11.9060 14.8100 17.7140 20.0900 22.9940 25.8980 28.8020 31.7060 34.6100 37.5140 40.4180 43.3220 46.2260 49.1300 52.0340 51.1390 48.2350 45.3310 42.4270
22.2970 22.2680 20.9380 19.7760 18.6150 16.5180 15.3560 12.4930 11.3310 8.59000 7.38800 4.48400 4.47200 7.37600 10.2800 13.1840 15.7690 14.5660 11.6620 9.27000 6.36600 3.46200 6.28400 3.38000 6.24400 7.40500 6.10400 3.20000 6.06400 3.20000 3.22900 3.25800 3.28700 3.31600 6.22000 6.29000 7.45200 9.26400 10.4250 11.5870 11.7550 9.50200 6.59800 3.69400 3.70600 3.73500 6.63900 7.84100 10.7450 13.6490 16.0240 18.9280 21.8320 24.7360 27.6400 30.5440 33.4480 36.3520 39.2560 42.1600 45.0640 47.9680 50.8720 51.1680 48.2640 45.3600 42.4560
