AppendixA/HikerMovements/data/dist_vajolet_1000.asc
ncols 271
nrows 294
xllcorner 698225
yllcorner 5141858
cellsize 30.00
nodata_value  226.319
[rows 232 to 260 of 294, columns 134 to 200 of 271]
5.69200 8.59600 11.5000 12.8010 13.9620 16.8660 18.0450 20.9490 23.8530 26.7570 29.6610 32.5650 35.4690 38.3730 41.2770 44.1810 47.0850 49.9890 52.8930 55.7970 58.7010 61.6050 64.5090 67.4130 70.3170 73.2210 76.1250 79.0290 81.9330 84.8370 86.7660 85.6040 84.4430 83.2810 82.1190 80.9580 79.7960 78.6350 77.4730 76.3110 75.1500 73.9880 73.5060 72.3440 71.1830 71.2120 71.2410 71.2700 71.2990 71.3280 71.3570 71.3860 71.4150 71.4440 69.8700 66.9660 64.0620 61.1580 59.9970 57.1100 55.9480 54.7870 53.6250 52.4640 51.3020 50.1400 48.9790
5.72100 8.62500 8.73500 9.89700 12.8010 13.9800 16.8840 19.7880 22.6920 25.5960 28.5000 31.4040 34.3080 37.2120 40.1160 43.0200 45.9240 48.8280 51.7320 54.6360 57.5400 60.4440 63.3480 66.2520 69.1560 72.0600 74.9640 77.8680 80.7720 83.6760 86.5800 88.5080 87.3470 86.1850 85.0230 83.8620 82.7000 81.5390 80.3770 79.2150 78.0540 76.8920 76.4100 75.2480 74.0870 74.1160 74.1450 74.1740 74.2030 74.2320 74.2610 74.2900 74.3190 73.9360 71.0320 68.1280 65.2240 64.0620 61.1760 60.0140 58.8520 57.6910 56.5290 55.3680 54.2060 53.0440 51.8830
5.75000 8.65400 5.83100 8.73500 9.91400 12.8180 15.7220 18.6260 21.5300 24.4340 27.3380 30.2420 33.1460 36.0500 38.9540 41.8580 44.7620 47.6660 50.5700 53.4740 56.3780 59.2820 62.1860 65.0900 67.9940 70.8980 73.8020 76.7060 79.6100 82.5140 85.4180 88.3220 90.2510 89.0890 87.9270 86.7660 85.6040 84.4430 83.2810 82.1190 80.9580 79.7960 79.3140 78.1520 76.9910 77.0200 77.0490 77.0780 77.1070 77.1360 77.1650 77.1940 77.2230 75.0970 72.1930 69.2890 68.1280 65.2410 64.0800 62.9180 61.7560 60.5950 59.4330 58.2720 57.1100 55.9480 54.7870
5.77900 5.79100 5.82000 5.84900 8.75300 11.6570 14.5610 17.4650 20.3690 23.2730 26.1770 29.0810 31.9850 34.8890 37.7930 40.6970 43.6010 46.5050 49.4090 52.3130 55.2170 58.1210 61.0250 63.9290 66.8330 69.7370 72.6410 75.5450 78.4490 81.3530 84.2570 87.1610 90.0650 91.9930 90.8310 89.6700 88.5080 87.3470 86.1850 85.0230 83.8620 82.7000 82.2180 81.0560 79.8950 79.9240 79.9530 79.9820 80.0110 80.0400 80.0690 80.0980 79.1630 76.2590 73.3550 72.1930 69.3070 68.1450 66.9840 65.8220 64.6600 63.4990 62.3370 61.1760 60.0140 58.8520 57.3130
5.80800 5.82000 5.83100 5.86000 8.76400 11.6680 14.5720 17.4760 20.3800 23.2840 26.1880 29.0920 31.9960 34.9000 37.8040 40.7080 43.6120 46.5160 49.4200 52.3240 55.2280 58.1320 61.0360 63.9400 66.8440 69.7480 72.6520 75.5560 78.4600 81.3640 84.2680 87.1720 90.0760 92.9800 93.7350 92.5740 91.4120 90.2510 89.0890 87.9270 86.7660 85.6040 85.1220 83.9600 82.7990 82.8280 82.8570 82.8860 82.9150 82.9440 82.9730 83.0020 80.3250 77.4210 76.2590 73.3720 72.2110 71.0490 69.8880 68.7260 67.5640 66.4030 65.2410 64.0800 62.9180 61.3790 60.2170
8.71200 8.72400 8.73500 5.87200 8.77600 11.6800 14.5840 17.4880 20.3920 23.2960 26.2000 29.1040 32.0080 34.9120 37.8160 40.7200 43.6240 46.5280 49.4320 52.3360 55.2400 58.1440 61.0480 63.9520 66.8560 69.7600 72.6640 75.5680 78.4720 81.3760 84.2800 87.1840 90.0880 92.9920 95.8960 95.4780 94.3160 93.1550 91.9930 90.8310 89.6700 88.5080 88.0260 86.8640 85.7030 85.7320 85.7610 85.7900 85.8190 85.8480 85.8770 84.3900 81.4860 80.3250 77.4380 76.2760 75.1150 73.9530 72.7920 71.6300 70.4680 69.3070 68.1450 66.9840 65.4450 64.2830 63.1210
11.6160 10.0070 8.80500 5.90100 8.80500 11.7090 14.6130 17.5170 20.4210 23.3250 26.2290 29.1330 32.0370 34.9410 37.8450 40.7490 43.6530 46.5570 49.4610 52.3650 55.2690 58.1730 61.0770 63.9810 66.8850 69.7890 72.6930 75.5970 78.5010 81.4050 84.3090 87.2130 90.1170 93.0210 95.9250 98.3820 97.2200 96.0590 94.8970 93.7350 92.5740 91.4120 90.9300 89.7680 88.6070 88.6360 88.6650 88.6940 88.7230 88.7520 88.4560 85.5520 84.3900 81.5040 80.3420 79.1800 78.0190 76.8570 75.6960 74.5340 73.3720 72.2110 71.0490 69.5100 68.3490 67.1870 66.0250
11.7500 8.84600 5.94200 5.93000 8.83400 11.7380 14.6420 17.5460 20.4500 23.3540 26.2580 29.1620 32.0660 34.9700 37.8740 40.7780 43.6820 46.5860 49.4900 52.3940 55.2980 58.2020 61.1060 64.0100 66.9140 69.8180 72.7220 75.6260 78.5300 81.4340 84.3380 87.2420 90.1460 93.0500 95.9540 98.8580 100.124 98.9630 97.8010 96.6390 95.4780 94.3160 93.8340 92.6720 91.5110 91.5400 91.5690 91.5980 91.6270 91.6560 89.6170 88.4560 85.5690 84.4080 83.2460 82.0840 80.9230 79.7610 78.6000 77.4380 76.2760 75.1150 73.5760 72.4140 71.2530 70.0910 68.9290
10.0770 8.87500 5.97100 8.83400 9.99600 12.9000 15.8040 18.7080 21.6120 24.5160 27.4200 30.3240 33.2280 36.1320 39.0360 41.9400 44.8440 47.7480 50.6520 53.5560 56.4600 59.3640 62.2680 65.1720 68.0760 70.9800 73.8840 76.7880 79.6920 82.5960 85.5000 88.4040 91.3080 94.2120 97.1160 100.020 102.924 101.867 100.705 99.5430 98.3820 97.2200 96.7380 95.5760 94.4150 94.4440 94.4730 94.5020 94.5310 93.6830 92.5210 89.6350 88.4730 87.3120 86.1500 84.9880 83.8270 82.6650 81.5040 80.3420 79.1800 77.6410 76.4800 75.3180 74.1570 72.9950 71.8330
8.91500 6.01100 6.00000 8.90400 11.8080 14.0610 16.9650 19.8690 22.7730 25.6770 28.5810 31.4850 34.3890 37.2930 40.1970 43.1010 46.0050 48.9090 51.8130 54.7170 57.6210 60.5250 63.4290 66.3330 69.2370 72.1410 75.0450 77.9490 80.8530 83.7570 86.6610 89.5650 92.4690 95.3730 98.2770 101.181 104.085 104.771 103.609 102.447 101.286 100.124 99.6420 98.4800 97.3190 97.3480 97.3770 97.4060 97.4350 96.5870 93.7000 92.5390 91.3770 90.2160 89.0540 87.8920 86.7310 85.5690 84.4080 83.2460 81.7070 80.5450 79.3840 78.2220 77.0610 75.8990 74.7370
8.94400 6.04000 8.90400 10.0650 12.9690 15.8730 18.1270 21.0310 23.9350 26.8390 29.7430 32.6470 35.5510 38.4550 41.3590 44.2630 47.1670 50.0710 52.9750 55.8790 58.7830 61.6870 64.5910 67.4950 70.3990 73.3030 76.2070 79.1110 82.0150 84.9190 87.8230 90.7270 93.6310 96.5350 99.4390 102.343 105.247 107.675 106.513 105.351 104.190 103.028 102.546 101.384 100.223 100.252 100.281 100.310 100.339 97.7660 96.6040 95.4430 94.2810 93.1200 91.9580 90.7960 89.6350 88.4730 87.3120 85.7730 84.6110 83.4490 82.2880 81.1260 79.9650 78.8030 77.6410
6.08100 6.06900 8.97300 11.8770 14.1310 17.0350 19.9390 22.1920 25.0960 28.0000 30.9040 33.8080 36.7120 39.6160 42.5200 45.4240 48.3280 51.2320 54.1360 57.0400 59.9440 62.8480 65.7520 68.6560 71.5600 74.4640 77.3680 80.2720 83.1760 86.0800 88.9840 91.8880 94.7920 97.6960 100.600 103.504 106.408 109.312 109.417 108.255 107.094 105.932 105.450 104.288 103.127 103.156 103.185 103.214 101.832 100.670 99.5080 98.3470 97.1850 96.0240 94.8620 93.7000 92.5390 91.3770 89.8380 88.6770 87.5150 86.3530 85.1920 84.0300 82.8690 81.7070 80.5450
6.11000 8.97300 10.1350 13.0390 15.9430 18.1960 21.1000 24.0040 26.2580 29.1620 32.0660 34.9700 37.8740 40.7780 43.6820 46.5860 49.4900 52.3940 55.2980 58.2020 61.1060 64.0100 66.9140 69.8180 72.7220 75.6260 78.5300 81.4340 84.3380 87.2420 90.1460 93.0500 95.9540 98.8580 101.762 104.666 107.570 110.474 112.321 111.159 109.998 108.836 108.354 107.192 106.031 106.060 106.089 105.897 104.736 103.574 102.412 101.251 100.089 98.9280 97.7660 96.6040 95.4430 93.9040 92.7420 91.5810 90.4190 89.2570 88.0960 86.9340 85.7730 84.6110 83.4490
6.13900 9.04300 11.9470 14.2010 17.1050 20.0090 22.2620 25.1660 28.0700 30.3240 33.2280 36.1320 39.0360 41.9400 44.8440 47.7480 50.6520 53.5560 56.4600 59.3640 62.2680 65.1720 68.0760 70.9800 73.8840 76.7880 79.6920 82.5960 85.5000 88.4040 91.3080 94.2120 97.1160 100.020 102.924 105.828 108.732 111.636 114.540 114.063 112.902 111.740 111.258 110.096 108.935 108.964 108.993 108.801 107.640 106.478 105.316 104.155 102.993 101.832 100.670 99.5080 97.9690 96.8080 95.6460 94.4850 93.3230 92.1610 91.0000 89.8380 88.6770 87.5150 86.3530
6.16800 9.07200 11.9760 14.8800 17.7840 20.6880 23.5920 26.3280 29.2320 32.1360 34.3890 37.2930 40.1970 43.1010 46.0050 48.9090 51.8130 54.7170 57.6210 60.5250 63.4290 66.3330 69.2370 72.1410 75.0450 77.9490 80.8530 83.7570 86.6610 89.5650 92.4690 95.3730 98.2770 101.181 104.085 106.989 109.893 112.797 115.701 116.967 115.806 114.644 114.162 113.000 111.839 111.868 111.897 111.705 110.544 109.382 108.220 107.059 105.897 104.736 103.574 102.035 100.873 99.7120 98.5500 97.3890 96.2270 95.0650 93.9040 92.7420 91.5810 90.4190 89.2570
6.19700 9.10100 12.0050 14.9090 17.8130 20.7170 23.6210 26.5250 29.4290 32.3330 35.2370 38.1410 41.0450 43.9490 46.8530 49.7570 52.6610 55.5650 58.4690 61.3730 64.2770 67.1810 70.0850 72.9890 75.8930 78.7970 81.7010 84.6050 87.5090 90.4130 93.3170 96.2210 99.1250 102.029 104.933 107.837 110.741 113.645 116.549 119.453 118.710 117.548 117.066 115.904 114.743 114.772 114.801 114.609 113.448 112.286 111.124 109.963 108.801 107.640 106.101 104.939 103.777 102.616 101.454 100.293 99.1310 97.9690 96.8080 95.6460 94.4850 93.3230 92.1610
6.22600 9.13000 12.0340 14.9380 17.8420 20.7460 23.6500 26.5540 29.4580 32.3620 35.2660 38.1700 41.0740 43.9780 46.8820 49.7860 52.6900 55.5940 58.4980 61.4020 64.3060 67.2100 70.1140 73.0180 75.9220 78.8260 81.7300 84.6340 87.5380 90.4420 93.3460 96.2500 99.1540 102.058 104.962 107.866 110.770 113.674 116.578 119.482 121.614 120.452 119.970 118.808 117.647 117.676 117.705 117.513 116.352 115.190 114.028 112.867 111.705 110.166 109.005 107.843 106.681 105.520 104.358 103.197 102.035 100.873 99.7120 98.5500 97.3890 96.2270 95.0650
9.13000 10.2920 13.1960 16.1000 19.0040 21.9080 24.8120 27.7160 30.6200 33.5240 36.4280 39.3320 42.2360 45.1400 48.0440 50.9480 53.8520 56.7560 59.6600 62.5640 65.4680 68.3720 71.2760 74.1800 77.0840 79.9880 82.8920 85.7960 88.7000 91.6040 94.5080 97.4120 100.316 103.220 106.124 109.028 111.932 114.836 117.740 120.644 123.548 123.356 122.874 121.712 120.551 120.580 120.609 120.417 119.256 118.094 116.932 115.771 114.232 113.070 111.909 110.747 109.585 108.424 107.262 106.101 104.939 103.777 102.616 101.454 100.293 99.1310 97.9690
10.3320 13.1960 14.3570 17.2610 20.1650 23.0690 25.9730 28.8770 31.7810 34.6850 37.5890 40.4930 43.3970 46.3010 49.2050 52.1090 55.0130 57.9170 60.8210 63.7250 66.6290 69.5330 72.4370 75.3410 78.2450 81.1490 84.0530 86.9570 89.8610 92.7650 95.6690 98.5730 101.477 104.381 107.285 110.189 113.093 115.997 118.901 121.805 124.709 126.260 125.778 124.616 123.455 123.484 123.513 123.321 122.160 120.998 119.836 118.297 117.136 115.974 114.813 113.651 112.489 111.328 110.166 109.005 107.843 106.681 105.520 104.358 103.197 102.035 100.873
12.1450 14.3980 17.2610 18.4230 21.3270 24.2310 27.1350 30.0390 32.9430 35.8470 38.7510 41.6550 44.5590 47.4630 50.3670 53.2710 56.1750 59.0790 61.9830 64.8870 67.7910 70.6950 73.5990 76.5030 79.4070 82.3110 85.2150 88.1190 91.0230 93.9270 96.8310 99.7350 102.639 105.543 108.447 111.351 114.255 117.159 120.063 122.967 125.871 128.775 128.682 127.520 126.359 126.388 126.417 126.225 125.064 123.902 122.363 121.201 120.040 118.878 117.717 116.555 115.393 114.232 113.070 111.909 110.747 109.585 108.424 107.262 106.101 104.939 103.777
12.1740 15.0780 17.9820 20.8860 22.4890 25.3930 28.2970 31.2010 34.1050 37.0090 39.9130 42.8170 45.7210 48.6250 51.5290 54.4330 57.3370 60.2410 63.1450 66.0490 68.9530 71.8570 74.7610 77.6650 80.5690 83.4730 86.3770 89.2810 92.1850 95.0890 97.9930 100.897 103.801 106.705 109.609 112.513 115.417 118.321 121.225 124.129 127.033 129.937 131.586 130.424 129.263 129.292 129.321 129.129 127.968 126.429 125.267 124.105 122.944 121.782 120.621 119.459 118.297 117.136 115.974 114.813 113.651 112.489 111.328 110.166 109.005 107.843 106.681
13.3350 16.2390 19.1430 22.0470 24.9510 26.5540 29.4580 32.3620 35.2660 38.1700 41.0740 43.9780 46.8820 49.7860 52.6900 55.5940 58.4980 61.4020 64.3060 67.2100 70.1140 73.0180 75.9220 78.8260 81.7300 84.6340 87.5380 90.4420 93.3460 96.2500 99.1540 102.058 104.962 107.866 110.770 113.674 116.578 119.482 122.386 125.290 128.194 131.098 134.002 133.328 132.167 132.196 132.225 132.033 130.494 129.333 128.171 127.009 125.848 124.686 123.525 122.363 121.201 120.040 118.878 117.717 116.555 115.393 114.232 113.070 111.909 110.747 109.585
14.4970 17.4010 20.3050 23.2090 26.1130 29.0170 30.6200 33.5240 36.4280 39.3320 42.2360 45.1400 48.0440 50.9480 53.8520 56.7560 59.6600 62.5640 65.4680 68.3720 71.2760 74.1800 77.0840 79.9880 82.8920 85.7960 88.7000 91.6040 94.5080 97.4120 100.316 103.220 106.124 109.028 111.932 114.836 117.740 120.644 123.548 126.452 129.356 132.260 135.164 136.232 135.071 135.100 135.129 134.560 133.398 132.237 131.075 129.913 128.752 127.590 126.429 125.267 124.105 122.944 121.782 120.621 119.459 118.297 117.136 115.974 114.813 113.651 112.489
16.3090 18.5620 21.4660 24.3700 27.2740 30.1780 33.0820 34.6850 37.5890 40.4930 43.3970 46.3010 49.2050 52.1090 55.0130 57.9170 60.8210 63.7250 66.6290 69.5330 72.4370 75.3410 78.2450 81.1490 84.0530 86.9570 89.8610 92.7650 95.6690 98.5730 101.477 104.381 107.285 110.189 113.093 115.997 118.901 121.805 124.709 127.613 130.517 133.421 136.325 139.136 137.975 138.004 138.033 137.464 136.302 135.141 133.979 132.817 131.656 130.494 129.333 128.171 127.009 125.848 124.686 123.525 122.363 121.201 120.040 118.878 117.717 116.555 115.393
17.4700 20.3740 22.6280 25.5320 28.4360 31.3400 34.2440 37.1480 38.7510 41.6550 44.5590 47.4630 50.3670 53.2710 56.1750 59.0790 61.9830 64.8870 67.7910 70.6950 73.5990 76.5030 79.4070 82.3110 85.2150 88.1190 91.0230 93.9270 96.8310 99.7350 102.639 105.543 108.447 111.351 114.255 117.159 120.063 122.967 125.871 128.775 131.679 134.583 137.487 140.391 140.879 140.908 140.937 140.368 139.206 138.045 136.883 135.721 134.560 133.398 132.237 131.075 129.913 128.752 127.590 126.429 125.267 124.105 122.944 121.782 120.621 119.459 118.297
18.6320 21.5360 24.4400 26.6940 29.5980 32.5020 35.4060 38.3100 41.2140 42.8170 45.7210 48.6250 51.5290 54.4330 57.3370 60.2410 63.1450 66.0490 68.9530 71.8570 74.7610 77.6650 80.5690 83.4730 86.3770 89.2810 92.1850 95.0890 97.9930 100.897 103.801 106.705 109.609 112.513 115.417 118.321 121.225 124.129 127.033 129.937 132.841 135.745 138.649 141.553 143.783 143.812 143.841 143.272 142.110 140.949 139.787 138.625 137.464 136.302 135.141 133.979 132.817 131.656 130.494 129.333 128.171 127.009 125.848 124.686 123.525 122.363 121.201
20.4440 22.6980 25.6020 28.5060 30.7590 33.6630 36.5670 39.4710 42.3750 45.2790 46.8820 49.7860 52.6900 55.5940 58.4980 61.4020 64.3060 67.2100 70.1140 73.0180 75.9220 78.8260 81.7300 84.6340 87.5380 90.4420 93.3460 96.2500 99.1540 102.058 104.962 107.866 110.770 113.674 116.578 119.482 122.386 125.290 128.194 131.098 134.002 136.906 139.810 142.714 145.618 146.716 146.745 146.176 145.014 143.853 142.691 141.529 140.368 139.206 138.045 136.883 135.721 134.560 133.398 132.237 131.075 129.913 128.752 127.590 126.429 125.267 124.105
21.6060 24.5100 26.7630 29.6670 32.5710 34.8250 37.7290 40.6330 43.5370 46.4410 49.3450 50.9480 53.8520 56.7560 59.6600 62.5640 65.4680 68.3720 71.2760 74.1800 77.0840 79.9880 82.8920 85.7960 88.7000 91.6040 94.5080 97.4120 100.316 103.220 106.124 109.028 111.932 114.836 117.740 120.644 123.548 126.452 129.356 132.260 135.164 138.068 140.972 143.876 146.780 149.620 149.649 149.080 147.918 146.757 145.595 144.433 143.272 142.110 140.949 139.787 138.625 137.464 136.302 135.141 133.979 132.817 131.656 130.494 129.333 128.171 127.009
22.7670 25.6710 28.5750 30.8290 33.7330 36.6370 38.8900 41.7940 44.6980 47.6020 50.5060 53.4100 55.0130 57.9170 60.8210 63.7250 66.6290 69.5330 72.4370 75.3410 78.2450 81.1490 84.0530 86.9570 89.8610 92.7650 95.6690 98.5730 101.477 104.381 107.285 110.189 113.093 115.997 118.901 121.805 124.709 127.613 130.517 133.421 136.325 139.229 142.133 145.037 147.941 150.845 152.553 151.984 150.822 149.661 148.499 147.337 146.176 145.014 143.853 142.691 141.529 140.368 139.206 138.045 136.883 135.721 134.560 133.398 132.237 131.075 129.913
