AppendixA/HikerMovements/data/dist_zigolade_1000.asc
ncols 271
nrows 294
xllcorner 698225
yllcorner 5141858
cellsize 30.00
nodata_value  224.303
[rows 58 to 86 of 294, columns 201 to 267 of 271]
15.3910 18.2950 21.1990 24.1030 27.0070 29.9110 32.8150 35.7190 38.6230 41.5270 44.4310 47.3350 50.2390 53.1430 56.0470 58.9510 61.8550 64.7590 67.6630 70.5670 73.4710 76.3750 79.2790 82.1830 85.0870 87.9910 90.8950 93.7990 96.7030 99.6070 102.511 105.415 108.319 111.223 114.127 117.031 119.935 122.839 125.743 128.647 131.551 134.455 137.359 138.085 136.924 134.060 132.899 130.035 128.874 126.010 123.943 121.039 118.135 115.231 112.327 109.423 106.519 103.615 100.711 97.8070 95.5530 92.6490 89.7450 88.5840 85.7200 88.6240 89.8270
15.3620 18.2660 21.1700 24.0740 26.9780 29.8820 32.7860 35.6900 38.5940 41.4980 44.4020 47.3060 50.2100 53.1140 56.0180 58.9220 61.8260 64.7300 67.6340 70.5380 73.4420 76.3460 79.2500 82.1540 85.0580 87.9620 90.8660 93.7700 96.6740 99.5780 102.482 105.386 108.290 111.194 114.098 117.002 119.906 122.810 125.714 128.618 131.522 134.426 137.330 140.234 138.126 136.964 134.101 132.939 130.076 128.008 125.104 122.200 119.296 116.392 113.488 110.584 107.680 104.776 101.872 99.6190 96.7150 93.8110 91.5570 88.6530 85.7490 85.7610 88.6650
16.4420 18.6960 21.6000 24.5040 27.4080 30.3120 33.2160 36.1200 38.8560 41.7600 44.6640 47.5680 50.4720 53.3760 56.2800 59.1840 62.0880 64.9920 67.8960 70.8000 73.7040 76.6080 79.5120 82.4160 85.3200 88.2240 91.1280 94.0320 96.9360 99.8400 102.744 105.648 108.552 111.456 114.360 117.264 120.168 123.072 125.976 128.880 131.784 134.688 137.592 140.496 141.030 138.167 137.005 134.142 132.074 129.170 126.266 123.362 120.458 117.554 114.650 111.746 108.842 105.938 103.684 100.780 97.8760 95.6230 92.7190 89.8150 88.6530 85.7900 88.6940
14.6300 17.5340 20.4380 23.3420 26.2460 29.1500 32.0540 34.7900 37.6940 40.5980 43.5020 46.4060 49.3100 52.2140 55.1180 58.0220 60.9260 63.8300 66.7340 69.6380 72.5420 75.4460 78.3500 81.2540 84.1580 87.0620 89.9660 92.8700 95.7740 98.6780 101.582 104.486 107.390 110.294 113.198 116.102 119.006 121.910 124.814 127.718 130.622 133.526 136.430 139.334 142.232 141.071 138.207 136.140 133.236 130.332 127.428 124.524 121.620 118.716 115.812 112.908 110.004 107.750 104.846 101.942 99.6890 96.7850 93.8810 91.6270 88.7230 85.8190 85.8310
13.4690 16.3730 19.2770 22.1810 25.0850 27.9890 30.7240 33.6280 36.5320 39.4360 42.3400 45.2440 48.1480 51.0520 53.9560 56.8600 59.7640 62.6680 65.5720 68.4760 71.3800 74.2840 77.1880 80.0920 82.9960 85.9000 88.8040 91.7080 94.6120 97.5160 100.420 103.324 106.228 109.132 112.036 114.940 117.844 120.748 123.652 126.556 129.460 132.364 135.268 138.172 141.076 142.273 140.205 137.301 134.397 131.493 128.589 125.685 122.781 119.877 116.973 114.069 111.816 108.912 106.008 103.754 100.850 97.9460 95.6930 92.7890 89.8850 88.7230 88.7350
12.3070 15.2110 18.1150 21.0190 23.9230 26.6590 29.5630 32.4670 35.3710 38.2750 41.1790 44.0830 46.9870 49.8910 52.7950 55.6990 58.6030 61.5070 64.4110 67.3150 70.2190 73.1230 76.0270 78.9310 81.8350 84.7390 87.6430 90.5470 93.4510 96.3550 99.2590 102.163 105.067 107.971 110.875 113.779 116.683 119.587 122.491 125.395 128.299 131.203 134.107 137.011 139.915 142.819 141.367 138.463 135.559 132.655 129.751 126.847 123.943 121.039 118.135 115.881 112.977 110.073 107.820 104.916 102.012 99.7580 96.8540 93.9500 92.7890 91.6270 89.9370
12.2780 14.5320 17.4360 20.3400 22.5930 25.4970 28.4010 31.3050 34.2090 37.1130 40.0170 42.9210 45.8250 48.7290 51.6330 54.5370 57.4410 60.3450 63.2490 66.1530 69.0570 71.9610 74.8650 77.7690 80.6730 83.5770 86.4810 89.3850 92.2890 95.1930 98.0970 101.001 103.905 106.809 109.713 112.617 115.521 118.425 121.329 124.233 127.137 130.041 132.945 135.849 138.753 141.657 142.528 139.624 136.720 133.816 130.912 128.008 125.104 122.200 119.947 117.043 114.139 111.885 108.981 106.077 103.824 100.920 98.0160 96.8540 95.6930 94.0020 92.8410
10.4660 13.3700 16.2740 18.5280 21.4320 24.3360 27.2400 30.1440 33.0480 35.9520 38.8560 41.7600 44.6640 47.5680 50.4720 53.3760 56.2800 59.1840 62.0880 64.9920 67.8960 70.8000 73.7040 76.6080 79.5120 82.4160 85.3200 88.2240 91.1280 94.0320 96.9360 99.8400 102.744 105.648 108.552 111.456 114.360 117.264 120.168 123.072 125.976 128.880 131.784 134.688 137.592 140.496 143.400 140.786 137.882 134.978 132.074 129.170 126.266 124.012 121.108 118.204 115.951 113.047 110.143 107.889 104.985 102.081 100.920 99.7580 98.0680 96.9060 95.7450
9.30400 12.2080 14.4620 17.3660 20.2700 23.1740 26.0780 28.9820 31.8860 34.7900 37.6940 40.5980 43.5020 46.4060 49.3100 52.2140 55.1180 58.0220 60.9260 63.8300 66.7340 69.6380 72.5420 75.4460 78.3500 81.2540 84.1580 87.0620 89.9660 92.8700 95.7740 98.6780 101.582 104.486 107.390 110.294 113.198 116.102 119.006 121.910 124.814 127.718 130.622 133.526 136.430 139.334 142.238 141.948 139.044 136.140 133.236 130.332 128.078 125.174 122.270 120.017 117.113 114.209 111.955 109.051 106.147 104.985 103.824 102.134 100.972 99.8100 98.1380
9.23500 10.3960 13.3000 16.2040 19.1080 22.0120 24.9160 27.8200 30.7240 33.6280 36.5320 39.4360 42.3400 45.2440 48.1480 51.0520 53.9560 56.8600 59.7640 62.6680 65.5720 68.4760 71.3800 74.2840 77.1880 80.0920 82.9960 85.9000 88.8040 91.7080 94.6120 97.5160 100.420 103.324 106.228 109.132 112.036 114.940 117.844 120.748 123.652 126.556 129.460 132.364 135.268 138.172 141.076 143.109 140.205 137.301 134.397 132.144 129.240 126.336 124.082 121.178 118.274 116.021 113.117 110.213 109.051 107.889 106.199 105.038 103.876 102.203 101.042
6.33100 9.23500 12.1390 15.0430 17.9470 20.8510 23.7550 26.6590 29.5630 32.4670 35.3710 38.2750 41.1790 44.0830 46.9870 49.8910 52.7950 55.6990 58.6030 61.5070 64.4110 67.3150 70.2190 73.1230 76.0270 78.9310 81.8350 84.7390 87.6430 90.5470 93.4510 96.3550 99.2590 102.163 105.067 107.971 110.875 113.779 116.683 119.587 122.491 125.395 128.299 131.203 134.107 137.011 139.915 142.819 141.367 138.463 136.209 133.305 130.401 128.148 125.244 122.340 120.086 117.182 114.278 113.117 111.955 110.265 109.103 107.942 106.269 105.107 103.946
6.30200 9.20600 12.1100 14.3630 17.2670 20.1710 23.0750 25.9790 28.8830 31.7870 34.6910 37.5950 40.4990 43.4030 46.3070 49.2110 52.1150 55.0190 57.9230 60.8270 63.7310 66.6350 69.5390 72.4430 75.3470 78.2510 81.1550 84.0590 86.9630 89.8670 92.7710 95.6750 98.5790 101.483 104.387 107.291 110.195 113.099 116.003 118.907 121.811 124.715 127.619 130.523 133.427 136.331 139.235 142.139 142.528 140.275 137.371 134.467 132.213 129.309 126.405 124.152 121.248 118.344 117.182 116.021 114.330 113.169 112.007 110.335 109.173 108.011 106.850
6.27300 9.13600 10.2980 13.2020 16.1060 19.0100 21.9140 24.8180 27.7220 30.6260 33.5300 36.4340 39.3380 42.2420 45.1460 48.0500 50.9540 53.8580 56.7620 59.6660 62.5700 65.4740 68.3780 71.2820 74.1860 77.0900 79.9940 82.8980 85.8020 88.7060 91.6100 94.5140 97.4180 100.322 103.226 106.130 109.034 111.938 114.842 117.746 120.650 123.554 126.458 129.362 132.266 135.170 138.074 140.978 143.882 141.436 138.532 136.279 133.375 130.471 128.217 125.313 122.409 121.248 120.086 118.396 117.234 116.073 114.400 113.239 112.077 110.915 109.754
9.13600 6.23200 9.13600 12.0400 14.9440 17.8480 20.7520 23.6560 26.5600 29.4640 32.3680 35.2720 38.1760 41.0800 43.9840 46.8880 49.7920 52.6960 55.6000 58.5040 61.4080 64.3120 67.2160 70.1200 73.0240 75.9280 78.8320 81.7360 84.6400 87.5440 90.4480 93.3520 96.2560 99.1600 102.064 104.968 107.872 110.776 113.680 116.584 119.488 122.392 125.296 128.200 131.104 134.008 136.912 139.816 142.720 142.598 140.345 137.441 134.537 132.283 129.379 126.475 125.313 124.152 122.462 121.300 120.138 118.466 117.304 116.143 114.981 113.819 112.658
9.10700 6.20300 9.10700 12.0110 14.9150 17.8190 20.7230 23.6270 26.5310 29.4350 32.3390 35.2430 38.1470 41.0510 43.9550 46.8590 49.7630 52.6670 55.5710 58.4750 61.3790 64.2830 67.1870 70.0910 72.9950 75.8990 78.8030 81.7070 84.6110 87.5150 90.4190 93.3230 96.2270 99.1310 102.035 104.939 107.843 110.747 113.651 116.555 119.459 122.363 125.267 128.171 131.075 133.979 136.883 139.787 142.691 144.410 141.506 138.602 136.349 133.445 130.541 129.379 128.217 126.527 125.366 124.204 122.531 121.370 120.208 119.047 117.885 116.723 115.562
9.07800 6.17400 9.07800 11.9820 14.8860 17.7900 20.6940 23.5980 26.5020 29.4060 32.3100 35.2140 38.1180 41.0220 43.9260 46.8300 49.7340 52.6380 55.5420 58.4460 61.3500 64.2540 67.1580 70.0620 72.9660 75.8700 78.7740 81.6780 84.5820 87.4860 90.3900 93.2940 96.1980 99.1020 102.006 104.910 107.814 110.718 113.622 116.526 119.430 122.334 125.238 128.142 131.046 133.950 136.854 139.758 142.662 145.566 142.668 140.414 137.510 134.606 133.445 132.283 130.593 129.431 128.270 126.597 125.435 124.274 123.112 121.951 120.789 119.627 118.466
9.04900 6.14500 9.04900 11.9530 14.8570 17.7610 20.6650 23.5690 26.4730 29.3770 32.2810 35.1850 38.0890 40.9930 43.8970 46.8010 49.7050 52.6090 55.5130 58.4170 61.3210 64.2250 67.1290 70.0330 72.9370 75.8410 78.7450 81.6490 84.5530 87.4570 90.3610 93.2650 96.1690 99.0730 101.977 104.881 107.785 110.689 113.593 116.497 119.401 122.305 125.209 128.113 131.017 133.921 136.825 139.729 142.633 145.537 144.480 141.576 138.672 137.510 136.349 134.658 133.497 132.335 130.663 129.501 128.339 127.178 126.016 124.855 123.693 122.531 121.370
9.02000 6.11600 9.02000 11.9240 14.8280 17.7320 20.6360 23.5400 26.4440 29.3480 32.2520 35.1560 38.0600 40.9640 43.8680 46.7720 49.6760 52.5800 55.4840 58.3880 61.2920 64.1960 67.1000 70.0040 72.9080 75.8120 78.7160 81.6200 84.5240 87.4280 90.3320 93.2360 96.1400 99.0440 101.948 104.852 107.756 110.660 113.564 116.468 119.372 122.276 125.180 128.084 130.988 133.892 136.796 139.700 142.604 145.508 145.641 142.737 141.576 140.414 138.724 137.562 136.401 134.728 133.567 132.405 131.243 130.082 128.920 127.759 126.597 125.435 124.274
8.95000 6.08700 8.99100 11.8950 14.7990 17.7030 20.6070 23.5110 26.4150 29.3190 32.2230 35.1270 38.0310 40.9350 43.8390 46.7430 49.6470 52.5510 55.4550 58.3590 61.2630 64.1670 67.0710 69.9750 72.8790 75.7830 78.6870 81.5910 84.4950 87.3990 90.3030 93.2070 96.1110 99.0150 101.919 104.823 107.727 110.631 113.535 116.439 119.343 122.247 125.151 128.055 130.959 133.863 136.767 139.671 142.575 145.479 146.803 145.641 144.480 142.790 141.628 140.466 138.794 137.632 136.471 135.309 134.147 132.986 131.824 130.663 129.501 128.339 127.178
6.04600 8.95000 10.1520 13.0560 15.9600 18.8640 21.7680 24.6720 27.5760 30.4800 33.3840 36.2880 39.1920 42.0960 45.0000 47.9040 50.8080 53.7120 56.6160 59.5200 62.4240 65.3280 68.2320 71.1360 74.0400 76.9440 79.8480 82.7520 85.6560 88.5600 91.4640 94.3680 97.2720 100.176 103.080 105.984 108.888 111.792 114.696 117.600 120.504 123.408 126.312 129.216 132.120 135.024 137.928 140.832 143.736 146.640 149.544 148.545 146.855 145.694 144.532 142.859 141.698 140.536 139.375 138.213 137.051 135.890 134.728 133.567 132.405 131.243 130.082
8.90900 10.1120 13.0160 14.2180 17.1220 20.0260 22.9300 25.8340 28.7380 31.6420 34.5460 37.4500 40.3540 43.2580 46.1620 49.0660 51.9700 54.8740 57.7780 60.6820 63.5860 66.4900 69.3940 72.2980 75.2020 78.1060 81.0100 83.9140 86.8180 89.7220 92.6260 95.5300 98.4340 101.338 104.242 107.146 110.050 112.954 115.858 118.762 121.666 124.570 127.474 130.378 133.282 136.186 139.090 141.994 144.898 147.802 150.706 150.921 149.759 148.598 146.925 145.763 144.602 143.440 142.279 141.117 139.955 138.794 137.632 136.471 135.309 134.147 132.986
10.0710 12.9750 14.1770 17.0810 18.2840 21.1880 24.0920 26.9960 29.9000 32.8040 35.7080 38.6120 41.5160 44.4200 47.3240 50.2280 53.1320 56.0360 58.9400 61.8440 64.7480 67.6520 70.5560 73.4600 76.3640 79.2680 82.1720 85.0760 87.9800 90.8840 93.7880 96.6920 99.5960 102.500 105.404 108.308 111.212 114.116 117.020 119.924 122.828 125.732 128.636 131.540 134.444 137.348 140.252 143.156 146.060 148.964 151.868 153.825 152.663 150.991 149.829 148.667 147.506 146.344 145.183 144.021 142.859 141.698 140.536 139.375 138.213 137.051 135.890
11.7440 14.1370 17.0410 18.2430 21.1470 22.3490 25.2530 28.1570 31.0610 33.9650 36.8690 39.7730 42.6770 45.5810 48.4850 51.3890 54.2930 57.1970 60.1010 63.0050 65.9090 68.8130 71.7170 74.6210 77.5250 80.4290 83.3330 86.2370 89.1410 92.0450 94.9490 97.8530 100.757 103.661 106.565 109.469 112.373 115.277 118.181 121.085 123.989 126.893 129.797 132.701 135.605 138.509 141.413 144.317 147.221 150.125 153.029 155.933 155.056 153.895 152.733 151.571 150.410 149.248 148.087 146.925 145.763 144.602 143.440 142.279 141.117 139.955 138.794
12.9050 15.8090 18.2020 21.1060 22.3090 25.2130 26.4150 29.3190 32.2230 35.1270 38.0310 40.9350 43.8390 46.7430 49.6470 52.5510 55.4550 58.3590 61.2630 64.1670 67.0710 69.9750 72.8790 75.7830 78.6870 81.5910 84.4950 87.3990 90.3030 93.2070 96.1110 99.0150 101.919 104.823 107.727 110.631 113.535 116.439 119.343 122.247 125.151 128.055 130.959 133.863 136.767 139.671 142.575 145.479 148.383 151.287 154.191 157.095 157.960 156.799 155.637 154.475 153.314 152.152 150.991 149.829 148.667 147.506 146.344 145.183 144.021 142.859 141.698
14.0670 16.9710 19.8750 22.2680 25.1720 26.3740 29.2780 30.4800 33.3840 36.2880 39.1920 42.0960 45.0000 47.9040 50.8080 53.7120 56.6160 59.5200 62.4240 65.3280 68.2320 71.1360 74.0400 76.9440 79.8480 82.7520 85.6560 88.5600 91.4640 94.3680 97.2720 100.176 103.080 105.984 108.888 111.792 114.696 117.600 120.504 123.408 126.312 129.216 132.120 135.024 137.928 140.832 143.736 146.640 149.544 152.448 155.352 158.256 160.864 159.703 158.541 157.379 156.218 155.056 153.895 152.733 151.571 150.410 149.248 148.087 146.925 145.763 144.602
16.9300 18.1330 21.0370 23.9410 25.9090 28.8130 30.4400 33.3440 34.5460 37.4500 40.3540 43.2580 46.1620 49.0660 51.9700 54.8740 57.7780 60.6820 63.5860 66.4900 69.3940 72.2980 75.2020 78.1060 81.0100 83.9140 86.8180 89.7220 92.6260 95.5300 98.4340 101.338 104.242 107.146 110.050 112.954 115.858 118.762 121.666 124.570 127.474 130.378 133.282 136.186 139.090 141.994 144.898 147.802 150.706 153.610 156.514 159.418 162.322 162.607 161.445 160.283 159.122 157.960 156.799 155.637 154.475 153.314 152.152 150.991 149.829 148.667 147.506
16.6980 19.5210 20.6820 21.8440 24.7480 27.6520 30.5560 33.4600 36.3640 38.6120 41.5160 44.4200 47.3240 50.2280 53.1320 56.0360 58.9400 61.8440 64.7480 67.6520 70.5560 73.4600 76.3640 79.2680 82.1720 85.0760 87.9800 90.8840 93.7880 96.6920 99.5960 102.500 105.404 108.308 111.212 114.116 117.020 119.924 122.828 125.732 128.636 131.540 134.444 137.348 140.252 143.156 146.060 148.964 151.868 154.772 157.676 160.580 163.484 165.511 164.349 163.187 162.026 160.864 159.703 158.541 157.379 156.218 155.056 153.895 152.733 151.571 150.410
15.4550 16.6170 17.7780 20.6820 23.5860 26.4900 29.3940 32.2980 35.2020 38.1060 41.0100 43.9140 46.8180 49.7220 52.6260 55.5300 58.4340 61.3380 64.2420 67.1460 70.0500 72.9540 75.8580 78.7620 81.6660 84.5700 87.4740 90.3780 93.2820 96.1860 99.0900 101.994 104.898 107.802 110.706 113.610 116.514 119.418 122.322 125.226 128.130 131.034 133.938 136.842 139.746 142.650 145.554 148.458 151.362 154.266 157.170 160.074 162.978 165.882 167.253 166.091 164.930 163.768 162.607 161.445 160.283 159.122 157.960 156.799 155.637 154.475 153.314
12.5510 13.7130 16.6170 19.5210 22.4250 25.3290 28.2330 31.1370 34.0410 36.9450 39.8490 42.7530 45.6570 48.5610 51.4650 54.3690 57.2730 60.1770 63.0810 65.9850 68.8890 71.7930 74.6970 77.6010 80.5050 83.4090 86.3130 89.2170 92.1210 95.0250 97.9290 100.833 103.737 106.641 109.545 112.449 115.353 118.257 121.161 124.065 126.969 129.873 132.777 135.681 138.585 141.489 144.393 147.297 150.201 153.105 156.009 158.913 161.817 164.721 167.625 168.995 167.834 166.672 165.511 164.349 163.187 162.026 160.864 159.703 158.541 157.379 156.218
