AppendixA/HikerMovements/data/dist_busstop_1000.asc
ncols 271
nrows 294
xllcorner 698225
yllcorner 5141858
cellsize 30.00
nodata_value  225.622
[rows 261 to 289 of 294, columns 134 to 200 of 271]
21.0600 22.2620 25.1660 28.0700 30.4630 33.3670 36.2710 38.6640 41.5680 44.4720 47.3760 50.2800 53.1840 55.0660 57.9700 60.8740 63.7780 66.6820 69.5860 72.4900 75.3940 78.2980 81.2020 84.1060 87.0100 89.9140 92.8180 95.7220 98.6260 101.530 104.434 107.338 110.242 113.146 116.050 118.954 121.858 124.762 127.666 130.570 133.474 136.378 139.282 142.186 145.090 147.994 150.898 153.000 151.839 150.677 149.515 148.354 147.192 146.031 144.869 143.707 142.546 141.384 140.223 139.061 137.899 136.738 135.576 134.415 133.253 132.091 130.930
22.2210 25.1250 26.3280 29.2320 32.1360 34.5290 37.4330 40.3370 42.7290 45.6330 48.5370 51.4410 54.3450 57.2490 59.1310 62.0350 64.9390 67.8430 70.7470 73.6510 76.5550 79.4590 82.3630 85.2670 88.1710 91.0750 93.9790 96.8830 99.7870 102.691 105.595 108.499 111.403 114.307 117.211 120.115 123.019 125.923 128.827 131.731 134.635 137.539 140.443 143.347 146.251 149.155 151.136 151.961 151.990 152.019 152.048 151.258 150.096 148.935 147.773 146.611 145.450 144.288 143.127 141.965 140.803 139.642 138.480 137.319 136.157 134.995 133.834
25.0850 26.2870 29.1910 30.3930 33.2970 36.2010 38.5940 41.4980 44.4020 46.7950 49.6990 52.6030 55.5070 58.4110 61.3150 63.1970 66.1010 69.0050 71.9090 74.8130 77.7170 80.6210 83.5250 86.4290 89.3330 92.2370 95.1410 98.0450 100.949 103.853 106.757 109.661 112.565 115.469 118.373 121.277 124.181 127.085 129.989 132.893 135.797 138.701 141.605 144.509 145.909 147.070 148.232 149.057 149.086 149.115 149.144 149.173 150.334 151.496 148.981 147.819 144.956 143.794 142.633 141.471 140.310 139.148 137.986 136.993 135.832 134.670 133.508
26.2460 29.1500 30.3530 33.2570 34.4590 37.3630 40.2670 42.6600 45.5640 48.4680 50.8610 53.7650 56.6690 59.5730 62.4770 65.3810 67.2620 70.1660 73.0700 75.9740 78.8780 81.7820 84.6860 87.5900 90.4940 93.3980 96.3020 99.2060 102.110 105.014 107.918 110.822 113.726 116.630 119.534 122.438 125.342 128.246 131.150 134.054 136.958 139.520 140.681 141.843 143.005 144.166 145.473 146.153 146.182 146.211 146.240 146.269 147.430 148.592 147.779 144.915 143.754 140.890 139.729 138.567 137.406 136.244 135.082 134.600 132.928 131.766 130.604
27.9360 30.3120 33.2160 34.4180 37.3220 38.5240 41.4280 44.3320 46.7250 49.6290 52.5330 54.9260 57.8300 60.7340 63.6380 66.5420 69.4460 71.3280 74.2320 77.1360 80.0400 82.9440 85.8480 88.7520 91.6560 94.5600 97.4640 100.368 103.272 106.176 109.080 111.984 114.888 117.792 120.696 123.600 126.504 129.408 132.312 134.293 135.454 136.616 137.777 138.939 140.101 141.407 142.569 143.249 143.278 143.307 143.336 143.365 144.526 145.688 144.875 143.713 140.850 139.688 136.825 135.663 134.502 133.340 132.178 131.696 130.535 128.862 127.700
29.0980 32.0020 34.3780 37.2820 38.4840 41.3880 42.5900 45.4940 48.3980 50.7910 53.6950 56.5990 58.9920 61.8960 64.8000 67.7040 70.6080 73.5120 75.3940 78.2980 81.2020 84.1060 87.0100 89.9140 92.8180 95.7220 98.6260 101.530 104.434 107.338 110.242 113.146 116.050 118.954 121.858 124.762 127.666 130.570 132.550 131.389 132.550 133.712 134.873 136.035 137.342 138.503 139.665 140.345 140.374 140.403 140.432 140.461 141.622 142.784 143.713 140.809 139.648 136.784 135.623 132.759 131.598 130.436 129.274 128.792 127.631 126.469 124.796
30.2600 33.1640 36.0680 38.4430 41.3470 42.5490 45.4530 46.6560 49.5600 52.4640 54.8570 57.7610 60.6650 63.0570 65.9610 68.8650 71.7690 74.6730 77.5770 79.4590 82.3630 85.2670 88.1710 91.0750 93.9790 96.8830 99.7870 102.691 105.595 108.499 111.403 114.307 117.211 120.115 123.019 125.923 128.827 130.668 129.646 128.485 129.646 130.808 131.969 134.409 134.438 135.599 136.761 137.441 137.470 137.499 137.528 137.557 138.718 139.880 141.041 139.648 136.744 135.582 132.719 131.557 128.694 127.532 126.370 126.400 124.727 123.565 123.594
33.1640 34.3250 37.2290 40.1330 42.5090 45.4130 46.6150 49.5190 50.7210 53.6250 56.5290 58.9220 61.8260 64.7300 67.1230 70.0270 72.9310 75.8350 78.7390 81.6430 83.5250 86.4290 89.3330 92.2370 95.1410 98.0450 100.949 103.853 106.757 109.661 112.565 115.469 118.373 121.277 124.181 125.441 126.603 127.764 126.742 125.581 126.742 127.904 130.808 131.505 131.534 132.695 133.857 134.537 134.566 134.595 134.624 134.653 135.814 136.976 138.137 138.486 135.582 132.678 131.516 128.653 127.491 124.628 123.466 123.496 123.525 120.661 120.690
36.0680 37.2290 38.3910 41.2950 44.1990 46.5740 49.4780 50.6810 53.5850 54.7870 57.6910 60.5950 62.9880 65.8920 68.7960 71.1890 74.0930 76.9970 79.9010 82.8050 85.7090 87.5900 90.4940 93.3980 96.3020 99.2060 102.110 105.014 107.918 110.822 113.726 116.630 119.534 122.438 122.508 122.537 123.699 125.511 123.838 122.677 123.838 126.742 127.921 128.601 128.630 129.791 130.953 131.633 131.662 131.691 131.720 131.749 132.910 134.072 135.233 136.395 134.420 131.516 128.612 127.451 124.587 123.426 120.562 120.592 120.621 123.525 123.594
38.9720 40.1330 41.2950 42.4560 45.3600 48.2640 50.6400 53.5440 54.7460 57.6500 58.8520 61.7560 64.6600 67.0530 69.9570 72.8610 75.2540 78.1580 81.0620 83.9660 86.8700 89.7740 91.6560 94.5600 97.4640 100.368 103.272 106.176 109.080 111.984 114.888 117.792 120.696 119.575 119.604 119.633 122.537 122.607 122.636 119.773 122.677 123.856 125.668 125.697 125.726 126.887 128.049 128.729 128.758 128.787 128.816 128.845 130.006 131.168 132.329 134.281 132.608 130.355 127.451 124.547 123.385 120.522 123.426 123.496 123.525 124.686 126.498
41.8760 43.0370 44.1990 45.3600 46.5220 49.4260 52.3300 54.7060 57.6100 58.8120 61.7160 62.9180 65.8220 68.7260 71.1190 74.0230 76.9270 79.3200 82.2240 85.1280 88.0320 90.9360 93.8400 95.7220 98.6260 101.530 104.434 107.338 110.242 113.146 116.050 118.954 121.858 119.604 122.508 119.645 119.674 119.703 119.732 119.761 119.790 122.694 122.764 122.793 122.822 123.983 125.795 125.825 125.854 125.883 125.912 125.941 127.102 128.264 131.168 131.377 130.215 128.543 126.289 123.385 120.481 123.385 124.587 126.400 126.429 127.590 128.752
44.7800 45.9410 47.1030 48.2640 49.4260 50.5880 53.4920 56.3960 58.7710 61.6750 62.8770 65.7810 66.9840 69.8880 72.7920 75.1850 78.0890 80.9930 83.3850 86.2890 89.1930 92.0970 95.0010 97.9050 99.7870 102.691 105.595 108.499 111.403 114.307 117.211 120.115 123.019 122.508 119.645 122.549 122.578 122.607 122.636 122.665 119.802 119.831 119.860 119.889 119.918 122.822 122.891 122.921 122.950 122.979 123.008 123.037 124.198 127.102 128.305 128.473 127.311 126.150 124.477 123.315 120.452 123.356 126.260 128.653 129.333 130.494 131.656
47.6840 48.8450 50.0070 51.1680 52.3300 53.4920 54.6530 57.5570 60.4610 62.8370 65.7410 66.9430 69.8470 71.0490 73.9530 76.8570 79.2500 82.1540 85.0580 87.4510 90.3550 93.2590 96.1630 99.0670 101.971 103.853 106.757 109.661 112.565 115.469 118.373 121.277 124.181 122.578 119.674 122.578 123.780 125.511 125.540 123.867 122.706 122.735 122.764 122.793 122.822 119.958 119.987 120.017 120.046 120.075 120.104 120.133 123.037 124.239 126.051 126.080 124.407 123.246 123.275 120.411 123.315 124.518 127.422 130.326 132.237 133.398 134.560
50.5880 51.7490 52.9110 54.0720 55.2340 56.3960 57.5570 58.7190 61.6230 64.5270 66.9020 69.8060 71.0090 73.9130 75.1150 78.0190 80.9230 83.3160 86.2200 89.1240 91.5170 94.4210 97.3250 100.229 103.133 106.037 107.918 110.822 113.726 116.630 119.534 122.438 125.342 123.739 122.578 119.714 122.618 125.522 127.933 126.771 125.610 125.639 125.668 125.697 124.024 122.862 122.891 122.921 122.950 122.979 123.008 120.144 120.173 123.077 123.147 123.176 123.205 120.342 120.371 123.275 124.477 127.381 128.583 131.487 134.391 136.302 137.464
53.4920 54.6530 55.8150 56.9760 58.1380 59.3000 60.4610 61.6230 62.7840 65.6880 68.5920 70.9680 73.8720 75.0740 77.9780 79.1800 82.0840 84.9880 87.3810 90.2850 93.1890 95.5820 98.4860 101.390 104.294 107.198 110.102 111.984 114.888 117.792 120.696 123.600 126.504 125.552 122.648 119.744 122.648 125.552 128.456 129.675 128.514 128.543 128.572 128.090 126.928 125.766 125.795 125.825 125.854 125.883 124.210 123.048 123.077 120.214 120.243 120.272 120.301 123.205 123.275 124.436 127.340 128.543 131.447 132.649 135.553 138.457 140.368
56.3960 57.5570 58.7190 59.8800 61.0420 62.2040 63.3650 64.5270 65.6880 66.8500 69.7540 72.6580 75.0340 77.9380 79.1400 82.0440 83.2460 86.1500 89.0540 91.4470 94.3510 97.2550 99.6480 102.552 105.456 108.360 111.264 114.168 116.050 118.954 121.858 124.762 127.666 125.581 122.677 119.773 122.677 125.581 127.973 130.877 131.418 131.447 131.476 130.994 129.832 128.670 128.699 128.729 128.758 128.275 127.114 125.952 124.280 123.118 123.147 123.176 123.205 124.367 126.179 127.340 128.502 131.406 132.608 135.512 136.715 139.619 142.523
59.3000 60.4610 61.6230 62.7840 63.9460 65.1080 66.2690 67.4310 68.5920 69.7540 70.9160 73.8200 76.7240 79.0990 82.0030 83.2050 86.1090 87.3120 90.2160 93.1200 95.5130 98.4170 101.321 103.713 106.617 109.521 112.425 115.329 118.233 120.115 123.019 125.923 127.596 125.610 122.706 119.802 122.706 123.908 126.812 129.716 132.620 134.351 134.380 133.898 132.736 131.574 131.603 131.633 131.662 131.179 130.018 128.345 127.184 126.022 126.051 126.080 126.109 127.271 128.432 130.244 131.406 132.568 135.472 136.674 139.578 140.780 143.684
62.2040 63.3650 64.5270 65.6880 66.8500 68.0120 69.1730 70.3350 71.4960 72.6580 73.8200 74.9810 77.8850 80.7890 83.1650 86.0690 87.2710 90.1750 91.3770 94.2810 97.1850 99.5780 102.482 105.386 107.779 110.683 113.587 116.491 119.395 122.299 122.369 123.530 126.434 125.639 122.735 119.831 119.842 122.746 125.650 128.554 131.458 134.362 137.266 136.802 135.640 134.478 134.507 134.537 134.566 134.083 132.411 131.249 130.088 128.926 128.955 128.984 129.013 130.175 131.336 132.498 134.310 135.472 136.633 139.537 140.739 143.643 144.846
65.1080 66.2690 67.4310 68.5920 69.7540 70.9160 72.0770 73.2390 74.4000 75.5620 76.7240 77.8850 79.0470 81.9510 84.8550 87.2300 90.1340 91.3370 94.2410 95.4430 98.3470 101.251 103.644 106.548 109.452 111.845 114.749 117.653 120.557 119.436 119.465 122.369 125.273 125.668 122.764 119.860 119.871 122.775 125.679 128.066 130.970 133.874 136.778 139.682 138.544 137.382 137.411 137.441 137.470 136.476 135.315 134.153 132.992 131.830 131.859 131.888 131.917 133.079 134.240 135.402 136.564 138.376 139.537 140.699 143.603 144.805 147.709
68.0120 69.1730 70.3350 71.4960 72.6580 73.8200 74.9810 76.1430 77.3040 78.4660 79.6280 80.7890 81.9510 83.1120 86.0160 88.9200 91.2960 94.2000 95.4020 98.3060 99.5080 102.412 105.316 107.709 110.613 113.517 115.910 118.814 121.718 122.340 119.476 122.380 125.284 125.697 122.793 119.889 119.900 122.804 124.001 126.905 129.809 132.713 135.617 138.521 140.286 140.286 140.315 140.345 140.374 139.380 138.219 137.057 135.896 134.734 134.763 134.792 134.821 135.983 137.144 138.306 139.468 140.629 142.441 143.603 144.764 147.668 148.871
70.9160 72.0770 73.2390 74.4000 75.5620 76.7240 77.8850 79.0470 80.2080 81.3700 82.5320 83.6930 84.8550 86.0160 87.1780 90.0820 92.9860 95.3620 98.2660 99.4680 102.372 103.574 106.478 109.382 111.775 114.679 117.583 119.976 122.880 122.409 119.505 122.409 125.313 125.726 122.822 119.918 119.924 119.935 122.839 125.743 128.647 131.551 134.455 136.221 139.125 142.029 143.219 143.249 143.278 142.284 141.123 139.961 138.800 137.638 137.667 137.696 137.725 138.887 140.048 141.210 142.372 143.533 144.695 146.507 147.668 148.830 151.734
73.8200 74.9810 76.1430 77.3040 78.4660 79.6280 80.7890 81.9510 83.1120 84.2740 85.4360 86.5970 87.7590 88.9200 90.0820 91.2440 94.1480 97.0520 99.4270 102.331 103.533 106.437 107.640 110.544 113.448 115.841 118.745 121.649 124.041 122.438 119.534 122.438 125.342 126.887 123.983 122.799 119.895 119.906 122.810 125.714 128.049 130.953 132.155 135.059 137.963 140.356 143.260 146.153 146.182 145.188 144.027 142.865 141.704 140.542 140.571 140.600 140.629 141.791 142.952 144.114 145.276 146.437 147.599 148.760 150.572 151.734 152.896
76.7240 77.8850 79.0470 80.2080 81.3700 82.5320 83.6930 84.8550 86.0160 87.1780 88.3400 89.5010 90.6630 91.8240 92.9860 94.1480 95.3090 98.2130 101.117 103.493 106.397 107.599 110.503 111.705 114.609 117.513 119.906 122.810 125.371 122.467 119.563 122.467 123.670 126.574 125.674 122.770 119.866 119.877 122.781 123.983 126.887 128.090 130.994 133.898 136.291 139.195 142.099 145.003 147.907 148.092 146.931 145.769 144.608 143.446 143.475 143.504 143.533 144.695 145.856 147.018 148.180 149.341 150.503 151.664 152.826 154.638 155.800
79.6280 80.7890 81.9510 83.1120 84.2740 85.4360 86.5970 87.7590 88.9200 90.0820 91.2440 92.4050 93.5670 94.7280 95.8900 97.0520 98.2130 99.3750 102.279 105.183 107.558 110.462 111.665 114.569 115.771 118.675 121.579 123.972 126.533 123.629 122.467 119.604 122.508 125.412 123.861 122.700 119.836 122.740 119.918 122.822 124.024 126.928 129.832 132.225 135.129 138.033 140.937 143.841 146.745 149.649 149.835 148.673 147.512 146.350 146.379 146.408 146.437 147.599 148.760 149.922 151.084 152.245 153.407 154.568 155.730 156.892 158.704
82.5320 83.6930 84.8550 86.0160 87.1780 88.3400 89.5010 90.6630 91.8240 92.9860 94.1480 95.3090 96.4710 97.6320 98.7940 99.9560 101.117 102.279 103.440 106.344 109.248 111.624 114.528 115.730 118.634 119.836 122.740 125.644 127.695 125.441 122.537 119.633 122.537 123.739 122.659 119.796 122.700 123.902 122.822 119.958 122.862 125.766 128.159 131.063 133.967 136.871 139.775 142.679 145.583 148.487 151.391 151.577 150.416 149.254 149.283 149.312 149.341 150.503 151.664 152.826 153.988 155.149 156.311 157.472 158.634 159.796 160.957
85.4360 86.5970 87.7590 88.9200 90.0820 91.2440 92.4050 93.5670 94.7280 95.8900 97.0520 98.2130 99.3750 100.536 101.698 102.860 104.021 105.183 106.344 107.506 110.410 113.314 115.690 118.594 119.796 122.700 123.902 126.806 129.507 126.603 123.699 122.537 119.674 122.578 119.755 119.784 122.688 125.592 122.891 119.987 122.891 124.094 126.998 129.902 132.806 135.710 138.614 141.518 144.422 147.326 150.230 153.134 153.320 152.158 152.187 152.216 152.245 153.407 154.568 155.730 156.892 158.053 159.215 160.376 161.538 162.700 163.861
88.3400 89.5010 90.6630 91.8240 92.9860 94.1480 95.3090 96.4710 97.6320 98.7940 99.9560 101.117 102.279 103.440 104.602 105.764 106.925 108.087 109.248 110.410 111.572 114.476 117.380 119.755 122.659 123.861 126.765 127.968 130.668 127.764 125.511 122.607 119.703 119.714 119.744 122.648 123.850 126.754 124.053 122.891 120.028 122.932 125.836 128.740 131.644 134.548 137.452 140.356 143.260 146.164 149.068 151.972 154.876 155.062 155.091 155.120 155.149 156.311 157.472 158.634 159.796 160.957 162.119 163.280 164.442 165.604 166.765
91.2440 92.4050 93.5670 94.7280 95.8900 97.0520 98.2130 99.3750 100.536 101.698 102.860 104.021 105.183 106.344 107.506 108.668 109.829 110.991 112.152 113.314 114.476 115.637 118.541 121.445 123.821 126.725 127.927 130.831 131.830 129.576 126.672 123.768 122.607 119.744 122.648 123.809 126.713 127.915 125.865 122.961 120.057 122.961 125.865 128.769 131.673 134.577 137.481 140.385 143.289 146.193 149.097 152.001 154.905 157.809 157.995 158.024 158.053 159.215 160.376 161.538 162.700 163.861 165.023 166.184 167.346 168.508 169.669
94.1480 95.3090 96.4710 97.6320 98.7940 99.9560 101.117 102.279 103.440 104.602 105.764 106.925 108.087 109.248 110.410 111.572 112.733 113.895 115.056 116.218 117.380 118.541 119.703 122.607 125.511 127.886 130.790 131.993 133.642 130.738 127.834 125.581 122.677 119.773 122.677 125.581 127.875 128.798 125.894 122.990 120.086 122.990 125.894 128.798 131.702 134.606 136.488 139.392 142.296 145.200 148.104 151.008 153.912 156.816 159.720 160.928 160.957 162.119 163.280 164.442 165.604 166.765 167.927 169.088 170.250 171.412 172.573
