AppendixA/HikerMovements/data/dist_parking_1000.asc
ncols 271
nrows 294
xllcorner 698225
yllcorner 5141858
cellsize 30.00
nodata_value  225.453
[rows 29 to 57 of 294, columns 134 to 200 of 271]
13.2420 12.0810 12.0920 9.22900 9.25800 12.1620 15.0660 15.1760 16.3380 17.5000 20.4040 21.6060 24.5100 27.4140 26.1070 24.9450 22.0820 20.9200 18.0570 15.8040 12.9000 9.99600 12.9000 12.9690 12.9980 13.0270 14.1890 13.1090 13.1380 10.2740 10.3030 13.2070 14.4100 17.3140 20.2180 22.6110 25.5150 28.4190 31.3230 34.2270 37.1310 39.4420 38.2810 37.1190 35.6150 34.4530 31.5900 30.4280 29.2670 28.1050 26.9430 25.3690 22.4650 19.5610 17.3080 14.4040 11.5000 14.4040 17.3080 19.7010 22.6050 23.8070 26.7110 27.9130 30.8170 33.7210 36.6250
12.0810 9.17700 9.18800 9.21700 12.1210 13.3240 16.2280 18.0800 19.2420 20.4040 21.5650 24.4690 25.6710 28.5750 29.0110 26.1480 24.5450 21.6410 18.7370 15.8330 12.9290 10.0250 10.0360 10.0650 10.0940 10.1230 13.0270 10.2050 10.2340 10.2630 13.1670 14.3690 17.2730 18.4750 21.3790 24.2830 26.6760 29.5800 32.4840 35.3880 38.2920 41.1960 41.1850 39.6800 38.5190 35.6550 34.4940 33.3320 32.1710 31.0090 28.9530 26.0490 23.1450 20.2410 17.3370 14.4330 11.5290 14.4330 15.6350 18.5390 19.7410 22.6450 23.8480 26.7520 29.6560 32.5600 35.4640
12.0110 9.14800 12.0520 12.1210 13.2830 16.1870 17.3890 20.2930 22.1460 23.3080 24.4690 25.6310 28.5350 29.7370 30.2130 28.6100 25.7060 22.8020 19.8980 16.9940 14.0900 12.9290 12.9400 12.9690 12.9980 13.0270 10.1640 10.1930 13.0970 13.1670 14.3280 17.2320 18.4350 21.3390 22.5410 25.4450 28.3490 30.7420 33.6460 36.5500 39.4540 42.3580 43.7460 42.5840 39.7210 38.5590 37.3980 36.2360 35.0750 33.0180 30.1140 27.2100 24.3060 21.4020 18.4980 15.5940 14.4330 11.5700 14.4740 15.6760 18.5800 19.7820 22.6860 25.5900 28.4940 31.3980 34.3020
9.10700 9.11900 12.0230 14.9270 16.1870 17.3480 20.2520 21.4550 24.3590 26.2120 27.3730 28.5350 29.6960 32.6000 32.6760 29.7720 26.8680 23.9640 21.0600 18.1560 16.9940 15.8330 15.8440 15.8730 15.9020 14.2300 13.0680 13.0970 14.2590 16.0710 17.2320 18.3940 21.2980 22.5000 25.4040 26.6060 29.5100 32.4140 34.8070 37.7110 40.6150 43.5190 46.4230 43.7870 42.6250 41.4630 40.3020 39.1400 37.0840 34.1800 31.2760 28.3720 25.4680 22.5640 19.6600 18.4980 15.6350 14.4740 11.6100 14.5140 15.7160 18.6200 21.5240 24.4280 27.3320 30.2360 33.1400
9.07800 11.9820 13.1840 16.0880 18.9920 20.2520 21.4140 24.3180 25.5200 28.4240 30.2770 31.4390 32.6000 33.7620 33.8370 30.9330 28.0290 25.1250 22.2210 21.0600 19.8980 18.7370 18.7480 18.7770 18.2950 17.1340 15.9720 16.0010 17.1630 18.3240 20.1360 21.2980 22.4600 25.3640 26.5660 29.4700 30.6720 33.5760 36.4800 38.8730 41.7770 44.6810 47.5850 46.6910 45.5290 44.3670 43.2060 41.1500 38.2460 35.3420 32.4380 29.5340 26.6300 23.7260 22.5640 19.7010 18.5390 15.6760 14.5140 11.6510 14.5550 17.4590 20.3630 23.2670 26.1710 29.0750 31.9790
11.9410 13.1440 16.0480 17.2500 20.1540 23.0580 24.3180 25.4800 28.3840 29.5860 32.4900 34.3430 35.5040 36.6660 34.9990 32.0950 29.1910 26.2870 25.1250 23.9640 22.8020 21.6410 21.6520 21.6810 21.1990 20.0380 18.8760 18.9050 20.0670 21.2280 22.3900 24.2020 25.3640 26.5250 29.4290 30.6310 33.5350 34.7380 37.6420 40.5460 42.9390 45.8430 48.7470 49.5950 48.4330 47.2710 45.2150 42.3110 39.4070 36.5030 33.5990 30.6950 27.7910 26.6300 23.7660 22.6050 19.7410 17.4880 14.5840 11.6800 14.5840 17.4880 20.3920 23.2960 26.2000 29.1040 32.0080
13.1030 16.0070 17.2090 20.1130 21.3150 24.2190 27.1230 28.3840 29.5450 32.4490 33.6520 36.5560 38.4080 39.0650 36.1610 33.2570 30.3530 29.1910 28.0290 26.8680 25.7060 24.5450 24.5560 24.5850 24.1030 22.9420 21.7800 21.8090 22.9710 24.1320 25.2940 26.4550 28.2680 29.4290 30.5910 33.4950 34.6970 37.6010 38.8030 41.7070 44.6110 47.0040 49.9080 52.4990 51.3370 49.2810 46.3770 43.4730 40.5690 37.6650 34.7610 31.8570 29.8240 26.9200 24.0160 21.6230 18.7190 15.8150 14.6130 11.7090 14.6130 17.5170 20.4210 23.3250 26.2290 29.1330 32.0370
14.7760 17.1680 20.0720 21.2750 24.1790 25.3810 28.2850 31.1890 32.4490 33.6110 36.5150 37.7170 40.6210 40.2260 37.3220 34.4180 33.2570 32.0950 30.9330 29.7720 28.6100 27.4490 27.4600 27.4890 27.0070 25.8460 24.6840 24.7130 25.8750 27.0360 28.1980 29.3590 30.5210 32.3330 33.4950 34.6560 37.5600 38.7630 41.6670 42.8690 45.7730 48.6770 51.0700 53.9740 51.8940 48.9900 46.0860 43.1820 40.2780 37.3740 34.4700 31.5660 28.6620 25.7580 22.8540 19.9500 17.5580 14.6540 11.7500 14.6130 15.7750 18.6790 21.5830 24.4870 27.3910 30.2950 33.1990
15.9370 18.8410 21.2340 24.1380 25.3400 28.2440 29.4470 32.3510 35.2550 36.5150 37.6760 40.5800 41.7830 41.3880 38.4840 37.3220 36.1610 34.9990 33.8370 32.6760 31.5140 30.3530 30.3640 30.3930 29.9110 28.7500 27.5880 27.6170 28.7790 29.9400 31.1020 32.2630 33.4250 34.5870 36.3990 37.5600 38.7220 41.6260 42.8280 45.7320 46.9340 49.8380 52.7420 53.6370 50.7330 47.8290 44.9250 42.0210 39.1170 36.2130 33.3090 30.4050 27.5010 24.5970 21.6930 18.7890 15.8850 14.6830 11.7790 14.6830 17.5870 19.8400 22.7440 25.6480 28.5520 31.4560 34.3600
17.0990 20.0030 22.9070 25.3000 28.2040 29.4060 32.3100 33.5120 36.4160 39.3200 40.5800 41.7420 44.6460 42.5490 41.3880 40.2260 39.0650 37.9030 36.7410 35.5800 34.4180 33.2570 33.2680 33.2970 32.8150 31.6540 30.4920 30.5210 31.6830 32.8440 34.0060 35.1670 36.3290 37.4910 38.6520 40.4640 41.6260 42.7880 45.6920 46.8940 49.7980 51.0000 53.9040 52.4750 49.5710 46.6670 43.7630 40.8590 37.9550 35.0510 32.1470 29.2430 26.3390 23.4350 20.5310 17.6270 14.7230 11.8190 11.8080 14.7120 17.6160 20.5200 23.4240 26.3280 29.2320 32.1360 35.0400
17.5810 20.4850 23.3890 26.2930 29.1970 32.1010 33.4720 36.3760 37.5780 40.4820 43.3860 44.6460 45.8080 45.4530 44.2920 43.1300 41.9690 40.8070 39.6450 38.4840 37.3220 36.1610 36.1720 36.2010 35.7190 34.5580 33.3960 33.4250 34.5870 35.7480 36.9100 38.0710 39.2330 40.3950 41.5560 42.7180 44.5300 45.6920 46.8530 49.7570 50.9590 53.8630 54.7810 51.8770 48.9730 46.0690 43.1650 40.2610 37.3570 34.4530 31.5490 28.6450 25.7410 22.8370 19.9330 17.6560 14.7520 11.8480 14.7120 15.8730 18.7770 21.6810 24.5850 27.4890 30.3930 33.2970 36.2010
17.5520 20.4560 23.3600 26.2640 29.1680 32.0720 34.9760 37.5370 40.4410 41.6430 44.5470 47.4510 48.7120 48.3570 47.1960 46.0340 44.8730 43.7110 42.5490 41.3880 40.2260 39.0650 39.0760 39.1050 38.6230 37.4620 36.3000 36.3290 37.4910 38.6520 39.8140 40.9750 42.1370 43.2990 44.4600 45.6220 46.7830 48.5960 49.7570 50.9190 53.8230 55.0250 53.6190 50.7150 47.8110 44.9070 42.0030 39.0990 36.1950 33.2910 30.3870 27.4830 24.5790 21.6750 18.7710 15.8670 14.7060 11.8430 14.7470 17.6510 19.9390 22.8430 25.7470 28.6510 31.5550 34.4590 37.3630
17.5230 20.4270 23.3310 26.2350 29.1390 32.0430 34.9470 37.8510 40.7550 43.6590 45.7090 48.6130 51.5170 51.2610 50.1000 48.9380 47.7770 46.6150 45.4530 44.2920 43.1300 41.9690 41.9800 42.0090 41.5270 40.3660 39.2040 39.2330 40.3950 41.5560 42.7180 43.8790 45.0410 46.2030 47.3640 48.5260 49.6870 50.8490 52.6610 53.8230 54.9840 55.3620 52.4580 49.5540 46.6500 43.7460 40.8420 37.9380 35.0340 32.1300 29.2260 26.3220 23.4180 20.5140 17.6100 14.7060 11.8020 14.7060 15.9080 18.8120 21.7160 24.0040 26.9080 29.8120 32.7160 35.6200 38.5240
17.4940 20.3980 23.3020 26.2060 29.1100 32.0140 34.9180 37.8220 40.7260 43.6300 46.5340 49.4380 52.3420 54.1650 53.0040 51.8420 50.6810 49.5190 48.3570 47.1960 46.0340 44.8730 44.8840 44.9130 44.4310 43.2700 42.1080 42.1370 43.2990 44.4600 45.6220 46.7830 47.9450 49.1070 50.2680 51.4300 52.5910 53.7530 54.9150 56.7270 57.8880 55.3330 52.4290 49.5250 46.6210 43.7170 40.8130 37.9090 35.0050 32.1010 29.1970 26.2930 23.3890 20.4850 17.5810 14.6770 11.7730 14.6360 15.7980 18.7020 21.6060 24.5100 27.4140 30.3180 33.2220 36.1260 39.0300
18.6550 21.5590 24.4630 27.3670 30.2710 33.1750 36.0790 38.9830 41.8870 44.7910 47.6950 50.5990 53.5030 56.4070 55.9080 54.7460 53.5850 52.4230 51.2610 50.1000 48.9380 47.7770 47.7880 47.8170 47.3350 46.1740 45.0120 45.0410 46.2030 47.3640 48.5260 49.6870 50.8490 52.0110 53.1720 54.3340 55.4950 56.6570 57.8190 58.9800 59.3980 56.4940 53.5900 50.6860 47.7820 44.8780 41.9740 39.0700 36.1660 33.2620 30.3580 27.4540 24.5500 21.6460 18.7420 15.8380 14.6360 11.7320 14.6360 17.5400 20.4440 23.3480 26.2520 29.1560 32.0600 34.9640 37.8680
19.8170 22.7210 25.6250 28.5290 31.4330 34.3370 37.2410 40.1450 43.0490 45.9530 48.8570 51.7610 54.6650 57.5690 58.8120 57.6500 56.4890 55.3270 54.1650 53.0040 51.8420 50.6810 50.6920 50.7210 50.2390 49.0780 47.9160 47.9450 49.1070 50.2680 51.4300 52.5910 53.7530 54.9150 56.0760 57.2380 58.3990 59.5610 60.7230 61.8840 60.4210 57.5170 54.6130 51.7090 48.8050 45.9010 42.9970 40.0930 37.1890 34.2850 31.3810 28.4770 25.5730 22.6690 19.7650 17.5110 14.6070 11.7030 14.6070 17.5110 20.4150 23.3190 26.2230 29.1270 32.0310 34.9350 37.8390
20.9780 23.8820 26.7860 29.6900 32.5940 35.4980 38.4020 41.3060 44.2100 47.1140 50.0180 52.9220 55.8260 58.7300 61.6340 60.5540 59.3930 58.2310 57.0690 55.9080 54.7460 53.5850 53.5960 53.6250 53.1430 51.9820 50.8200 50.8490 52.0110 53.1720 54.3340 55.4950 56.6570 57.8190 58.9800 60.1420 61.3030 62.4650 63.6270 62.1630 59.2590 56.3550 53.4510 50.5470 47.6430 44.7390 41.8350 38.9310 36.0270 33.1230 30.2190 27.3150 24.4110 21.5070 18.6030 15.6990 14.5370 11.6740 14.5780 17.4820 20.3860 23.2900 26.1940 29.0980 32.0020 34.6560 35.8180
23.8420 25.0440 27.9480 30.8520 33.7560 36.6600 39.5640 42.4680 45.3720 48.2760 51.1800 54.0840 56.9880 59.8920 62.7960 63.4580 62.2970 61.1350 59.9730 58.8120 57.6500 56.4890 56.5000 56.5290 56.0470 54.8860 53.7240 53.7530 54.9150 56.0760 57.2380 58.3990 59.5610 60.7230 61.8840 63.0460 64.2070 65.3690 63.9050 61.0010 58.0970 55.1930 52.2890 49.3850 46.4810 43.5770 40.6730 37.7690 34.8650 31.9610 29.0570 26.1530 23.2490 20.3450 17.4410 14.5370 11.6330 14.5370 15.7400 18.6440 21.5480 24.4520 27.3560 29.4290 30.5910 31.7520 34.6160
25.0030 27.9070 29.1100 32.0140 34.9180 37.8220 40.7260 43.6300 46.5340 49.4380 52.3420 55.2460 58.1500 61.0540 63.9580 66.3620 65.2010 64.0390 62.8770 61.7160 60.5540 59.3930 59.4040 59.4330 58.9510 57.7900 56.6280 56.6570 57.8190 58.9800 60.1420 61.3030 62.4650 63.6270 64.7880 65.9500 67.1110 66.7800 63.8760 60.9720 58.0680 55.1640 52.2600 49.3560 46.4520 43.5480 40.6440 37.7400 34.8360 31.9320 29.0280 26.1240 23.2200 20.3160 17.4120 14.5080 11.6040 14.4680 15.6290 18.5330 21.4370 23.6910 25.3640 26.5250 27.6870 30.5500 31.7120
24.6960 27.6000 30.5040 33.1750 36.0790 38.9830 41.8870 44.7910 47.6950 50.5990 53.5030 56.4070 59.3110 62.2150 65.1190 68.0230 68.1050 66.9430 65.7810 64.6200 63.4580 62.2970 62.3080 62.3370 61.8550 60.6940 59.5320 59.5610 60.7230 61.8840 63.0460 64.2070 65.3690 66.5310 67.6920 68.8540 70.0150 67.9420 65.0380 62.1340 59.2300 56.3260 53.4220 50.5180 47.6140 44.7100 41.8060 38.9020 35.9980 33.0940 30.1900 27.2860 24.3820 21.4780 18.5740 15.6700 14.4680 11.5640 14.4680 17.3720 19.6250 21.2980 22.4600 23.6210 26.4840 27.6460 30.5090
23.5340 26.4380 29.3420 32.2460 35.1500 38.0540 40.9580 43.8620 46.7660 49.6700 52.5740 55.4780 58.3820 61.2860 64.1900 67.0940 69.9980 69.8470 68.6850 67.5240 66.3620 65.2010 65.2120 65.2410 64.7590 63.5980 62.4360 62.4650 63.6270 64.7880 65.9500 67.1110 68.2730 69.4350 70.5960 71.7580 72.0080 69.1040 66.2000 63.2960 60.3920 57.4880 54.5840 51.6800 48.7760 45.8720 42.9680 40.0640 37.1600 34.2560 31.3520 28.4480 25.5440 22.6400 19.7360 17.3430 14.4390 11.5350 14.3980 15.5600 17.2320 18.3940 19.5560 22.4190 23.5800 26.4440 27.6050
22.3720 25.2760 28.1800 31.0840 33.9880 36.8920 39.7960 42.7000 45.6040 48.5080 51.4120 54.3160 57.2200 60.1240 63.0280 65.9320 68.8360 71.7400 71.5890 70.4280 69.2660 68.1050 68.1160 68.1450 67.6630 66.5020 65.3400 65.3690 66.5310 67.6920 68.8540 70.0150 71.1770 72.3390 73.5000 74.6620 72.5070 69.6030 66.6990 63.7950 60.8910 57.9870 55.0830 52.1790 49.2750 46.3710 43.4670 40.5630 37.6590 34.7550 31.8510 28.9470 26.0430 23.1390 20.2350 17.3310 14.4270 11.5230 11.4940 14.3570 14.3280 15.4900 18.3530 19.5150 22.3780 23.5400 26.4440
21.2110 24.1150 27.0190 29.9230 32.8270 35.7310 38.6350 41.5390 44.4430 47.3470 50.2510 53.1550 56.0590 58.9630 61.8670 64.7710 67.6750 70.5790 73.4830 73.3320 72.1700 71.0090 71.0200 71.0490 70.5670 69.4060 68.2440 68.2730 69.4350 70.5960 71.7580 72.9190 74.0810 75.2430 76.4040 76.5730 73.6690 70.7650 67.8610 64.9570 62.0530 59.1490 56.2450 53.3410 50.4370 47.5330 44.6290 41.7250 38.8210 35.9170 33.0130 30.1090 27.2050 24.3010 21.3970 18.4930 15.5890 14.4270 14.3570 11.4530 11.4240 14.2880 15.4490 18.3130 19.4740 22.3780 25.2820
20.0490 22.9530 25.8570 28.7610 31.6650 34.5690 37.4730 40.3770 43.2810 46.1850 49.0890 51.9930 54.8970 57.8010 60.7050 63.6090 66.5130 69.4170 72.3210 75.2250 75.0740 73.9130 73.9240 73.9530 73.4710 72.3100 71.1480 71.1770 72.3390 73.5000 74.6620 75.8230 76.9850 78.1470 79.3080 77.7340 74.8300 71.9260 69.0220 66.1180 63.2140 60.3100 57.4060 54.5020 51.5980 48.6940 45.7900 42.8860 39.9820 37.0780 34.1740 31.2700 28.3660 25.4620 22.5580 19.6540 18.4930 17.3310 15.5190 14.3570 14.2880 11.3840 14.2470 15.4090 18.3130 21.2170 24.1210
20.0200 22.9240 25.8280 28.7320 31.6360 34.5400 37.4440 40.3480 43.2520 46.1560 49.0600 51.9640 54.8680 57.7720 60.6760 63.5800 66.4840 69.3880 72.2920 75.1960 77.9780 76.8170 76.8280 76.8570 76.3750 75.2140 74.0520 74.0810 75.2430 76.4040 77.5660 78.7270 79.8890 81.0510 81.8000 78.8960 75.9920 73.0880 70.1840 67.2800 64.3760 61.4720 58.5680 55.6640 52.7600 49.8560 46.9520 44.0480 41.1440 38.2400 35.3360 32.4320 29.5280 26.6240 23.7200 22.5580 21.3970 19.5850 18.4230 17.2610 15.4490 14.2470 11.3430 14.2470 17.1510 20.0550 22.9590
19.9910 22.8950 25.7990 28.7030 31.6070 34.5110 37.4150 40.3190 43.2230 46.1270 49.0310 51.9350 54.8390 57.7430 60.6470 63.5510 66.4550 69.3590 72.2630 75.1670 78.0710 79.7210 79.7320 79.7610 79.2790 78.1180 76.9560 76.9850 78.1470 79.3080 80.4700 81.6310 82.7930 83.9550 82.9610 80.0570 77.1530 74.2490 71.3450 68.4410 65.5370 62.6330 59.7290 56.8250 53.9210 51.0170 48.1130 45.2090 42.3050 39.4010 36.4970 33.5930 30.6890 27.7850 26.6240 25.4620 23.6500 22.4890 21.3270 19.5150 17.1220 14.2180 11.3140 14.2180 17.1220 19.3750 22.2790
19.9620 22.8660 25.7700 28.6740 31.5780 34.4820 37.3860 40.2900 43.1940 46.0980 49.0020 51.9060 54.8100 57.7140 60.6180 63.5220 66.4260 69.3300 72.2340 75.1380 78.0420 80.9460 82.6360 82.6650 82.1830 81.0220 79.8600 79.8890 81.0510 82.2120 83.3740 84.5350 85.6970 86.8590 84.1230 81.2190 78.3150 75.4110 72.5070 69.6030 66.6990 63.7950 60.8910 57.9870 55.0830 52.1790 49.2750 46.3710 43.4670 40.5630 37.6590 34.7550 31.8510 30.6890 29.5280 27.7160 26.5540 25.3930 22.9010 19.9970 17.0930 14.1890 11.2850 14.1480 15.3100 18.2140 21.1180
21.1240 24.0280 26.9320 29.8360 32.7400 35.6440 38.5480 41.4520 44.3560 47.2600 50.1640 53.0680 55.9720 58.8760 61.7800 64.6840 67.5880 70.4920 73.3960 76.3000 79.2040 82.1080 85.0120 85.5690 85.0870 83.9260 82.7640 82.7930 83.9550 85.1160 86.2780 87.4390 88.6010 88.1890 85.2850 82.3810 79.4770 76.5730 73.6690 70.7650 67.8610 64.9570 62.0530 59.1490 56.2450 53.3410 50.4370 47.5330 44.6290 41.7250 38.8210 35.9170 34.7550 33.5930 31.7810 30.6200 29.4580 26.9670 24.0630 21.1590 18.2550 15.3510 14.1480 11.2440 14.1480 17.0520 19.3060
22.2850 25.1890 28.0930 30.9970 33.9010 36.8050 39.7090 42.6130 45.5170 48.4210 51.3250 54.2290 57.1330 60.0370 62.9410 65.8450 68.7490 71.6530 74.5570 77.4610 80.3650 83.2690 86.1730 88.4730 87.9910 86.8300 85.6680 85.6970 86.8590 88.0200 89.1820 90.3430 91.5050 89.3500 86.4460 83.5420 80.6380 77.7340 74.8300 71.9260 69.0220 66.1180 63.2140 60.3100 57.4060 54.5020 51.5980 48.6940 45.7900 42.8860 39.9820 38.8210 37.6590 35.8470 34.6850 33.5240 31.0320 28.1280 25.2240 22.3200 19.4160 17.0230 14.1190 11.2150 14.0790 15.2400 18.1440
