AppendixA/HikerMovements/data/dist_busstop_1000.asc
ncols 271
nrows 294
xllcorner 698225
yllcorner 5141858
cellsize 30.00
nodata_value  225.622
[rows 116 to 144 of 294, columns 134 to 200 of 271]
36.0730 35.9920 33.0880 30.1840 27.2800 24.3760 23.2150 22.0530 20.8910 19.7300 17.8360 14.9320 12.0280 10.8260 7.92200 7.89300 7.88100 10.7850 13.6890 14.8340 13.6720 11.9990 10.8380 10.8670 12.0280 13.8400 15.0020 16.1640 19.0680 19.7880 20.9490 22.1110 22.7910 23.9520 25.1140 25.7930 25.8220 25.8510 25.8800 25.9090 24.9160 23.7550 22.5930 21.4320 20.2700 20.2990 20.3280 20.3570 21.5190 22.6800 23.3600 24.5210 25.6830 26.3630 26.3920 26.4210 26.4500 26.4790 25.0030 22.0990 19.1950 16.2910 13.3870 12.2260 9.36200 12.2660 13.4690
33.1690 33.1990 33.2280 31.3460 28.4420 27.2800 26.1190 24.9570 23.7950 21.9020 18.9980 16.0940 14.8920 11.9880 10.8260 10.7560 7.85200 10.7160 11.8770 11.9300 10.7680 10.7970 7.93400 7.96300 10.8670 10.9360 12.0980 15.0020 16.2040 16.8840 18.0450 19.2070 19.8870 21.0480 22.2100 22.8890 22.9180 22.9470 22.9760 23.0050 22.5230 20.8510 19.6890 18.5280 17.3660 17.3950 17.4240 17.4530 18.6150 19.7760 20.4560 21.6170 22.7790 23.4590 23.4880 23.5170 23.5460 23.5750 23.6040 20.9380 18.0340 15.1300 12.2260 9.32200 9.33300 12.2370 15.1410
30.2650 30.2950 30.3240 30.3530 30.3820 30.1840 29.0230 27.8610 25.9680 23.0640 20.1600 18.9570 16.0530 14.8920 13.6310 10.7270 7.82300 7.81200 10.6980 10.7270 7.86400 7.89300 7.92200 10.8260 8.00300 8.03200 10.9360 12.1390 13.9510 13.9800 15.1410 16.3030 16.9830 18.1440 19.3060 19.9850 20.0140 20.0430 20.0720 20.1010 19.6190 18.4580 16.7850 15.6240 14.4620 14.4910 14.5200 14.5490 15.7110 16.8720 17.5520 18.7130 19.8750 20.5550 20.5840 20.6130 20.6420 20.6710 20.7000 20.2180 17.3540 15.1010 12.1970 9.29300 12.1970 13.3990 16.3030
27.3610 27.3910 27.4200 27.4490 27.4780 27.5070 27.5360 27.5650 27.1290 24.2250 23.0230 20.1190 18.9570 17.6970 14.7930 11.8890 10.6870 7.78300 7.79400 7.82300 7.85200 10.7560 10.8260 11.9880 10.9070 8.04400 8.07300 10.9770 11.0470 11.0760 12.2370 14.0500 14.0790 15.2400 16.4020 17.0810 17.1100 17.1390 17.1680 17.1970 16.7150 15.5540 14.3920 12.7200 11.5580 11.5870 11.6160 11.6450 12.8070 14.6190 14.6480 15.8090 16.9710 17.6510 17.6800 17.7090 17.7380 17.7670 17.7960 17.3140 16.1520 13.2890 12.1270 9.26400 12.1680 15.0720 17.4650
24.4570 24.4870 24.5160 24.5450 24.5740 24.6030 24.6320 24.6610 25.8220 26.9840 24.1850 23.0230 21.7630 18.8590 15.9550 13.5620 10.6580 7.75400 10.6170 10.7270 10.7560 11.9180 13.7300 14.8920 12.1100 10.9480 10.9770 8.11400 8.14300 8.17200 11.0760 11.1460 11.1750 12.3360 14.1480 14.1770 14.2060 14.2350 14.2640 14.2930 14.3230 12.6500 11.4880 11.5170 8.65400 8.68300 8.71200 8.74100 11.6450 11.7150 11.7440 12.9050 14.7170 14.7470 14.7760 14.8050 14.8340 14.8630 14.8920 14.9210 13.2480 12.0860 9.22300 9.25200 12.1560 15.0600 17.9640
21.5530 21.5830 21.6120 21.6410 21.6700 21.6990 21.7280 21.7570 22.9180 24.0800 23.7370 22.5760 21.4140 20.0200 17.6270 14.7230 11.8190 10.6170 7.71300 10.5760 11.7380 14.6420 15.9840 16.1750 15.0140 13.8520 12.1790 11.0180 11.0470 11.0760 8.21300 8.24200 8.27100 11.1750 11.2440 11.2730 11.3020 11.3310 11.3600 11.3890 11.4190 11.4480 8.58400 8.61300 8.64200 11.5460 11.6160 8.75300 8.78200 8.81100 8.84000 11.7440 11.8130 11.8430 11.8720 11.9010 11.9300 11.9590 11.9880 12.0170 12.0460 9.18200 9.21100 12.1150 13.3180 16.2220 19.1260
18.6490 18.6790 18.7080 18.7370 18.7660 18.7950 18.8240 18.8530 20.0140 21.1760 21.8560 19.6720 18.5100 17.3480 16.1870 15.8850 13.4920 10.5880 7.68400 7.67200 10.5760 13.4800 16.3840 19.0790 17.9180 16.2450 15.0830 13.9220 13.9510 12.2780 11.1170 11.1460 11.1750 8.31100 8.34000 8.36900 8.39800 8.42700 8.45600 8.48500 8.51500 8.54400 8.57300 11.4770 11.5460 12.7080 12.8180 11.6570 11.6860 11.7150 11.7440 8.88000 8.90900 8.93900 8.96800 8.99700 9.02600 9.05500 9.08400 9.11300 9.14200 9.17100 12.0750 13.2770 16.1810 17.3830 20.2870
15.7450 15.7750 15.8040 15.8330 15.8620 15.8910 15.9200 15.9490 17.1100 18.2720 18.9520 18.4690 15.6060 14.4440 13.2830 13.3120 13.3410 11.6680 10.5070 7.64300 10.5470 13.4510 16.3550 19.2590 20.3110 19.1490 17.9870 16.8260 16.3440 15.1820 14.0210 14.0500 12.3770 11.2150 11.2440 11.2730 8.41000 8.43900 11.3430 11.3890 11.4190 11.4480 11.4770 12.6380 14.4500 15.6120 15.7220 14.5610 14.5900 14.6190 12.9460 11.7840 11.8130 11.8430 11.8720 11.9010 11.9300 11.9590 11.9880 12.0170 12.0460 12.0750 13.2360 16.1400 17.3430 20.2470 21.4490
12.8410 12.8710 12.9000 12.9290 12.9580 12.9870 13.0160 13.0450 14.2060 15.3680 16.0480 15.5650 14.4040 11.5400 10.3790 10.4080 10.4370 10.4660 7.60300 7.63200 10.5360 13.4400 16.3440 19.2480 22.1520 22.0530 20.8910 19.7300 19.2480 18.0860 16.9250 16.4420 15.2810 14.1190 14.1480 12.4760 11.3140 11.3430 12.5050 14.2930 14.3230 14.3520 14.3810 15.5420 16.7040 18.5160 18.6260 17.4650 17.4940 17.0120 15.8500 14.6880 14.7170 14.7470 14.7760 14.8050 14.8340 14.8630 14.8920 14.9210 14.9500 14.9790 16.1400 17.3020 20.2060 21.4080 24.3120
9.93700 9.96700 9.99600 10.0250 10.0540 10.0830 10.1120 10.1410 11.3020 13.1140 13.1440 13.1730 11.5000 10.3380 7.47500 7.50400 7.53300 7.56200 7.59100 10.4950 11.6970 14.6010 17.5050 20.4090 23.3130 24.9570 23.7950 22.6340 22.1520 20.9900 19.8290 19.3460 18.1850 17.0230 16.5410 15.3800 14.2180 14.2470 15.4090 16.5700 17.2270 17.2560 17.2850 18.4460 19.6080 20.7690 21.5300 20.3690 20.3980 19.9160 18.7540 17.5920 17.6210 17.6510 17.6800 17.7090 17.7380 17.7670 17.7960 17.8250 17.8540 17.8830 19.0440 20.2060 21.3680 24.2720 25.4740
7.03300 7.06300 7.09200 7.12100 7.15000 7.17900 7.20800 7.23700 10.1410 10.2100 10.2400 10.2690 10.2980 7.43400 7.46300 10.3670 10.4370 10.4660 7.60300 10.5070 11.7090 14.6130 17.5170 19.9100 22.8140 25.7180 26.6990 25.5380 25.0560 23.8940 22.7330 22.2500 21.0890 19.9270 19.4450 18.2840 17.1220 17.1510 18.3130 19.4740 20.1310 20.1600 20.1890 21.3500 22.5120 23.6730 24.4340 23.2730 23.3020 22.8200 21.6580 20.4960 20.5250 20.5550 20.5840 20.6130 20.6420 20.6710 20.7000 20.7290 20.7580 20.7870 21.9480 23.1100 24.2720 25.4330 28.3370
9.93700 9.96700 9.99600 10.0250 10.0540 10.0830 10.1120 7.24800 7.27700 7.30600 7.33600 7.36500 7.39400 7.42300 10.3270 11.5290 13.3410 11.6680 10.5070 7.64300 10.5470 13.4510 15.8440 18.7480 21.6520 24.0450 26.9490 28.1510 27.9600 26.7980 25.6370 25.1540 23.9930 22.8310 22.3490 21.1880 20.0260 20.0550 21.2170 22.3780 23.0350 23.0640 23.0930 24.2540 25.4160 26.5770 27.3380 26.1770 26.2060 25.7240 24.5620 23.4000 23.4290 23.4590 23.4880 23.5170 23.5460 23.5750 23.6040 23.6330 23.6620 23.6910 24.8520 26.0140 27.1760 28.3370 29.4990
12.8410 12.8710 12.9000 12.9290 12.9580 12.9870 11.3140 10.1520 10.1810 10.2100 10.2400 10.2690 10.2980 10.3270 11.4880 14.3920 15.5940 13.4800 10.5760 7.67200 10.5760 11.7790 14.6830 17.5870 19.9800 22.8840 24.0860 26.9900 28.1920 29.7020 28.5410 28.0580 26.8970 25.7350 25.2530 24.0920 22.9300 22.9590 24.1210 25.2820 25.9390 25.9680 25.9970 27.1580 28.3200 29.4810 30.2420 29.0810 29.1100 28.6280 27.4660 26.3040 26.3330 26.3630 26.3920 26.4210 26.4500 26.4790 26.5080 26.5370 26.5660 26.5950 27.7560 28.9180 30.0800 31.2410 32.4030
15.0950 15.7750 15.8040 15.8330 15.8620 15.3800 14.2180 13.0560 13.0850 13.1140 13.1440 13.1730 13.2020 13.2310 14.3920 15.5540 17.5460 14.6420 11.7380 10.5760 7.71300 10.6170 13.5210 15.9140 18.8180 20.0200 22.9240 24.1260 25.9390 27.1000 28.2620 30.9620 29.8010 28.6390 28.1570 26.9960 25.8340 25.8630 27.0250 28.1860 28.8430 28.8720 28.9010 30.0620 31.2240 32.3850 33.1460 31.9850 32.0140 31.5320 30.3700 29.2080 29.2370 29.2670 29.2960 29.3250 29.3540 29.3830 29.4120 29.4410 29.4700 29.4990 30.6600 31.8220 32.9840 34.1450 35.3070
17.9990 18.6790 18.7080 18.7370 18.7660 18.2840 17.1220 15.9600 15.9890 16.0180 16.0480 16.0770 16.1060 16.1350 17.2960 18.4580 16.4660 13.5620 10.6580 7.75400 7.74200 10.6460 11.8480 14.7520 15.9550 18.8590 20.0610 21.8730 23.0350 24.1960 27.1000 28.3020 30.1140 31.2760 31.0610 29.9000 28.7380 28.7670 29.9290 31.0900 31.7470 31.7760 31.8050 32.9660 34.1280 35.2890 36.0500 34.8890 34.9180 34.4360 33.2740 32.1120 32.1410 32.1710 32.2000 32.2290 32.2580 32.2870 32.3160 32.3450 32.3740 32.4030 33.5640 34.7260 35.8880 37.0490 38.2110
20.9030 21.5830 21.6120 21.6410 21.6700 21.1880 20.0260 18.8640 18.8930 18.9220 18.9520 18.9810 19.0100 19.0390 20.2000 20.5310 17.6270 14.7230 11.8190 10.6580 7.77100 7.78300 10.6870 11.8890 14.7930 15.9950 17.8070 18.9690 20.1310 23.0350 24.2370 26.0490 27.2100 28.3720 30.1840 31.3460 31.6420 31.6710 32.8330 33.9940 34.6510 34.6800 34.7090 35.8700 37.0320 38.1930 38.9540 37.7930 37.8220 37.3400 36.1780 35.0160 35.0450 35.0750 35.1040 35.1330 35.1620 35.1910 35.2200 35.2490 35.2780 35.3070 36.4680 37.6300 38.7920 39.9530 41.1150
23.1560 24.4870 24.5160 24.5450 24.5740 24.0920 22.9300 21.7680 21.7970 21.8260 21.8560 21.8850 21.9140 21.9430 23.1040 21.6930 18.7890 15.8850 14.7230 11.8370 10.6750 7.81200 7.82300 10.7270 11.9300 13.7420 14.9030 16.0650 18.9690 20.1710 21.9830 23.1450 24.3060 26.1190 27.2800 28.4420 31.3460 32.5480 34.2900 35.4520 35.1730 34.0120 33.9830 33.9540 35.1150 36.2770 37.4380 38.6000 39.7620 40.2440 39.0820 37.9200 37.9490 37.9790 38.0080 38.0370 38.0660 38.0950 38.1240 38.1530 38.1820 38.2110 39.3720 40.5340 41.6960 42.8570 44.0190
26.0200 27.2220 27.4200 27.4490 27.4780 26.9960 25.8340 24.6720 24.7010 24.7300 24.7600 24.7890 24.8180 24.8470 25.7580 22.8540 19.9500 18.7890 15.9020 14.7410 11.8770 10.7160 7.85200 7.86400 10.7680 10.8380 11.9990 14.9030 16.1060 17.9180 19.0790 20.2410 22.0530 23.2150 24.3760 27.2800 28.4820 30.2250 31.3860 32.5480 32.2690 31.1080 31.0790 31.0500 32.2110 33.3730 34.5340 35.6960 36.8580 38.0190 39.1810 40.3420 40.8530 40.8830 40.9120 40.9410 40.9700 40.9990 41.0280 41.0570 41.0860 41.1150 42.2760 43.4380 44.6000 45.7610 46.9230
27.1810 30.0850 30.3240 30.3530 30.3820 29.9000 28.7380 27.5760 27.6050 27.6340 27.6640 27.6930 27.7220 27.7510 26.9200 24.0160 22.8540 19.9680 18.8060 15.9430 14.7810 11.9180 10.7560 10.7680 7.90500 7.93400 10.8380 12.0400 13.8520 15.0140 16.1750 17.9870 19.1490 20.3110 23.2150 24.4170 26.1590 27.3210 28.4820 30.5270 29.3650 28.2040 28.1750 28.1460 29.3070 30.4690 31.6300 32.7920 33.9540 35.1150 36.2770 39.1400 40.3020 41.9740 42.2880 42.2590 43.4210 43.9030 43.9320 43.9610 43.9900 44.0190 45.1800 46.3420 47.5040 48.6650 49.8270
30.0850 31.2470 33.2280 33.2570 33.2860 32.8040 31.6420 30.4800 30.5090 30.5380 30.5680 30.5970 30.6260 30.6550 28.0820 26.9200 24.0340 22.8720 20.0090 18.8470 15.9840 14.8220 13.6600 11.9700 10.8090 10.8380 7.97400 10.8780 10.9480 12.1100 13.9220 15.0830 16.2450 19.1490 20.3510 22.0940 23.2550 24.4170 26.6010 27.6230 26.4610 25.3000 25.2710 25.2420 26.4030 27.5650 28.7260 29.8880 31.0500 32.2110 35.0750 36.2360 37.9090 39.0700 39.3840 39.3550 40.5170 41.6780 42.1600 42.1310 42.1020 43.2640 44.4250 45.5870 46.7490 47.7590 48.9210
32.9890 34.1510 35.3130 36.1610 36.1900 35.7080 34.5460 33.3840 33.4130 33.4420 33.4720 33.5010 33.5300 32.1470 30.9860 28.0990 26.9380 24.0740 22.9130 20.0490 18.8880 17.7260 16.0360 14.8740 13.7130 12.0400 10.8780 8.01500 8.04400 10.9480 11.0180 12.1790 15.0830 16.2860 18.0280 19.1900 20.3510 22.5350 23.6970 24.7190 23.5570 22.3960 22.3670 22.3380 23.4990 24.6610 25.8220 26.9840 28.1460 31.0090 32.1710 33.8430 35.0050 36.1660 36.4800 36.4510 37.6130 38.7740 39.2560 39.2270 39.1980 40.3600 41.5210 42.6830 43.8450 44.8550 46.0170
35.8930 37.0550 38.2170 39.0650 39.0940 38.6120 37.4500 36.2880 36.3170 36.3460 36.3760 36.4050 36.2130 35.0510 32.1650 31.0030 28.1400 26.9780 24.1150 22.9530 21.7920 20.1010 18.9400 17.7780 16.1060 14.9440 12.0810 10.9190 10.9480 8.08500 8.11400 11.0180 12.2200 13.9620 15.1240 16.2860 19.1490 19.6310 20.7930 21.8150 20.6530 19.4920 19.4630 19.4340 20.5950 21.7570 22.9180 24.0800 26.9430 28.1050 29.7780 30.9390 32.1010 33.6050 33.5760 33.5470 34.7090 35.8700 36.3520 36.3230 36.2940 37.4560 38.6170 39.7790 40.9410 41.9510 43.1130
38.7970 39.9590 41.1210 41.9690 41.9980 41.5160 40.3540 39.1920 39.2210 39.2500 39.2800 39.3090 39.1170 36.2300 35.0690 32.2050 31.0440 28.1800 27.0190 25.8570 24.1670 23.0050 21.8440 20.1710 19.0100 16.1460 14.9850 13.8230 12.1500 10.9890 11.0180 8.15400 11.0580 11.0580 12.2200 15.0830 16.2450 16.7270 17.8890 18.9110 17.7490 16.5880 16.5590 16.5300 17.6910 18.8530 20.0140 22.8780 24.0390 25.7120 26.8740 28.0350 29.7080 30.7010 30.6720 30.6430 31.8050 32.9660 33.4480 33.4190 33.3900 34.5520 35.7130 36.8750 38.0370 39.0470 40.2090
41.7010 42.8630 44.0250 44.8730 44.9020 44.4200 43.2580 42.0960 42.1250 42.1540 42.1840 42.2130 40.2960 39.1340 36.2710 35.1090 32.2460 31.0840 29.9230 28.2330 27.0710 25.9090 24.2370 23.0750 20.2120 19.0500 17.8890 16.2160 15.0540 13.8930 12.2200 11.0580 8.18300 8.15400 11.0180 12.1790 13.8520 13.8230 14.9850 16.0070 14.8450 13.6840 13.6550 13.6260 14.7870 15.9490 18.8120 19.9740 21.6460 22.8080 23.9700 25.6420 26.8040 27.7970 27.7680 27.7390 28.9010 30.0620 30.5440 30.5150 30.4860 31.6480 32.8090 33.9710 35.1330 36.1430 37.3050
44.6050 45.7670 46.9290 47.7770 47.8060 47.3240 46.1620 45.0000 45.0290 45.0580 45.0880 44.3620 43.2000 40.3370 39.1750 36.3120 35.1500 33.9880 32.2980 31.1370 29.9750 28.3020 27.1410 24.2770 23.1160 21.9540 20.2820 19.1200 17.9580 16.2860 15.1240 12.2490 11.0870 11.0180 8.11400 10.9770 10.9480 10.9190 12.0810 13.7530 11.9410 10.7800 10.7510 10.7220 11.8830 14.7470 15.9080 17.5810 18.7420 19.9040 21.5770 22.7380 23.9000 24.8930 24.8640 24.8350 25.9970 27.1580 27.6400 27.6110 27.5820 28.7440 29.9050 31.0670 32.2290 33.2390 34.4010
47.5090 48.6710 49.8330 50.6810 50.7100 50.2280 49.0660 47.9040 47.9330 47.9620 47.9920 47.2660 44.4020 43.2410 40.3770 39.2160 38.0540 36.3640 35.2020 34.0410 32.3680 31.2060 28.3430 27.1810 26.0200 24.3470 23.1860 22.0240 20.3510 19.1900 16.3150 15.1530 13.9100 11.0060 8.10200 8.07300 8.04400 8.01500 10.8780 10.8490 10.7800 7.87600 7.84700 7.81800 10.6810 11.8430 13.5150 14.6770 15.8380 17.5110 18.6730 19.8340 21.5070 21.9890 21.9600 21.9310 23.0930 24.2540 24.7360 24.7070 24.6780 25.8400 27.0010 28.1630 29.3250 30.3350 31.4970
46.3360 49.2000 50.3610 53.2250 53.6140 53.1320 51.9700 50.8080 50.8370 50.8660 50.8960 48.4680 47.3060 44.4430 43.2810 42.1200 40.4290 39.2680 38.1060 36.4340 35.2720 32.4090 31.2470 30.0850 28.4130 27.2510 26.0900 24.4170 23.2550 20.3800 19.2190 17.9760 15.0720 12.1680 11.0060 10.9770 10.9070 8.00300 7.97400 7.94500 7.91600 10.7800 10.7100 7.80600 7.77700 10.6400 10.6110 11.7730 13.4460 14.6070 15.7690 17.4410 18.6030 19.0850 19.0560 19.0270 20.1890 21.3500 21.8320 21.8030 21.7740 22.9360 24.0970 25.2590 26.4210 27.4310 28.5930
45.1340 46.2960 49.1590 50.3210 53.1840 54.3450 54.8740 53.7120 53.7410 53.7700 52.5330 51.3720 48.5080 47.3470 46.1850 44.4950 43.3330 42.1720 40.4990 39.3380 36.4740 35.3130 34.1510 32.4780 31.3170 30.1550 28.4820 27.3210 24.4460 23.2840 22.0410 19.1370 16.2330 15.0720 13.9100 13.8810 12.0690 10.9070 10.8780 10.8490 10.8200 11.9820 11.8720 10.6690 7.76500 7.73600 7.70700 10.5710 10.5420 11.7030 13.3760 14.5370 15.6990 16.1810 16.1520 16.1230 17.2850 18.4460 18.9280 18.8990 18.8700 20.0320 21.1930 22.3550 23.5170 24.5270 25.6890
42.2300 45.0930 46.2550 49.1180 50.2800 51.9700 53.1320 54.2930 56.6450 56.5990 55.4370 52.5740 51.4120 50.2510 48.5610 47.3990 46.2370 44.5650 43.4030 40.5400 39.3780 38.2170 36.5440 35.3820 34.2210 32.5480 31.3860 28.5110 27.3500 26.1070 23.2030 20.2990 19.1370 17.9760 16.8140 16.1350 14.9730 13.8110 13.7820 13.7530 13.7240 14.8860 14.7350 11.8310 10.6690 10.6400 10.5710 7.66700 7.63800 10.5010 10.4720 11.6330 13.3060 13.2770 13.2480 13.2190 14.3810 15.5420 16.0240 15.9950 15.9660 17.1280 18.2890 19.4510 21.1240 21.6230 22.7850
