AppendixA/HikerMovements/data/dist_busstop_1000.asc
ncols 271
nrows 294
xllcorner 698225
yllcorner 5141858
cellsize 30.00
nodata_value  225.622
[rows 232 to 260 of 294, columns 67 to 133 of 271]
26.6880 23.7840 20.8800 17.9760 16.7740 13.8700 12.6670 9.76300 8.60200 7.44000 7.41100 5.64000 4.47800 4.49000 4.47800 4.49000 1.62600 1.63800 4.54200 5.74400 8.64800 9.82100 8.66000 5.79600 4.63500 1.77100 1.78300 1.81200 4.71600 7.62000 10.5240 8.35800 5.45400 2.55000 5.45400 8.35800 10.6340 13.5380 16.4420 19.3460 22.2500 25.1540 28.0580 30.9620 32.4730 32.5600 31.3980 31.4270 31.4560 31.1600 29.9980 28.8370 27.1470 24.4110 21.5070 18.6030 15.6990 12.7950 9.89100 6.98700 5.82500 2.96200 5.86600 8.77000 9.75700 6.85300 5.65100
25.5260 22.6220 19.7180 16.8140 13.9100 12.7080 9.80400 8.60200 5.69800 4.53600 4.50700 4.47800 1.57400 1.58600 1.57400 1.58600 1.59700 4.50100 5.70300 8.60700 9.81000 8.66000 5.75600 4.59400 1.73100 1.74200 4.64600 4.71600 5.87800 8.78200 11.2330 8.32900 5.42500 2.52100 5.40700 6.56900 9.47300 12.3770 15.2810 18.1850 21.0890 23.9930 26.8970 28.4070 29.5690 29.6560 28.4940 28.5230 28.5520 28.5810 27.0940 25.9330 24.7710 23.0810 20.3450 17.4410 14.5370 11.6330 8.72900 5.82500 2.92100 2.93300 5.83700 8.74100 10.9190 8.52600 5.62200
24.3650 21.4610 18.5570 15.6530 12.7490 9.84500 8.64200 5.73800 4.53600 1.63200 1.60300 1.57400 1.54500 4.40800 1.54500 1.55700 4.46100 5.66300 8.56700 9.76900 10.4020 7.49800 4.59400 1.69000 1.70200 4.60600 5.80800 7.62000 8.78200 9.94300 11.2040 8.30000 5.39600 2.49200 2.50300 5.40700 8.31100 11.2150 14.1190 17.0230 19.9270 22.8310 25.4740 25.5030 26.6650 26.7520 25.5900 25.6190 25.6480 25.6770 25.1950 23.0290 21.8670 20.7060 19.0150 16.7620 13.8580 10.9540 8.70000 5.79600 2.89200 5.79600 6.99900 9.90300 11.4010 8.49700 5.59300
23.2030 20.2990 17.3950 14.4910 11.5870 8.68300 5.77900 4.57700 1.67300 1.64400 4.50700 4.47800 4.40800 1.50400 1.51600 4.42000 5.62200 8.52600 9.72800 12.6270 9.72300 7.46900 4.56500 1.66100 4.56500 5.76700 8.67100 9.87400 11.6860 12.8470 11.1750 8.27100 5.36700 2.46300 5.32600 6.48800 9.39200 12.2960 15.2000 18.1040 21.0080 22.5410 22.5700 22.5990 23.7610 23.8480 22.6860 22.7150 22.7440 22.7730 22.2910 21.1300 18.9630 17.8020 16.6400 14.9500 12.6960 9.79200 6.88800 5.72700 2.86300 5.76700 8.67100 11.0640 11.3890 8.48500 5.58100
22.0410 19.1370 16.2330 13.3290 10.4250 7.52100 4.61700 1.71300 1.68400 4.54800 5.70900 5.50000 4.33900 1.47500 4.37900 5.58100 8.48500 9.68800 12.5920 11.4650 8.56100 5.65700 4.49500 1.63200 4.51900 5.68000 8.58400 9.76300 12.6670 13.8700 11.1460 8.24200 5.33800 2.43400 2.42200 5.32600 8.23000 11.1340 14.0380 16.9420 19.6080 19.6370 19.6660 19.6950 20.8570 20.9440 19.7820 19.8110 19.8400 19.8690 19.3870 18.2260 17.0640 14.8980 13.7360 12.5740 10.8840 8.63100 5.72700 2.82300 2.83400 5.73800 8.64200 11.5460 11.3780 8.47400 5.57000
23.2030 20.2990 17.3950 14.4910 11.5870 8.68300 5.77900 4.61700 4.58800 5.75000 7.24300 4.33900 1.43500 4.33900 5.54100 8.44500 9.64700 10.0880 10.1180 10.3030 7.39900 4.49500 1.59100 1.60300 1.61500 4.51900 5.69800 8.60200 9.80400 12.7080 11.1170 8.21300 5.30900 2.40500 2.39300 5.29700 8.20100 11.1050 14.0090 16.6920 16.7040 16.7330 16.7620 16.7910 17.9530 18.0400 16.8780 16.9070 16.9360 16.9650 16.4830 15.3220 14.1600 13.7360 10.8320 9.67000 8.50900 6.81900 5.65700 2.79400 5.69800 6.90000 9.80400 12.7080 12.5390 9.63500 6.73100
24.3650 21.4610 18.5570 15.6530 12.7490 9.84500 8.68300 7.52100 7.49200 8.65400 7.21400 4.31000 1.40600 4.31000 7.21400 7.14400 7.15500 7.18400 7.21400 8.37500 7.27200 4.46600 1.56200 1.57400 1.60300 1.63200 4.53600 5.73800 8.64200 9.84500 12.2780 9.37400 6.47000 5.26800 2.36400 5.26800 8.17200 10.4250 13.2890 13.7880 13.8000 13.8290 13.8580 13.8870 15.0490 15.1360 13.9740 14.0030 14.0320 14.0610 13.5790 12.4180 11.2560 11.2850 9.67000 6.76600 5.60500 5.61600 2.75300 2.78200 5.68600 8.59000 10.9660 13.8700 13.7010 10.7970 9.63500
24.8640 22.6220 19.7180 16.8140 13.9100 12.7490 11.5870 10.4250 10.3960 10.0880 7.18400 4.28000 1.37600 4.28000 5.40100 4.24000 4.25100 4.28000 4.31000 5.47100 4.36800 4.39700 1.53300 4.43700 4.50700 1.64400 1.67300 4.57700 5.77900 8.68300 9.88500 10.5360 8.14300 5.23900 2.33500 5.19800 6.36000 9.22300 10.3850 10.8840 10.8960 10.9250 10.9540 10.9830 12.1450 12.2320 11.0700 11.0990 11.1280 11.1570 10.6750 9.51400 8.35200 8.38100 8.41000 5.60500 2.70100 2.71200 2.74100 5.64500 6.84800 9.75200 12.6560 15.0310 14.8630 13.4630 10.5590
21.9600 23.5750 20.8800 17.9760 16.8140 15.6530 14.4910 13.3290 12.9630 10.0590 7.15500 4.25100 1.34700 4.21100 4.19900 1.33600 1.34700 1.37600 1.40600 4.31000 1.46400 1.49300 1.52200 4.42600 5.70900 4.54800 1.68400 1.71300 4.61700 5.82000 8.72400 9.92600 9.30400 6.40000 5.19800 2.29400 5.15800 6.31900 7.99200 7.98000 7.99200 8.02100 8.05000 8.07900 9.24100 9.32800 8.16600 8.19500 8.22400 8.25300 8.28200 6.61000 5.44800 5.47700 5.50600 5.53500 2.67200 5.57600 5.64500 6.80700 9.71100 10.9130 13.8170 16.7210 14.5550 12.3010 9.39700
20.7580 20.6710 19.5090 17.7260 16.5640 15.4030 13.5910 12.4290 11.2680 10.0300 7.12600 4.22200 1.31800 1.30700 1.29500 1.30700 1.33600 1.36500 1.39400 1.42300 1.45200 1.48100 1.51000 4.41400 7.31800 5.75000 4.58800 1.72500 1.75400 4.65800 5.86000 7.67200 8.83400 8.09100 5.18700 2.28300 2.25400 5.11700 5.08800 5.07600 5.08800 5.11700 5.14600 5.17500 6.33700 6.42400 5.26200 5.29100 5.32000 5.34900 5.37800 5.40700 2.54400 2.57300 2.60200 2.63100 5.53500 6.73700 8.54900 9.71100 10.8730 13.7770 14.9790 16.2970 13.3930 10.4890 8.23600
17.8540 17.7670 16.6050 15.4430 13.6600 12.4990 11.3370 9.52500 8.36400 7.20200 7.11500 4.21100 1.30700 1.27800 1.26600 4.12900 4.24000 4.26900 4.29800 4.32700 4.35600 4.38500 4.41400 5.57600 8.48000 8.65400 5.79100 4.62900 1.76600 1.79500 4.69900 4.76800 5.93000 7.74200 6.34800 5.14600 2.24200 2.21300 2.18400 2.17200 2.18400 2.21300 2.24200 2.27100 5.17500 5.22100 2.35800 2.38700 2.41600 2.44500 2.47400 2.50300 2.53200 2.56100 2.59000 5.49400 6.69700 9.60100 10.8030 12.6150 13.7770 14.9380 17.8420 15.1360 12.2320 9.32800 6.42400
16.5530 15.3910 13.7010 12.5390 11.3780 9.59500 8.43300 7.27200 5.46000 4.29800 4.26900 4.19900 1.29500 1.26600 1.23700 1.22500 4.08900 5.25000 7.20200 7.23100 7.26000 7.28900 7.31800 8.48000 9.64100 9.85600 8.69500 5.83100 4.67000 1.80600 1.83500 1.86400 4.76800 4.83800 6.00000 6.11000 4.94800 4.97700 5.00600 2.14300 2.17200 2.20100 2.23000 2.25900 2.28800 2.31700 2.34600 5.25000 5.32000 5.34900 5.37800 5.40700 5.43600 5.46500 5.49400 6.65600 9.56000 10.7620 13.6660 14.8680 16.6810 17.8420 16.8780 13.9740 11.0700 8.16600 5.26200
13.6490 12.4870 11.3260 9.63500 8.47400 7.31200 5.52900 4.36800 4.29800 1.39400 1.36500 1.33600 1.30700 4.17000 4.10000 1.19600 1.18500 4.04800 5.21000 8.07300 9.23500 10.1930 10.2220 11.3840 12.5450 12.7600 9.89700 8.73500 5.87200 4.71000 1.84700 1.87600 1.90500 1.93400 4.83800 4.90800 2.04400 2.07300 2.10200 2.13200 2.16100 5.06500 5.13400 5.16300 5.19200 5.22100 5.25000 6.41200 8.22400 8.25300 8.28200 8.31100 8.34000 8.36900 8.39800 9.56000 10.7220 13.6260 14.8280 17.7320 18.9340 19.7530 16.8490 13.9450 11.0410 8.13700 5.23300
12.4470 9.58300 8.42200 7.26000 5.57000 4.40800 4.36800 1.46400 1.43500 1.40600 1.37600 4.24000 4.21100 5.37200 5.26200 4.06000 1.15600 1.14400 4.00800 5.16900 8.07300 10.9770 13.1260 14.2880 15.4490 13.9620 12.8010 9.93700 8.77600 5.91300 4.75100 4.78000 4.80900 1.94600 1.97500 2.00400 2.03300 4.93700 5.00600 5.03600 5.06500 6.22600 8.03800 8.06700 8.09600 8.12500 8.15400 9.31600 10.4780 11.1570 11.1860 11.2150 11.2440 11.2730 11.3020 12.4640 13.6260 14.7870 17.6910 18.8930 21.3270 18.4230 16.8200 13.9160 11.0120 8.10800 5.20400
9.54300 8.38100 5.51800 4.35600 4.36800 1.50400 1.50400 1.47500 4.33900 4.31000 4.28000 5.44200 7.11500 8.27600 8.12500 5.22100 4.01900 1.11500 1.10400 4.00800 6.91200 9.81600 12.7200 15.6240 18.0280 16.8660 14.0030 12.8410 9.97800 8.81700 7.65500 7.68400 6.01100 4.85000 4.87900 4.90800 4.93700 6.09800 7.91000 7.94000 7.96900 9.13000 10.2920 10.9710 11.0000 11.0290 11.0580 12.2200 13.3820 14.0610 14.0900 14.1190 14.1480 14.1770 14.2060 15.3680 16.5300 17.6910 18.8530 21.7570 20.1650 17.2610 14.3570 13.1960 10.3320 8.07900 5.17500
7.24800 5.47700 4.31500 1.45200 1.46400 1.49300 4.39700 4.37900 5.54100 7.21400 7.18400 8.34600 9.50800 11.1800 9.28700 8.08500 5.18100 3.97800 1.07400 3.97800 6.88200 9.78600 12.6900 15.5940 18.4980 18.0690 16.9070 14.0440 12.8820 11.7210 10.5590 10.0770 8.91500 7.75400 7.78300 7.81200 7.84100 9.00200 10.1640 10.8440 10.8730 12.0340 13.1960 13.8750 13.9040 13.9330 13.9620 15.1240 16.2860 16.9650 16.9940 17.0230 17.0520 17.0810 17.1100 18.2720 19.4340 20.5950 21.7570 21.9080 19.0040 16.1000 13.1960 10.2920 9.13000 6.26700 5.10500
4.34400 4.31500 1.41100 1.42300 4.32700 4.39700 5.55800 7.03300 7.02200 8.18300 9.34500 11.2500 12.4120 13.3530 12.1500 9.24600 6.85300 3.94900 1.04500 3.94900 6.85300 9.75700 12.6610 15.5650 18.4690 20.9730 18.1090 16.9480 15.7860 14.6250 13.4630 12.9810 11.8190 10.6580 10.6870 10.7160 10.7450 11.9060 13.0680 13.7480 13.7770 14.9380 16.1000 16.7790 16.8080 16.8370 16.8660 18.0280 19.1900 19.8690 19.8980 19.9270 19.9560 19.9850 20.0140 21.1760 22.3380 23.4990 23.6500 20.7460 17.8420 14.9380 12.0340 9.13000 6.22600 5.06500 2.20100
1.44000 1.41100 1.38200 4.24600 4.21700 4.18800 4.15900 4.12900 4.11800 5.27900 8.18300 11.0870 13.3410 15.5360 12.6320 9.72800 6.82400 3.92000 1.01600 3.92000 6.82400 9.72800 12.6320 15.5360 18.4400 21.3440 21.0130 19.8520 18.6900 17.5290 16.3670 15.8850 14.7230 13.5620 13.5910 13.6200 13.6490 14.8100 15.9720 16.6520 16.6810 17.8420 19.0040 19.6830 19.7120 19.7410 19.7700 20.9320 22.0940 22.7730 22.8020 22.8310 22.8600 22.8890 22.9180 24.0800 25.2420 25.2240 22.3200 19.5850 16.6810 13.7770 10.8730 7.96900 5.06500 2.16100 2.17200
1.42900 1.40000 1.37100 1.34200 1.31300 1.28400 1.25500 1.22500 1.21400 4.11800 7.02200 9.27500 12.1790 15.0830 12.6030 9.69900 6.79500 3.89100 0.98700 3.89100 6.79500 9.69900 12.6030 15.5070 18.4110 21.3150 23.9170 22.7560 21.5940 20.4330 19.2710 18.7890 17.6270 16.4660 16.4950 16.5240 16.5530 17.7140 18.8760 19.5560 19.5850 20.7460 21.9080 22.5870 22.6160 22.6450 22.6740 23.8360 24.9980 25.6770 25.7060 25.7350 25.7640 25.7930 25.8220 26.9840 26.3160 24.0630 21.1590 18.2550 16.0010 13.0970 10.1930 7.94000 5.03600 2.13200 5.03600
1.44000 4.30400 4.27500 4.24600 4.21700 4.18800 4.15900 4.08900 1.18500 4.04800 5.21000 8.11400 11.0180 13.2710 12.5740 9.67000 6.76600 3.86200 0.95800 3.86200 6.76600 9.67000 12.5740 15.4780 18.3820 21.2860 24.1900 25.6600 24.4980 23.3370 22.1750 21.6930 20.5310 19.3700 19.3990 19.4280 19.4570 20.6180 21.7800 22.4600 22.4890 23.6500 24.8120 25.4910 25.5200 25.5490 25.5780 26.7400 27.9020 28.5810 28.6100 28.6390 28.6680 28.6970 27.7390 26.2750 25.1140 22.2500 19.9970 17.0930 14.1890 11.9350 9.03100 6.12700 4.96600 2.10200 5.00600
1.45800 4.36200 7.17900 7.15000 7.12100 7.09200 6.96400 4.06000 1.15600 1.14400 4.04800 6.95200 9.20600 12.0690 12.5450 9.64100 6.73700 3.83300 0.92900 3.83300 6.73700 9.64100 12.5450 15.4490 18.3530 21.2570 24.1610 27.0650 27.4020 26.2410 25.0790 24.5970 23.4350 22.2740 22.3030 22.3320 22.3610 23.5220 24.6840 25.3640 25.3930 26.5540 27.7160 28.3950 28.4240 28.4530 28.4820 29.6440 30.8060 30.6430 29.4810 28.3200 27.1580 25.9970 24.8350 24.8640 22.2100 21.0480 18.1850 15.9310 13.0270 10.1230 7.87000 4.96600 2.06200 2.07300 4.97700
4.36200 5.52300 8.42700 10.0540 10.0250 9.99600 8.12500 5.22100 4.01900 1.11500 3.97800 5.14000 8.00300 9.16500 12.0690 9.61200 6.70800 3.80400 0.90000 3.80400 6.70800 9.61200 12.5160 15.4200 18.3240 21.2280 24.1320 27.0360 29.9400 29.1450 27.9830 27.5010 26.3390 25.1780 25.2070 25.2360 25.2650 26.4260 27.5880 28.2680 28.2970 29.4580 30.6200 31.2990 31.3280 30.3470 30.3760 30.0620 28.9010 27.7390 26.5770 25.4160 24.2540 23.0930 21.9310 21.9600 21.0480 18.1440 16.9830 14.1190 11.8660 8.96200 6.05800 4.89600 2.03300 4.93700 6.13900
7.26600 8.42700 9.58900 12.4930 12.9290 12.1910 9.28700 8.08500 5.18100 3.97800 1.07400 3.93800 5.09900 8.00300 10.9070 9.58300 6.67900 3.77500 0.87100 3.77500 6.67900 9.58300 12.4870 15.3910 18.2950 21.1990 24.1030 27.0070 29.9110 32.0490 30.8870 30.4050 29.2430 28.0820 28.1110 28.1400 28.1690 29.3300 28.4300 27.2690 27.2980 28.4590 29.6210 29.7660 28.6040 27.4430 27.4720 27.5010 25.9970 24.8350 23.6730 22.5120 21.3500 20.1890 19.0270 19.0560 19.8870 16.9830 14.0790 12.9170 10.0540 7.80000 4.89600 1.99200 2.00400 4.90800 7.81200
9.51900 11.3310 12.4930 13.6550 15.8330 13.3530 12.1500 9.24600 6.85300 3.94900 1.04500 1.03400 3.93800 6.84200 9.74600 8.92700 6.65000 3.74600 0.84200 3.74600 6.65000 9.55400 12.4580 15.3620 18.2660 21.1700 24.0740 26.9780 29.0860 31.9900 32.7800 32.8090 32.1470 30.9860 30.0040 29.0110 27.8490 26.6880 25.5260 24.3650 24.3940 25.5550 26.7170 26.8620 25.7000 24.5390 24.5680 24.5970 23.6040 21.9310 20.7690 19.6080 18.4460 17.2850 16.1230 16.1520 17.3140 15.8210 12.9170 10.0130 8.85100 5.98800 4.82600 1.96300 4.86700 6.06900 8.97300
12.3830 13.5850 15.3970 16.5590 17.4180 16.2160 13.3120 10.8380 7.93400 5.03000 3.86800 1.00500 3.90900 6.81300 9.71700 7.76500 4.86100 3.70000 0.81300 3.71700 6.62100 9.52500 12.4290 15.3330 18.2370 20.9730 23.8590 25.0210 27.9250 29.6790 29.8760 29.9050 29.4230 28.2620 27.1000 26.1070 24.9450 23.7840 22.6220 21.4610 21.4900 22.6510 23.8130 23.9580 22.7960 21.6350 21.6640 21.6930 20.7000 19.5380 17.8650 16.7040 15.5420 14.3810 13.2190 13.2480 14.4100 13.3290 11.7550 8.85100 5.94700 4.78600 1.92200 1.93400 4.83800 7.74200 10.1350
13.5440 16.4480 17.6510 19.4630 18.3880 15.4840 12.5800 9.67600 6.77200 3.86800 0.96400 0.97600 3.88000 6.78400 9.50800 6.60400 3.70000 0.79600 0.78400 3.68800 6.59200 8.84600 11.7500 14.6540 16.9070 19.7940 20.9550 23.8590 25.6130 26.7750 26.9720 27.0010 26.5190 25.3580 24.1960 23.2030 22.0410 20.8800 19.7180 18.5570 18.5860 19.7470 20.9090 21.0540 19.8920 18.7310 18.7600 18.7890 17.7960 16.6340 15.4730 13.8000 12.6380 11.4770 10.3150 10.3440 11.5060 10.4250 9.94300 7.69000 4.78600 1.88200 1.89300 4.79700 6.00000 8.90400 11.8080
16.4480 17.6100 20.5140 21.2630 18.3590 15.4550 12.5510 9.64700 6.74300 3.83900 0.93500 3.82200 4.98300 7.88700 9.47900 6.57500 3.67100 0.76700 0.75500 3.61800 4.78000 7.68400 10.5880 12.8410 15.7280 16.8900 19.7940 21.5480 22.7090 23.8710 24.0680 24.0970 23.6150 22.4540 21.2920 20.2990 19.1370 17.9760 16.8140 15.6530 15.6820 16.8430 18.0050 18.1500 16.9880 15.8270 15.8560 15.8850 15.4030 13.7300 12.5690 11.4070 9.73400 8.57300 7.41100 7.44000 8.60200 7.52100 7.55000 5.87800 4.71600 1.85300 4.75700 5.95900 8.86300 10.0650 12.9690
19.3520 20.5140 21.6750 21.2340 18.3300 15.4260 12.5220 9.61800 6.71400 3.81000 0.90600 0.91800 3.82200 6.72600 9.45000 7.73600 4.83200 3.63000 0.72600 0.71400 3.61800 6.52200 8.77600 11.6620 12.8240 15.7280 17.4820 18.6440 19.8050 20.9670 21.1640 21.1930 20.7110 19.5500 18.3880 17.3950 16.2330 15.0720 13.9100 12.7490 12.7780 13.9390 15.1010 15.2460 14.0840 12.9230 12.9520 12.9810 12.4990 11.3370 9.66500 8.50300 7.34100 5.66900 4.50700 4.53600 5.69800 4.61700 4.64600 4.67500 1.81200 4.71600 5.91800 8.82200 10.0250 12.9290 14.1310
21.6060 23.4180 24.1090 21.2050 18.3010 15.3970 12.4930 9.58900 6.68500 3.78100 0.87700 3.74000 4.90200 6.57500 6.54600 6.51700 6.48800 4.79200 3.58900 0.68500 3.54900 4.71000 7.59700 8.75800 11.6620 13.4160 14.5780 15.7400 16.9010 18.2310 18.2600 18.2890 17.8070 16.6460 15.4840 15.5130 13.3290 12.1680 11.0060 9.84500 9.87400 11.0350 12.1970 12.3420 11.1800 10.0190 10.0480 10.0770 9.59500 8.43300 7.27200 5.59900 4.43700 4.46600 1.60300 1.63200 4.53600 1.71300 1.74200 1.77100 1.80000 4.70400 7.60800 9.98400 12.8880 14.0900 16.9940
