AppendixA/HikerMovements/data/dist_principe_1000.asc
ncols 271
nrows 294
xllcorner 698225
yllcorner 5141858
cellsize 30.00
nodata_value  228.218
[rows 116 to 144 of 294, columns 201 to 267 of 271]
11.8540 13.0160 15.9200 18.8240 21.7280 24.6320 27.5360 30.4400 33.3440 36.2480 39.1520 42.0560 44.9600 47.8640 50.7680 53.6720 56.5760 59.4800 62.3840 65.2880 68.1920 71.0960 74.0000 76.9040 79.8080 82.7120 85.6160 88.5200 91.4240 94.3280 97.2320 100.136 103.040 105.944 108.493 107.332 106.170 105.009 103.847 102.685 101.524 100.362 100.374 100.403 101.564 102.726 103.406 103.435 103.464 103.493 103.522 103.551 103.069 101.907 100.746 100.775 100.293 99.1310 97.9690 97.9980 98.0270 98.0560 97.5740 96.4130 95.2510 94.2580 93.0960
13.0560 15.9200 17.0810 19.9850 22.8890 25.7930 28.6970 31.6010 34.5050 37.4090 40.3130 43.2170 46.1210 49.0250 51.9290 54.8330 57.7370 60.6410 63.5450 66.4490 69.3530 72.2570 75.1610 78.0650 80.9690 83.8730 86.7770 89.6810 92.5850 95.4890 98.3930 101.297 104.201 106.751 105.589 104.428 103.266 102.105 100.943 99.7810 98.6200 97.4580 97.4700 97.4990 98.6600 99.8220 100.502 100.531 100.560 100.589 100.618 100.647 100.165 99.0030 97.8420 97.8710 97.3890 96.2270 95.0650 95.0940 95.1230 95.1520 94.6700 93.5090 92.3470 91.3540 90.1920
14.8680 17.1220 19.9850 21.1470 24.0510 26.9550 29.8590 32.7630 35.6670 38.5710 41.4750 44.3790 47.2830 50.1870 53.0910 55.9950 58.8990 61.8030 64.7070 67.6110 70.5150 73.4190 76.3230 79.2270 82.1310 85.0350 87.9390 90.8430 93.7470 96.6510 99.5550 102.459 105.009 103.847 102.685 101.524 100.362 99.2010 98.0390 96.8770 95.7160 94.5540 94.5660 94.5950 95.7560 96.9180 97.5980 97.6270 97.6560 97.6850 97.7140 97.7430 97.2610 96.0990 94.9380 94.9670 94.4850 93.3230 92.1610 92.1900 92.2190 92.2480 91.7660 90.6050 89.4430 88.4500 87.2880
16.0300 18.9340 21.1880 24.0510 25.2130 28.1170 31.0210 33.9250 36.8290 39.7330 42.6370 45.5410 48.4450 51.3490 54.2530 57.1570 60.0610 62.9650 65.8690 68.7730 71.6770 74.5810 77.4850 80.3890 83.2930 86.1970 89.1010 92.0050 94.9090 97.8130 100.717 103.266 102.105 100.943 99.7810 98.6200 97.4580 96.2970 95.1350 93.9730 92.8120 91.6500 91.6620 91.6910 92.8520 94.0140 94.6940 94.7230 94.7520 94.7810 94.8100 94.8390 94.3570 93.1950 92.0340 92.0630 91.5810 90.4190 89.2570 89.2860 89.3150 89.3440 88.8620 87.7010 86.5390 85.5460 84.3840
16.6920 19.5960 22.5000 25.2530 28.1170 29.2780 32.1820 35.0860 37.9900 40.8940 43.7980 46.7020 49.6060 52.5100 55.4140 58.3180 61.2220 64.1260 67.0300 69.9340 72.8380 75.7420 78.6460 81.5500 84.4540 87.3580 90.2620 93.1660 96.0700 98.9740 101.524 100.362 99.2010 98.0390 96.8770 95.7160 94.5540 93.3930 92.2310 91.0690 89.9080 88.7460 88.7580 88.7870 89.9480 91.1100 91.7900 91.8190 91.8480 91.8770 91.9060 91.9350 91.4530 90.2910 89.1300 89.1590 88.6770 87.5150 86.3530 86.3820 86.4110 86.4400 85.9580 84.7970 83.6350 82.6420 81.4800
17.8540 20.7580 23.6620 26.5660 29.3190 32.1820 33.3440 36.2480 39.1520 42.0560 44.9600 47.8640 50.7680 53.6720 56.5760 59.4800 62.3840 65.2880 68.1920 71.0960 74.0000 76.9040 79.8080 82.7120 85.6160 88.5200 91.4240 94.3280 97.2320 99.7810 98.6200 97.4580 96.2970 95.1350 93.9730 92.8120 91.6500 90.4890 89.3270 88.1650 87.0040 85.8420 85.8540 85.8830 87.0440 88.2060 88.8860 88.9150 88.9440 88.9730 89.0020 89.0310 88.5490 87.3870 86.2260 86.2550 85.7730 84.6110 83.4490 83.4780 83.5070 83.5360 83.0540 81.8930 80.7310 79.7380 78.5760
19.0150 21.9190 24.8230 27.7270 30.6310 33.3840 36.2480 37.4090 40.3130 43.2170 46.1210 49.0250 51.9290 54.8330 57.7370 60.6410 63.5450 66.4490 69.3530 72.2570 75.1610 78.0650 80.9690 83.8730 86.7770 89.6810 92.5850 95.4890 98.0390 96.8770 95.7160 94.5540 93.3930 92.2310 91.0690 89.9080 88.7460 87.5850 86.4230 85.2610 84.1000 82.9380 82.9500 82.9790 84.1400 85.3020 85.9820 86.0110 86.0400 86.0690 86.0980 86.1270 85.6450 84.4830 83.3220 83.3510 82.8690 81.7070 80.5450 80.5740 80.6030 80.6320 80.1500 78.9890 77.8270 76.8340 75.6720
20.1770 23.0810 25.9850 28.8890 31.7930 34.6970 37.4500 40.3130 41.4750 44.3790 47.2830 50.1870 53.0910 55.9950 58.8990 61.8030 64.7070 67.6110 70.5150 73.4190 76.3230 79.2270 82.1310 85.0350 87.9390 90.8430 93.7470 96.2970 95.1350 93.9730 92.8120 91.6500 90.4890 89.3270 88.1650 87.0040 85.8420 84.6810 83.5190 82.3570 81.1960 80.0340 80.0460 80.0750 81.2360 82.3980 83.0780 83.1070 83.1360 83.1650 83.1940 83.2230 82.7410 81.5790 80.4180 80.4470 79.9650 78.8030 77.6410 77.6700 77.6990 77.7280 77.2460 76.0850 74.9230 73.9300 72.7680
21.3390 24.2430 27.1470 30.0510 32.9550 35.8590 38.7630 41.5160 44.3790 45.5410 48.4450 51.3490 54.2530 57.1570 60.0610 62.9650 65.8690 68.7730 71.6770 74.5810 77.4850 80.3890 83.2930 86.1970 89.1010 92.0050 94.5540 93.3930 92.2310 91.0690 89.9080 88.7460 87.5850 86.4230 85.2610 84.1000 82.9380 81.7770 80.6150 79.4530 78.2920 77.1300 77.1420 77.1710 78.3320 79.4940 80.1740 80.2030 80.2320 80.2610 80.2900 80.3190 79.8370 78.6750 77.5140 77.5430 77.0610 75.8990 74.7370 74.7660 74.7950 74.8240 74.3420 73.1810 72.0190 71.0260 69.8640
24.2020 25.4040 28.3080 31.2120 34.1160 37.0200 39.9240 42.8280 45.5810 48.4450 49.6060 52.5100 55.4140 58.3180 61.2220 64.1260 67.0300 69.9340 72.8380 75.7420 78.6460 81.5500 84.4540 87.3580 90.2620 92.8120 91.6500 90.4890 89.3270 88.1650 87.0040 85.8420 84.6810 83.5190 82.3570 81.1960 80.0340 78.8730 77.7110 76.5490 75.3880 74.2260 74.2380 74.2670 75.4280 76.5900 77.2700 77.2990 77.3280 77.3570 77.3860 77.4150 76.9330 75.7710 74.6100 74.6390 74.1570 72.9950 71.8330 71.8620 71.8910 71.9200 71.4380 70.2770 69.1150 68.1220 66.9600
25.3640 28.2680 29.4700 32.3740 35.2780 38.1820 41.0860 43.9900 46.8940 49.6470 52.5100 53.6720 56.5760 59.4800 62.3840 65.2880 68.1920 71.0960 74.0000 76.9040 79.8080 82.7120 85.6160 88.5200 91.0690 89.9080 88.7460 87.5850 86.4230 85.2610 84.1000 82.9380 81.7770 80.6150 79.4530 78.2920 77.1300 75.9690 74.8070 73.6450 72.4840 71.3220 71.3340 71.3630 72.5240 73.6860 74.3660 74.3950 74.4240 74.4530 74.4820 74.5110 74.0290 72.8670 71.7060 71.7350 71.2530 70.0910 68.9290 68.9580 68.9870 69.0160 68.5340 67.3730 66.2110 65.2180 64.0560
28.2270 29.4290 32.3330 33.5350 36.4390 39.3430 42.2470 45.1510 48.0550 50.9590 53.7120 56.5760 57.7370 60.6410 63.5450 66.4490 69.3530 72.2570 75.1610 78.0650 80.9690 83.8730 86.7770 89.3270 88.1650 87.0040 85.8420 84.6810 83.5190 82.3570 81.1960 80.0340 78.8730 77.7110 76.5490 75.3880 74.2260 73.0650 71.9030 70.7410 69.5800 68.4180 68.4300 68.4590 69.6200 70.7820 71.4620 71.4910 71.5200 71.5490 71.5780 71.6070 71.1250 69.9630 68.8020 68.8310 68.3490 67.1870 66.0250 66.0540 66.0830 66.1120 65.6300 64.4690 63.3070 62.3140 61.1520
29.3880 32.2920 33.4950 36.3990 37.6010 40.5050 43.4090 46.3130 49.2170 52.1210 55.0250 57.7780 60.6410 61.8030 64.7070 67.6110 70.5150 73.4190 76.3230 79.2270 82.1310 85.0350 87.5850 86.4230 85.2610 84.1000 82.9380 81.7770 80.6150 79.4530 78.2920 77.1300 75.9690 74.8070 73.6450 72.4840 71.3220 70.1610 68.9990 67.8370 66.6760 65.5140 65.5260 65.5550 66.7160 67.8780 68.5580 68.5870 68.6160 68.6450 68.6740 68.7030 68.2210 67.0590 65.8980 65.9270 65.4450 64.2830 63.1210 63.1500 63.1790 63.2080 62.7260 61.5650 60.4030 59.4100 58.2480
32.2920 33.4540 36.3580 37.5600 40.4640 41.6670 44.5710 47.4750 50.3790 53.2830 56.1870 59.0910 61.8440 64.7070 65.8690 68.7730 71.6770 74.5810 77.4850 80.3890 83.2930 86.1970 84.6810 83.5190 82.3570 81.1960 80.0340 78.8730 77.7110 76.5490 75.3880 74.2260 73.0650 71.9030 70.7410 69.5800 68.4180 67.2570 66.0950 64.9330 63.7720 62.6100 62.6220 62.6510 63.8120 64.9740 65.6540 65.6830 65.7120 65.7410 65.7700 65.7990 65.3170 64.1550 62.9940 63.0230 62.5410 61.3790 60.2170 60.2460 60.2750 60.3040 59.8220 58.6610 57.4990 56.5060 55.3440
35.1960 36.3580 37.5200 40.4240 41.6260 44.5300 45.7320 48.6360 51.5400 54.4440 57.3480 60.2520 63.1560 65.9090 68.7730 69.9340 72.8380 75.7420 78.6460 81.5500 84.4540 84.2570 83.0950 80.6150 79.4530 78.2920 77.1300 75.9690 74.8070 73.6450 72.4840 71.3220 70.1610 68.9990 67.8370 66.6760 65.5140 64.3530 63.1910 62.0290 60.8680 59.7060 59.7180 59.7470 60.9080 62.0700 62.7500 62.7790 62.8080 62.8370 62.8660 62.8950 62.4130 61.2510 60.0900 60.1190 59.6370 58.4750 57.3130 57.3420 57.3710 57.4000 56.9180 55.7570 54.5950 53.6020 52.4400
38.1000 39.2620 40.4240 41.5850 44.4890 45.6920 48.5960 49.7980 52.7020 55.6060 58.5100 61.4140 64.3180 67.2220 69.9750 72.8380 74.0000 76.9040 79.8080 82.7120 82.5140 81.3530 80.1910 79.0290 76.5490 75.3880 74.2260 73.0650 71.9030 70.7410 69.5800 68.4180 67.2570 66.0950 64.9330 63.7720 62.6100 61.4490 60.2870 59.1250 57.9640 56.8020 56.8140 56.8430 58.0040 59.1660 59.8460 59.8750 59.9040 59.9330 59.9620 59.9910 59.5090 58.3470 57.1860 57.2150 56.7330 55.5710 54.4090 54.4380 54.4670 54.4960 54.0140 52.8530 51.6910 50.6980 49.5360
41.0040 42.1660 43.3280 44.4890 45.6510 48.5550 49.7570 52.6610 53.8630 56.7670 59.6710 62.5750 65.4790 68.3830 71.2870 74.0400 76.9040 78.0650 80.9690 80.7720 79.6100 78.4490 77.2870 76.1250 74.9640 72.4840 71.3220 70.1610 68.9990 67.8370 66.6760 65.5140 64.3530 63.1910 62.0290 60.8680 59.7060 58.5450 57.3830 56.2210 55.0600 53.8980 53.9100 53.9390 55.1000 56.2620 56.9420 56.9710 57.0000 57.0290 57.0580 57.0870 56.6050 55.4430 54.2820 54.3110 53.8290 52.6670 51.5050 51.5340 51.5630 51.5920 51.1100 49.9490 48.7870 47.7940 46.6320
43.9080 45.0700 46.2320 47.3930 48.5550 49.7160 52.6200 53.8230 56.7270 57.9290 60.8330 63.7370 66.6410 69.4230 70.5850 73.4890 74.6910 77.5950 79.0290 77.8680 76.7060 75.5450 74.3830 73.2210 72.0600 70.8980 68.4180 67.2570 66.0950 64.9330 63.7720 62.6100 61.4490 60.2870 59.1250 57.9640 56.8020 55.6410 54.4790 53.3170 52.1560 50.9940 51.0060 51.0350 52.1960 53.3580 54.0380 54.0670 54.0960 54.1250 54.1540 54.1830 53.7010 52.5390 51.3780 51.4070 50.9250 49.7630 48.6010 48.6300 48.6590 48.6880 48.2060 47.0450 45.8830 44.8900 43.7280
46.8120 47.9740 49.1360 50.2970 51.4590 52.6200 53.7820 56.6860 57.8880 60.7920 61.9950 64.1960 65.3570 66.5190 69.4230 70.6250 73.5290 76.4330 76.1250 74.9640 73.8020 72.6410 71.4790 70.3170 69.1560 67.9940 66.8330 64.3530 63.1910 62.0290 60.8680 59.7060 58.5450 57.3830 56.2210 55.0600 53.8980 52.7370 51.5750 50.4130 49.2520 48.0900 48.1020 48.1310 49.2920 50.4540 51.1340 51.1630 51.1920 51.2210 51.2500 51.2790 50.7970 49.6350 48.4740 48.5030 48.0210 46.8590 45.6970 45.7260 45.7550 45.7840 45.3020 44.1410 42.9790 41.9860 40.8240
48.3460 49.5070 50.6690 51.8310 52.9920 54.1540 55.4840 56.6450 57.8070 58.9690 60.1300 61.2920 62.4530 65.3570 66.5600 69.4640 72.3680 74.3830 73.2210 72.0600 70.8980 69.7370 68.5750 67.4130 66.2520 65.0900 63.9290 62.7670 60.2870 59.1250 57.9640 56.8020 55.6410 54.4790 53.3170 52.1560 50.9940 49.8330 48.6710 47.5090 46.3480 45.1860 45.1980 45.2270 46.3880 47.5500 48.2300 48.2590 48.2880 48.3170 48.3460 48.3750 47.8930 46.7310 45.5700 45.5990 45.1170 43.9550 42.7930 42.8220 42.8510 42.8800 42.3980 41.2370 40.0750 39.0820 37.9200
45.4420 46.6030 47.7650 48.9270 50.0880 51.4180 52.5800 53.7410 54.9030 56.0650 57.2260 58.3880 61.2920 62.4940 65.3980 68.3020 70.6780 71.4790 70.3170 69.1560 67.9940 66.8330 65.6710 64.5090 63.3480 62.1860 61.0250 59.8630 58.7010 56.2210 55.0600 53.8980 52.7370 51.5750 50.4130 49.2520 48.0900 46.9290 45.7670 44.6050 43.4440 42.2820 42.2940 42.3230 43.4840 44.6460 45.3260 45.3550 45.3840 45.4130 45.4420 45.4710 44.9890 43.8270 42.6660 42.6950 42.2130 41.0510 39.8890 39.9180 39.9470 39.9760 39.4940 38.3330 37.1710 36.1780 35.0160
42.5380 43.6990 44.8610 46.0230 47.3530 48.5140 49.6760 50.8370 51.9990 53.1610 54.3220 57.2260 58.4280 61.3320 64.2360 66.6120 69.5160 68.5750 67.4130 66.2520 65.0900 63.9290 62.7670 61.6050 60.4440 59.2820 58.1210 56.9590 55.7970 54.6360 52.1560 50.9940 49.8330 48.6710 47.5090 46.3480 45.1860 44.0250 42.8630 41.7010 40.5400 39.3780 39.3900 39.4190 40.5800 41.7420 42.4220 42.4510 42.4800 42.5090 42.5380 42.5670 42.0850 40.9230 39.7620 39.7910 39.3090 38.1470 36.9850 37.0140 37.0430 37.0720 36.5900 35.4290 34.2670 33.2740 32.1120
39.6340 40.7950 41.9570 43.2870 44.4490 45.6100 46.7720 47.9330 49.0950 50.2570 53.1610 54.3630 57.2670 60.1710 62.5460 65.4500 66.8330 65.6710 64.5090 63.3480 62.1860 61.0250 59.8630 58.7010 57.5400 56.3780 55.2170 54.0550 52.8930 51.7320 50.5700 48.0900 46.9290 45.7670 44.6050 43.4440 42.2820 41.1210 39.9590 38.7970 37.6360 36.4740 36.4860 36.5150 37.6760 38.8380 39.5180 39.5470 39.5760 39.6050 39.6340 39.6630 39.1810 38.0190 36.8580 36.8870 36.4050 35.2430 34.0810 34.1100 34.1390 34.1680 33.6860 32.5250 31.3630 30.3700 29.2080
36.7300 37.8910 39.2210 40.3830 41.5450 42.7060 43.8680 45.0290 46.1910 49.0950 50.2970 53.2010 56.1050 58.4810 61.3850 64.2890 63.9290 62.7670 61.6050 60.4440 59.2820 58.1210 56.9590 55.7970 54.6360 53.4740 52.3130 51.1510 49.9890 48.8280 47.6660 46.9290 44.0250 42.8630 41.7010 40.5400 39.3780 38.2170 37.0550 35.8930 34.7320 33.5700 33.5820 33.6110 34.7720 35.9340 36.6140 36.6430 36.6720 36.7010 36.7300 36.7590 36.2770 35.1150 33.9540 33.9830 33.5010 32.3390 31.1770 31.2060 31.2350 31.2640 30.7820 29.6210 28.4590 27.4660 26.3040
33.8260 35.1560 36.3170 37.4790 38.6410 39.8020 40.9640 42.1250 45.0290 46.2320 49.1360 52.0400 54.4150 57.3190 60.2230 63.1270 62.7670 59.8630 58.7010 57.5400 56.3780 55.2170 54.0550 52.8930 51.7320 50.5700 49.4090 48.2470 47.0850 45.9240 44.7620 44.7740 42.8630 39.9590 38.7970 37.6360 36.4740 35.3130 34.1510 32.9890 31.8280 30.6660 30.6780 30.7070 31.8680 33.0300 33.7100 33.7390 33.7680 33.7970 33.8260 33.8550 33.3730 32.2110 31.0500 31.0790 30.5970 29.4350 28.2730 28.3020 28.3310 28.3600 27.8780 26.7170 25.5550 24.5620 23.4000
31.0900 32.2520 33.4130 34.5750 35.7370 36.8980 38.0600 40.9640 42.1660 45.0700 47.9740 50.3500 53.2540 56.1580 59.0620 61.9660 61.6050 58.7010 55.7970 54.6360 53.4740 52.3130 51.1510 49.9890 48.8280 47.6660 46.5050 45.3430 44.1810 43.0200 41.8580 41.8700 41.6030 38.7970 35.8930 34.7320 33.5700 32.4090 31.2470 30.0850 28.9240 27.7620 27.7740 27.8030 28.9640 30.1260 30.8060 30.8350 30.8640 30.8930 30.9220 30.9510 30.4690 29.3070 28.1460 28.1750 27.6930 26.5310 25.3690 25.3980 25.4270 25.4560 24.9740 23.8130 22.6510 22.1690 20.4960
28.1860 29.3480 30.5090 31.6710 32.8330 33.9940 36.8980 38.1000 41.0040 43.9080 46.2840 49.1880 52.0920 54.9960 57.9000 60.8040 59.7930 57.5400 54.6360 51.7320 50.5700 49.4090 48.2470 47.0850 45.9240 44.7620 43.6010 42.4390 41.2770 40.1160 38.9540 38.9660 38.6990 37.5370 34.7320 31.8280 30.6660 29.5050 28.3430 27.1810 26.0200 24.8580 24.8700 24.8990 26.0600 27.2220 27.9020 27.9310 27.9600 27.9890 28.0180 28.0470 27.5650 26.4030 25.2420 25.2710 24.7890 23.6270 22.4650 22.4940 22.5230 22.5520 22.0700 20.9090 19.7470 19.2650 18.1040
25.2820 26.4440 27.6050 28.7670 29.9290 32.8330 34.0350 36.9390 39.8430 42.2180 45.1220 48.0260 50.9300 53.8340 56.7380 59.6420 58.5910 55.7280 53.4740 50.5700 47.6660 46.5050 45.3430 44.1810 43.0200 41.8580 40.6970 39.5350 38.3730 37.2120 36.0500 36.0620 35.7950 34.6330 33.4720 30.6660 27.7620 26.6010 25.4390 24.2770 23.1160 21.9540 21.9660 21.9950 23.1560 24.3180 24.9980 25.0270 25.0560 25.0850 25.1140 25.1430 24.6610 23.4990 22.3380 22.3670 21.8850 20.7230 19.5610 19.5900 19.6190 19.6480 19.1660 18.0050 16.8430 16.3610 15.2000
22.3780 23.5400 24.7010 25.8630 28.7670 29.9690 32.8730 35.7770 38.1530 41.0570 43.9610 46.8650 49.7690 52.6730 55.5770 58.4810 55.6870 54.5260 51.6620 49.4090 46.5050 43.6010 42.4390 41.2770 40.1160 38.9540 37.7930 36.6310 35.4690 34.3080 33.1460 33.1580 34.3190 31.7290 30.5680 29.4060 26.6010 23.6970 22.5350 21.3730 20.2120 19.0500 19.0620 19.0910 20.2520 21.4140 22.0940 22.1230 22.1520 22.1810 22.2100 22.2390 21.7570 20.5950 19.4340 19.4630 18.9810 17.8190 16.6570 16.6860 16.7150 16.7440 16.2620 15.1010 13.9390 13.9680 12.2960
