AppendixA/HikerMovements/data/dist_paolina_1000.asc
ncols 271
nrows 294
xllcorner 698225
yllcorner 5141858
cellsize 30.00
nodata_value  224.268
[rows 0 to 28 of 294, columns 201 to 267 of 271]
13.5210 14.6830 17.5870 18.7890 19.4680 19.4970 19.5260 20.6880 19.0970 17.9350 16.7740 16.8030 16.8320 16.8610 18.0220 19.1840 19.8630 19.8920 21.0540 20.4210 17.5170 14.6130 11.7090 14.5720 15.7340 18.5970 19.7590 21.4490 22.6110 23.7720 26.6760 27.8380 30.7420 33.6460 36.5500 39.4540 42.3580 45.2620 48.1660 51.0700 53.9740 56.8780 59.7820 62.6860 65.5900 68.4940 71.3980 74.3020 77.2060 80.1100 83.0140 85.9180 88.8220 91.7260 90.1230 87.2190 90.1230 93.0270 95.9310 98.8350 101.739 104.643 107.547 110.451 113.355 116.259 119.163
10.6170 13.5210 14.7230 16.5350 16.5640 16.5930 16.6220 17.7840 17.8940 15.0310 13.8700 13.8990 13.9280 13.9570 15.1180 16.9300 16.9590 16.9880 18.1500 19.3120 18.6790 15.7750 14.5720 11.6680 14.5320 15.6930 17.3830 18.5450 19.7070 22.6110 23.7720 26.6760 29.5800 32.4840 35.3880 38.2920 41.1960 44.1000 47.0040 49.9080 52.8120 55.7160 58.6200 61.5240 64.4280 67.3320 70.2360 73.1400 76.0440 78.9480 81.8520 84.7560 87.6600 90.5640 90.0940 87.1900 90.0940 92.9980 95.9020 98.8060 101.710 104.614 107.518 110.422 113.326 116.230 119.134
13.5210 10.6580 13.5620 13.6310 13.6600 13.6890 13.7180 14.8800 14.9900 13.8290 10.9660 10.9950 11.0240 11.0530 13.9570 14.0260 14.0550 14.0840 15.2460 18.1500 19.3520 17.4650 14.5610 11.6570 11.6280 14.4910 14.4790 15.6410 18.5450 19.7070 22.6110 25.5150 28.4190 31.3230 34.2270 37.1310 40.0350 42.9390 45.8430 48.7470 51.6510 54.5550 57.4590 60.3630 63.2670 66.1710 69.0750 71.9790 74.8830 77.7870 80.6910 83.5950 86.4990 89.4030 90.0240 87.1610 90.0650 92.9690 95.8730 98.7770 101.681 104.585 107.489 110.393 113.297 116.201 119.105
14.7230 13.5620 10.6980 10.7270 10.7560 10.7850 10.8140 13.7180 13.7880 10.9250 10.9540 13.8580 13.9280 13.9570 11.0930 11.1220 11.1510 11.1800 14.0840 15.2870 18.1910 18.6260 15.7220 14.5610 14.4910 11.5870 11.5750 14.4790 15.6410 18.5450 21.4490 24.3530 27.2570 30.1610 33.0650 35.9690 38.8730 41.7770 44.6810 47.5850 50.4890 53.3930 56.2970 59.2010 62.1050 65.0090 67.9130 70.8170 73.7210 76.6250 79.5290 82.4330 85.3370 88.2410 87.1200 87.1490 90.0530 92.9570 95.8610 98.7650 101.669 104.573 107.477 110.381 113.285 116.189 119.093
17.6270 14.7640 13.6020 13.6310 13.6600 13.6890 13.7180 10.8550 10.8840 13.7880 13.8580 15.0190 16.8320 15.1590 13.9970 14.0260 14.0550 11.1920 11.2210 14.1250 15.3270 18.2310 18.6260 17.4650 15.5710 14.4100 11.5460 11.5750 14.4790 17.3830 20.2870 23.1910 26.0950 28.9990 31.9030 34.8070 37.7110 40.6150 43.5190 46.4230 49.3270 52.2310 55.1350 58.0390 60.9430 63.8470 66.7510 69.6550 72.5590 75.4630 78.3670 81.2710 84.1750 87.0790 87.1080 90.0120 91.2150 94.1190 97.0230 99.9270 102.831 105.735 108.639 111.543 114.447 117.351 120.255
18.8300 17.6680 16.5060 16.5350 15.0140 13.8520 13.7880 10.8840 10.8960 13.8000 16.7040 17.9230 19.0850 18.0630 16.9010 16.9300 15.2580 14.0960 11.2330 11.2620 14.1660 17.0700 18.3940 15.5310 14.3690 11.5060 11.5350 11.5640 14.4680 17.3720 20.2760 23.1800 26.0840 28.9880 31.8920 34.7960 37.7000 40.6040 43.5080 46.4120 49.3160 52.2200 55.1240 58.0280 60.9320 63.8360 66.7400 69.6440 72.5480 75.4520 78.3560 81.2600 84.1640 87.0680 87.0970 90.0010 91.2030 94.1070 97.0110 99.9150 102.819 105.723 108.627 111.531 114.435 117.339 120.243
16.5880 16.6170 16.6460 14.9730 13.8110 10.9480 10.9250 10.9130 13.8000 14.9610 17.8650 20.7690 21.9890 20.9670 19.8050 19.3230 18.1620 15.2980 14.1370 11.2730 14.1770 15.3800 15.4900 14.3280 11.4650 14.3690 14.4390 14.4680 15.6290 18.5330 21.4370 24.3410 27.2450 30.1490 33.0530 35.9570 38.8610 41.7650 44.6690 47.5730 50.4770 53.3810 56.2850 59.1890 62.0930 64.9970 67.9010 70.8050 73.7090 76.6130 79.5170 82.4210 85.3250 88.2290 87.1080 87.1370 90.0410 92.9450 95.8490 98.7530 101.657 104.561 107.465 110.369 113.273 116.177 119.081
13.6840 13.7130 13.7420 13.7710 10.9070 10.9360 13.8290 13.8170 14.9790 17.8650 19.0270 21.9310 24.8350 23.8710 22.7090 22.2270 19.3640 18.2020 15.3390 14.1770 11.3140 14.2180 14.2880 11.4240 14.3280 15.5310 17.3430 17.3720 18.5330 19.6950 22.5990 25.5030 28.4070 31.3110 34.2150 37.1190 40.0230 42.9270 45.8310 48.7350 51.6390 54.5430 57.4470 60.3510 63.2550 66.1590 69.0630 71.9670 74.8710 77.7750 80.6790 83.5830 86.4870 89.3910 90.0120 87.1490 90.0530 92.9570 95.8610 98.7650 101.669 104.573 107.477 110.381 113.285 116.189 119.093
10.7800 10.8090 10.8380 10.8670 10.8960 13.8000 15.0020 16.7210 17.8830 19.0440 21.9310 23.0930 25.9970 26.7750 25.6130 23.4290 22.2680 19.4050 18.2430 15.3800 14.2180 11.3550 11.3840 11.4130 14.3170 17.2210 19.5960 20.2760 21.4370 22.5990 23.7610 26.6650 29.5690 32.4730 35.3770 38.2810 41.1850 44.0890 46.9930 49.8970 52.8010 55.7050 58.6090 61.5130 64.4170 67.3210 70.2250 73.1290 76.0330 78.9370 81.8410 84.7450 87.6490 90.5530 90.0820 87.1780 90.0820 92.9860 95.8900 98.7940 101.698 104.602 107.506 110.410 113.314 116.218 119.122
10.7680 13.6720 13.7420 13.7710 13.8000 14.9610 17.8650 19.0680 20.7870 21.9480 23.1100 25.9970 27.1580 29.6790 27.4950 26.3330 23.4700 22.3090 19.4450 18.2840 15.4200 14.2590 14.2880 14.3170 15.4780 18.3820 21.2860 23.1800 24.3410 25.5030 26.6650 27.8260 30.7300 33.6340 36.5380 39.4420 42.3460 45.2500 48.1540 51.0580 53.9620 56.8660 59.7700 62.6740 65.5780 68.4820 71.3860 74.2900 77.1940 80.0980 83.0020 85.9060 88.8100 90.1230 87.2190 87.2070 90.1110 93.0150 95.9190 98.8230 101.727 104.631 107.535 110.439 113.343 116.247 119.151
13.6720 14.8340 16.6460 16.6750 16.7040 17.8650 19.0270 21.9310 23.1330 24.8520 26.0140 27.1760 30.0620 31.2240 30.3990 27.5360 26.3740 23.5110 22.3490 19.4860 18.3240 17.1630 17.1920 17.2210 18.3820 19.5440 22.4480 25.3520 27.2450 28.4070 29.5690 30.7300 31.8920 34.7960 37.7000 40.6040 43.5080 46.4120 49.3160 52.2200 55.1240 58.0280 60.9320 63.8360 66.7400 69.6440 72.5480 75.4520 78.3560 81.2600 84.1640 87.0680 89.9720 90.1520 87.2480 90.1110 91.2730 94.1770 97.0810 99.9850 102.889 105.793 108.697 111.601 114.505 117.409 120.313
16.4770 17.7380 18.8990 19.5790 19.6080 20.7690 21.9310 23.0930 25.9970 27.1990 28.9180 30.0800 31.2410 34.1280 31.6010 30.4400 27.5760 26.4150 23.5510 22.3900 21.2280 20.0670 20.0960 20.1250 21.2860 22.4480 23.6100 26.5140 29.4180 31.3110 32.4730 33.6340 34.7960 35.9570 38.8610 41.7650 44.6690 47.5730 50.4770 53.3810 56.2850 59.1890 62.0930 64.9970 67.9010 70.8050 73.7090 76.6130 79.5170 82.4210 85.3250 88.2290 91.1330 90.1810 87.2770 90.1810 93.0850 95.3380 98.2420 101.146 104.050 106.954 109.858 112.762 115.666 118.570 121.474
17.6390 20.5430 21.8030 22.4830 22.5120 23.6730 24.8350 25.9970 27.1580 30.0620 31.2640 32.9840 34.1450 35.3070 34.5050 31.6420 30.4800 27.6170 26.4550 25.2940 24.1320 22.9710 23.0000 23.0290 24.1900 25.3520 26.5140 27.6750 30.5790 33.4830 35.3770 36.5380 37.7000 38.8610 40.0230 42.9270 45.8310 48.7350 51.6390 54.5430 57.4470 60.3510 63.2550 66.1590 69.0630 71.9670 74.8710 77.7750 80.6790 83.5830 86.4870 89.3910 92.2950 90.2100 87.3060 90.2100 93.1140 95.5070 98.4110 101.315 104.219 107.123 110.027 112.931 115.835 118.739 121.643
18.8000 21.7040 24.6080 25.3870 25.4160 26.5770 27.7390 28.9010 30.0620 31.2240 34.1280 35.3300 37.0490 38.2110 35.7080 34.5460 31.6830 30.5210 29.3590 28.1980 27.0360 25.8750 25.9040 25.9330 27.0940 28.2560 29.4180 30.5790 31.7410 34.6450 37.5490 39.4420 40.6040 41.7650 42.9270 44.0890 46.9930 49.8970 52.8010 55.7050 58.6090 61.5130 64.4170 67.3210 70.2250 73.1290 76.0330 78.9370 81.8410 84.7450 87.6490 90.5530 93.1430 90.2390 87.3350 90.2390 91.4410 94.3450 97.2490 100.153 103.057 105.961 108.865 111.769 114.673 117.577 120.481
21.6640 22.8660 25.7700 28.2910 28.3200 29.4810 30.6430 31.8050 32.9660 34.1280 35.2890 38.1930 39.3960 39.7730 38.6120 35.7480 34.5870 33.4250 32.2630 31.1020 29.9400 28.7790 28.8080 28.8370 29.9980 31.1600 32.3220 33.4830 34.6450 35.8060 38.7100 41.6140 43.5080 44.6690 45.8310 46.9930 48.1540 51.0580 53.9620 56.8660 59.7700 62.6740 65.5780 68.4820 71.3860 74.2900 77.1940 80.0980 83.0020 85.9060 88.8100 91.7140 93.1720 90.2680 87.3640 87.3760 90.2800 93.1840 96.0880 98.9920 101.896 104.800 107.704 110.608 113.512 116.416 119.320
22.8250 25.7290 26.9320 29.8360 31.2240 32.3850 33.5470 34.7090 35.8700 37.0320 38.1930 39.3550 42.2590 42.6770 39.8140 38.6520 37.4910 36.3290 35.1670 34.0060 32.8440 31.6830 31.7120 31.7410 32.9020 34.0640 35.2260 36.3870 37.5490 38.7100 39.8720 42.7760 45.6800 47.5730 48.7350 49.8970 51.0580 52.2200 55.1240 58.0280 60.9320 63.8360 66.7400 69.6440 72.5480 75.4520 78.3560 81.2600 84.1640 87.0680 89.9720 92.8760 94.3340 91.4300 90.2680 87.4050 90.3090 93.2130 96.1170 99.0210 101.925 104.829 107.733 110.637 113.541 116.445 119.349
25.7290 26.8910 29.7950 30.9970 33.9010 35.2890 36.4510 37.6130 38.7740 39.9360 41.0970 42.2590 43.4210 43.8790 42.7180 41.5560 40.3950 39.2330 38.0710 36.9100 35.7480 34.5870 34.6160 34.6450 35.8060 36.9680 38.1300 39.2910 40.4530 41.6140 42.7760 43.9380 46.8420 49.7460 51.6390 52.8010 53.9620 55.1240 56.2850 59.1890 62.0930 64.9970 67.9010 70.8050 73.7090 76.6130 79.5170 82.4210 85.3250 88.2290 91.1330 94.0370 95.4950 93.2420 90.3380 87.4340 90.3380 93.2420 96.1460 99.0500 101.954 104.858 107.762 110.666 113.570 116.474 119.378
28.6330 29.7950 30.9570 33.8610 35.0630 37.9670 39.3550 40.5170 41.6780 42.8400 44.0010 45.1630 46.3250 46.7830 45.6220 44.4600 43.2990 42.1370 40.9750 39.8140 38.6520 37.4910 37.5200 37.5490 38.7100 39.8720 41.0340 42.1950 43.3570 44.5180 45.6800 46.8420 48.0030 50.9070 53.8110 55.7050 56.8660 58.0280 59.1890 60.3510 63.2550 66.1590 69.0630 71.9670 74.8710 77.7750 80.6790 83.5830 86.4870 89.3910 92.2950 95.1990 95.6640 93.2710 90.3670 87.4630 90.3670 93.2710 96.1750 99.0790 101.983 104.887 107.791 110.695 113.599 116.503 119.407
30.2250 32.6990 33.8610 35.0220 37.9260 39.1280 42.0320 43.4210 44.5820 45.7440 46.9050 48.0670 49.2290 49.6870 48.5260 47.3640 46.2030 45.0410 43.8790 42.7180 41.5560 40.3950 40.4240 40.4530 41.6140 42.7760 43.9380 45.0990 46.2610 47.4220 48.5840 49.7460 50.9070 52.0690 54.9730 57.8770 59.7700 60.9320 62.0930 63.2550 64.4170 67.3210 70.2250 73.1290 76.0330 78.9370 81.8410 84.7450 87.6490 90.5530 93.4570 96.3610 94.5020 91.5980 90.3960 87.4920 90.3960 93.3000 96.2040 99.1080 102.012 104.916 107.820 110.724 113.628 116.532 119.436
31.3860 34.2900 36.7650 37.9260 39.0880 41.9920 43.1940 46.0980 47.4860 48.6480 49.8090 50.9710 52.1330 52.5910 51.4300 50.2680 49.1070 47.9450 46.7830 45.6220 44.4600 43.2990 43.3280 43.3570 44.5180 45.6800 46.8420 48.0030 49.1650 50.3260 51.4880 52.6500 53.8110 54.9730 56.1340 59.0380 61.9420 63.8360 64.9970 66.1590 67.3210 68.4820 71.3860 74.2900 77.1940 80.0980 83.0020 85.9060 88.8100 91.7140 94.6180 96.2440 93.3400 90.4360 87.5320 87.5210 90.4250 93.3290 96.2330 99.1370 102.041 104.945 107.849 110.753 113.657 116.561 119.465
32.5480 35.4520 38.3560 40.8300 41.9920 43.1530 46.0570 47.2600 50.1640 51.5520 52.7130 53.8750 55.0370 55.4950 54.3340 53.1720 52.0110 50.8490 49.6870 48.5260 47.3640 46.2030 46.2320 46.2610 47.4220 48.5840 49.7460 50.9070 52.0690 53.2300 54.3920 55.5540 56.7150 57.8770 59.0380 60.2000 63.1040 66.0080 67.9010 69.0630 70.2250 71.3860 72.5480 75.4520 78.3560 81.2600 84.1640 87.0680 89.9720 92.8760 95.7800 96.2730 93.3690 90.4650 87.5610 90.4250 91.5860 94.4900 97.3940 100.298 103.202 106.106 109.010 111.914 114.818 117.722 120.626
33.7100 36.6140 39.5180 42.4220 44.8960 46.0570 47.2190 50.1230 51.3250 54.2290 55.6170 56.7790 57.9410 58.3990 57.2380 56.0760 54.9150 53.7530 52.5910 51.4300 50.2680 49.1070 49.1360 49.1650 50.3260 51.4880 52.6500 53.8110 54.9730 56.1340 57.2960 58.4580 59.6190 60.7810 61.9420 63.1040 64.2660 67.1700 70.0740 71.9670 73.1290 74.2900 75.4520 76.6130 79.5170 82.4210 85.3250 88.2290 91.1330 94.0370 96.9410 97.4350 94.5310 91.6270 90.4650 87.6020 90.5060 93.4100 96.3140 99.2180 102.122 105.026 107.930 110.834 113.738 116.642 119.546
34.8710 37.7750 40.6790 43.5830 46.4870 48.9610 50.1230 51.2850 54.1890 55.3910 58.2950 59.6830 60.8450 61.3030 60.1420 58.9800 57.8190 56.6570 55.4950 54.3340 53.1720 52.0110 52.0400 52.0690 53.2300 54.3920 55.5540 56.7150 57.8770 59.0380 60.2000 61.3620 62.5230 63.6850 64.8460 66.0080 67.1700 68.3310 71.2350 74.1390 76.0330 77.1940 78.3560 79.5170 80.6790 83.5830 86.4870 89.3910 92.2950 95.1990 98.1030 98.5970 95.6930 93.4390 90.5350 87.6310 90.5350 93.4390 96.3430 99.2470 102.151 105.055 107.959 110.863 113.767 116.671 119.575
37.7750 38.9370 41.8410 44.7450 47.6490 50.5530 53.0270 54.1890 55.3500 58.2540 59.4560 62.3600 63.7490 64.2070 63.0460 61.8840 60.7230 59.5610 58.3990 57.2380 56.0760 54.9150 54.9440 54.9730 56.1340 57.2960 58.4580 59.6190 60.7810 61.9420 63.1040 64.2660 65.4270 66.5890 67.7500 68.9120 70.0740 71.2350 72.3970 75.3010 78.2050 80.0980 81.2600 82.4210 83.5830 84.7450 87.6490 90.5530 93.4570 96.3610 98.7770 95.8730 94.6700 91.7660 90.5640 87.6600 90.5640 93.4680 96.3720 99.2760 102.180 105.084 107.988 110.892 113.796 116.700 119.604
39.3900 41.8410 43.0020 45.9060 48.8100 51.7140 54.6180 57.0930 58.2540 59.4160 62.3200 63.5220 66.4260 67.1110 65.9500 64.7880 63.6270 62.4650 61.3030 60.1420 58.9800 57.8190 57.8480 57.8770 59.0380 60.2000 61.3620 62.5230 63.6850 64.8460 66.0080 67.1700 68.3310 69.4930 70.6540 71.8160 72.9780 74.1390 75.3010 76.4620 79.3660 82.2700 84.1640 85.3250 86.4870 87.6490 88.8100 91.7140 94.6180 97.5220 97.6150 94.7110 91.8070 90.6050 87.7010 87.6890 90.5930 93.4970 96.4010 99.3050 102.209 105.113 108.017 110.921 113.825 116.729 119.633
40.5510 43.4550 45.9060 47.0680 49.9720 52.8760 55.7800 58.6840 61.1580 62.3200 63.4810 66.3850 67.5880 70.0150 68.8540 67.6920 66.5310 65.3690 64.2070 63.0460 61.8840 60.7230 60.7520 60.7810 61.9420 63.1040 64.2660 65.4270 66.5890 67.7500 68.9120 70.0740 71.2350 72.3970 73.5580 74.7200 75.8820 77.0430 78.2050 79.3660 80.5280 83.4320 86.3360 88.2290 89.3910 90.5530 91.7140 92.8760 95.7800 98.6840 95.9420 93.5490 90.6450 87.7410 87.7300 90.5930 91.7550 94.6590 97.5630 100.467 103.371 106.275 109.179 112.083 114.987 117.891 120.795
41.7130 44.6170 47.5210 49.9720 51.1340 54.0380 56.9420 59.8460 62.7500 65.2240 66.3850 67.5470 70.4510 71.6530 71.7580 70.5960 69.4350 68.2730 67.1110 65.9500 64.7880 63.6270 63.6560 63.6850 64.8460 66.0080 67.1700 68.3310 69.4930 70.6540 71.8160 72.9780 74.1390 75.3010 76.4620 77.6240 78.7860 79.9470 81.1090 82.2700 83.4320 84.5940 87.4980 90.4020 92.2950 93.4570 94.6180 95.7800 96.9410 95.9830 94.7810 91.8770 90.6740 87.7700 90.6340 91.7950 94.6590 95.8200 98.7240 101.628 104.532 107.436 110.340 113.244 116.148 119.052 121.956
40.5510 43.4550 46.3590 49.2630 52.1670 55.0710 57.9750 60.8790 63.7830 66.6870 69.2890 70.4510 71.6130 74.5170 74.6620 73.5000 72.3390 71.1770 70.0150 68.8540 67.6920 66.5310 66.5600 66.5890 67.7500 68.9120 70.0740 71.2350 72.3970 73.5580 74.7200 75.8820 77.0430 78.2050 79.3660 80.5280 81.6900 82.8510 84.0130 85.1740 86.3360 87.4980 88.6590 91.5630 94.4670 96.3610 97.5220 98.6840 96.0240 94.8210 91.9170 90.7150 87.8110 87.8000 90.7040 93.6080 95.8610 98.7240 99.8860 102.790 105.694 108.598 111.502 114.406 117.310 120.214 123.118
39.3900 42.2940 45.1980 48.1020 51.0060 53.9100 56.8140 59.7180 62.6220 65.5260 68.4300 71.3340 74.2380 75.6780 77.5660 76.4040 75.2430 74.0810 72.9190 71.7580 70.5960 69.4350 69.4640 69.4930 70.6540 71.8160 72.9780 74.1390 75.3010 76.4620 77.6240 78.7860 79.9470 81.1090 82.2700 83.4320 84.5940 85.7550 86.9170 88.0780 89.2400 90.4020 91.5630 92.7250 95.6290 98.5330 100.426 97.7660 94.8620 91.9580 90.7560 87.8520 87.8400 90.7040 91.8650 94.7690 97.6730 99.9270 102.790 103.952 106.856 109.760 112.664 115.568 118.472 121.376 124.280
