AppendixA/HikerMovements/data/dist_vajolet_1000.asc
ncols 271
nrows 294
xllcorner 698225
yllcorner 5141858
cellsize 30.00
nodata_value  226.319
[rows 87 to 115 of 294, columns 134 to 200 of 271]
3.47300 6.37700 8.77000 11.6740 14.5780 17.4820 20.3860 23.2900 26.1940 29.0980 32.0020 34.9060 37.8100 40.7140 43.6180 46.5220 49.4260 52.3300 53.8870 56.7910 59.6950 62.0700 64.9740 66.1760 69.0800 71.9840 74.3770 77.2810 80.1850 82.5780 85.4820 88.3860 90.7790 89.1590 86.2550 83.3510 80.4470 77.5430 74.6390 71.7350 68.8310 65.9270 63.0230 60.1190 57.2150 54.3110 51.4070 48.5030 45.5990 42.6950 39.7910 36.8870 33.9830 31.0790 28.1750 25.2710 22.3670 19.4630 16.5590 15.3970 14.2350 12.4230 10.0300 7.12600 4.22200 7.08600 7.07400
3.50200 4.70400 7.60800 10.5120 13.4160 16.3200 19.2240 22.1280 25.0320 27.9360 30.8400 33.7440 36.6480 39.5520 42.4560 45.3600 48.2640 49.8210 52.7250 55.6290 58.0040 60.9080 62.1110 65.0150 67.9190 70.3120 73.2160 76.1200 78.5130 81.4170 84.3210 86.7130 89.6170 90.3200 87.4160 84.5120 81.6080 78.7040 75.8000 72.8960 69.9920 67.0880 64.1840 61.2800 58.3760 55.4720 52.5680 49.6640 46.7600 43.8560 40.9520 38.0480 35.1440 32.2400 29.3360 26.4320 23.5280 20.6240 19.4630 18.3010 16.4890 14.0960 11.1920 8.28800 7.08600 4.18200 4.17000
0.63900 3.54300 6.44700 9.35100 12.2550 15.1590 18.0630 20.9670 23.8710 26.7750 29.6790 32.5830 35.4870 38.3910 41.2950 44.1990 45.7550 48.6590 51.5630 53.9390 56.8430 58.0450 60.9490 63.8530 66.2460 69.1500 72.0540 74.4470 77.3510 80.2550 82.6480 85.5520 88.4560 91.3600 88.5780 85.6740 82.7700 79.8660 76.9620 74.0580 71.1540 68.2500 65.3460 62.4420 59.5380 56.6340 53.7300 50.8260 47.9220 45.0180 42.1140 39.2100 36.3060 33.4020 30.4980 27.5940 24.6900 23.5280 22.3670 20.5550 18.1620 15.2580 12.3540 11.1510 8.24700 7.04500 4.14100
0.66800 3.57200 6.47600 9.38000 12.2840 15.1880 18.0920 20.9960 23.9000 26.8040 29.7080 32.6120 35.5160 37.5840 40.4880 41.6900 44.5940 47.4980 49.8730 52.7770 53.9800 56.8840 59.7880 62.1800 65.0840 67.9880 70.3810 73.2850 76.1890 78.5820 81.4860 84.3900 87.2940 89.7450 89.7390 86.8350 83.9310 81.0270 78.1230 75.2190 72.3150 69.4110 66.5070 63.6030 60.6990 57.7950 54.8910 51.9870 49.0830 46.1790 43.2750 40.3710 37.4670 34.5630 31.6590 28.7550 27.5940 26.4320 24.6200 22.2270 19.3230 16.4190 15.0780 12.1740 9.92000 7.01600 4.11200
0.69700 3.60100 6.50500 9.40900 12.3130 15.2170 18.1210 21.0250 23.9290 26.8330 29.7370 32.3560 33.5180 36.4220 37.6240 40.5280 43.4320 45.8080 48.7120 49.9140 52.8180 55.7220 58.1150 61.0190 63.9230 66.3160 69.2200 72.1240 74.5170 77.4210 80.3250 83.2290 85.6800 86.8410 89.7450 87.9970 85.0930 82.1890 79.2850 76.3810 73.4770 70.5730 67.6690 64.7650 61.8610 58.9570 56.0530 53.1490 50.2450 47.3410 44.4370 41.5330 38.6290 35.7250 32.8210 31.6590 30.4980 28.4360 25.5320 22.6280 19.7240 16.8200 13.9160 11.0120 8.10800 6.94600 4.08300
0.72600 3.63000 6.53400 9.43800 12.3420 15.2460 18.1500 21.0540 23.9580 26.8620 28.2910 29.4520 32.3560 33.5590 36.4630 39.3670 41.7420 44.6460 45.8480 48.7520 51.6560 54.0490 56.9530 59.8570 62.2500 65.1540 68.0580 70.4510 73.3550 76.2590 79.1630 81.6140 82.7760 85.6800 87.2650 88.4270 86.2550 83.3510 80.4470 77.5430 74.6390 71.7350 68.8310 65.9270 63.0230 60.1190 57.2150 54.3110 51.4070 48.5030 45.5990 42.6950 39.7910 36.8870 35.7250 33.0820 30.1780 27.2740 24.3700 21.4660 18.5620 15.6580 12.7540 9.85000 6.94600 4.04200 4.05400
0.75500 3.65900 6.56300 8.95600 11.8600 14.7640 17.6680 20.5720 23.0640 24.2250 25.3870 28.2910 29.4930 32.3970 35.3010 37.6760 40.5800 41.7830 44.6870 47.5910 49.9840 52.8880 55.7920 58.1850 61.0890 63.9930 66.3850 69.2890 72.1930 75.0970 77.5480 78.7100 81.6140 83.2000 84.3610 85.5230 86.5390 84.5120 81.6080 78.7040 75.8000 72.8960 69.9920 67.0880 64.1840 61.2800 58.3760 55.4720 52.5680 49.6640 46.7600 43.8560 40.9520 38.8610 35.9570 33.0530 30.1490 27.2450 24.3410 21.4370 18.5330 15.6290 12.7250 9.82100 6.91700 4.01300 6.91700
0.78400 3.68800 4.89000 7.79400 10.6980 13.6020 16.5060 18.9980 20.1600 21.3210 24.2250 25.4270 28.3310 31.2350 33.6110 36.5150 37.7170 40.6210 43.5250 45.9180 48.8220 51.7260 54.1190 57.0230 59.9270 62.3200 65.2240 68.1280 71.0320 73.4830 74.6440 77.5480 79.1340 80.2960 81.4570 82.6190 83.6350 83.6640 82.3920 79.4880 76.5840 73.6800 70.7760 67.8720 64.9680 62.0640 59.1600 56.2560 53.3520 50.4480 47.5440 44.6400 41.7360 38.8320 35.9280 33.0240 30.1200 27.2160 24.3120 21.4080 18.5040 15.6000 12.6960 9.79200 6.88800 3.98400 6.88800
0.81300 0.82500 3.72900 6.63300 9.53700 12.4410 14.9320 16.0940 17.2560 20.1600 21.3620 24.2660 27.1700 29.5450 32.4490 33.6520 36.5560 39.4600 41.8520 44.7560 47.6600 50.0530 52.9570 55.8610 58.2540 61.1580 64.0620 66.9660 69.4170 70.5790 73.4830 75.0680 76.2300 77.3920 78.5530 79.7150 80.7310 80.7600 80.7890 79.4590 76.5550 73.6510 70.7470 67.8430 64.9390 62.0350 59.1310 56.2270 53.3230 50.4190 47.5150 44.6110 41.7070 38.8030 35.8990 32.9950 30.0910 27.1870 24.2830 21.3790 18.4750 15.5710 12.6670 9.76300 6.85900 3.95500 6.81900
3.71700 0.85400 3.75800 6.66200 9.05500 10.8670 12.0280 13.1900 16.0940 17.2960 20.2000 23.1040 25.4800 28.3840 29.5860 32.4900 35.3940 37.7870 40.6910 43.5950 45.9880 48.8920 51.7960 54.1890 57.0930 59.9970 62.9010 65.3520 66.5130 69.4170 71.0030 72.1640 73.3260 74.4880 75.6490 76.8110 77.8270 77.8560 77.8850 77.9140 76.9210 74.8130 71.9090 69.0050 66.1010 63.1970 60.2930 57.3890 54.4850 51.5810 48.6770 45.7730 42.8690 39.9650 37.0610 34.1570 31.2530 28.3490 25.4450 22.5410 19.6370 16.7330 13.8290 10.9250 8.02100 6.81900 3.91500
3.78700 0.88300 3.78700 4.98900 6.80100 7.96300 9.12400 12.0280 13.2310 16.1350 19.0390 21.4140 24.3180 25.5200 28.4240 31.3280 33.7210 36.6250 39.5290 41.9220 44.8260 47.7300 50.1230 53.0270 55.9310 58.8350 61.2860 62.4480 65.3520 66.9370 68.0990 69.2600 70.4220 71.5840 72.7450 73.9070 74.9230 74.9520 74.9810 75.0100 74.0170 72.8560 71.6940 70.0500 67.1460 64.2420 61.3380 58.4340 55.5300 52.6260 49.7220 46.8180 43.9140 41.0100 38.1060 35.2020 32.2980 29.3940 26.4900 23.5860 20.6820 17.7780 14.8740 11.9700 9.69400 6.79000 3.88600
3.81600 0.91200 0.92300 3.82700 3.89700 5.05900 7.96300 9.16500 12.0690 14.9730 17.3480 20.2520 21.4550 24.3590 27.2630 29.6560 32.5600 35.4640 37.8570 40.7610 43.6650 46.0570 48.9610 51.8650 54.7690 57.2200 58.3820 61.2860 62.8720 64.0330 65.1950 66.3560 67.5180 68.6800 69.8410 71.0030 72.0190 72.0480 72.0770 72.1060 71.1130 69.9520 68.7900 67.6280 65.9850 63.0810 60.1770 57.2730 54.3690 51.4650 48.5610 45.6570 42.7530 39.8490 36.9450 34.0410 31.1370 28.2330 25.3290 22.4250 19.5210 16.6170 13.7130 10.8090 7.90500 6.74300 3.85700
4.97700 3.81600 3.82700 0.96400 0.99300 3.89700 5.09900 8.00300 10.9070 13.2830 16.1870 17.3890 20.2930 23.1970 25.5900 28.4940 31.3980 33.7910 36.6950 39.5990 41.9920 44.8960 47.8000 50.7040 53.1550 54.3160 57.2200 58.8060 59.9680 61.1290 62.2910 63.4520 64.6140 65.7760 66.9370 68.0990 69.1150 69.1440 69.1730 69.2020 68.2090 67.0480 65.8860 64.7240 63.5630 61.9190 59.0150 56.1110 53.2070 50.3030 47.3990 44.4950 41.5910 38.6870 35.7830 32.8790 29.9750 27.0710 24.1670 21.2630 18.3590 15.4550 12.5510 9.64700 6.74300 3.83900 3.82700
7.88100 6.72000 5.03000 3.86800 1.00500 1.03400 3.93800 6.84200 9.21700 12.1210 13.3240 16.2280 19.1320 21.5240 24.4280 27.3320 29.7250 32.6290 35.5330 37.9260 40.8300 43.7340 46.6380 49.0890 50.2510 53.1550 54.7400 55.9020 57.0640 58.2250 59.3870 60.5480 61.7100 62.8720 64.0330 65.1950 66.2110 66.2400 66.2690 66.2980 65.3050 64.1440 62.9820 61.8200 60.6590 60.6880 58.9860 56.0820 53.1780 50.2740 47.3700 44.4660 41.5620 38.6580 35.7540 32.8500 29.9460 27.0420 24.1380 21.2340 18.3300 15.4260 12.5220 9.61800 6.71400 3.81000 3.79800
10.7850 9.09500 7.93400 5.07000 3.90900 1.04500 3.94900 5.15200 8.05600 9.25800 12.1620 15.0660 17.4590 20.3630 23.2670 25.6600 28.5640 31.4680 33.8610 36.7650 39.6690 42.5730 45.0240 46.1850 49.0890 50.6750 51.8360 52.9980 54.1600 55.3210 56.4830 57.6440 58.8060 59.9680 61.1290 62.2910 63.3070 63.3360 63.3650 63.3940 62.4010 61.2400 60.0780 58.9160 57.7550 57.7840 57.8130 57.2440 54.3400 51.4360 48.5320 45.6280 42.7240 39.8200 36.9160 34.0120 31.1080 28.2040 25.3000 22.3960 19.4920 16.5880 13.6840 10.7800 7.87600 6.67300 3.76900
13.1610 11.9990 9.13600 7.97400 5.11100 3.94900 1.08600 3.99000 5.19200 8.09600 11.0000 13.3930 16.2970 19.2010 21.5940 24.4980 27.4020 29.7950 32.6990 35.6030 38.5070 40.9580 42.1200 45.0240 46.6090 47.7710 48.9320 50.0940 51.2560 52.4170 53.5790 54.7400 55.9020 57.0640 58.2250 59.3870 60.4030 60.4320 60.4610 60.4900 59.4970 58.3360 57.1740 56.0120 54.8510 54.8800 54.9090 54.9380 54.2290 51.3250 48.4210 45.5170 42.6130 39.7090 36.8050 33.9010 30.9970 28.0930 25.1890 22.2850 19.3810 16.4770 13.5730 10.6690 7.76500 6.60400 3.74000
16.0650 13.2020 12.0400 9.17700 6.92300 4.01900 1.11500 1.12700 4.03100 6.93500 9.32800 12.2320 15.1360 17.5290 20.4330 23.3370 25.7290 28.6330 31.5370 34.4410 36.8920 38.0540 40.9580 42.5440 43.7050 44.8670 46.0280 47.1900 48.3520 49.5130 50.6750 51.8360 52.9980 54.1600 55.3210 56.4830 57.4990 57.5280 57.5570 57.5860 56.5930 55.4320 54.2700 53.1080 51.9470 51.9760 52.0050 52.0340 53.0680 50.1640 47.2600 44.3560 41.4520 38.5480 35.6440 32.7400 29.8360 26.9320 24.0280 21.1240 18.2200 15.3160 12.4120 9.50800 6.60400 3.70000 3.71100
17.2670 16.1060 13.2420 10.9890 8.08500 5.18100 4.01900 1.15600 4.06000 5.26200 8.16600 11.0700 13.4630 16.3670 19.2710 21.6640 24.5680 27.4720 30.3760 32.8270 33.9880 36.8920 39.6110 39.6400 40.8010 41.9630 43.1240 44.2860 45.4480 46.6090 47.7710 48.9320 50.0940 51.2560 52.4170 53.5790 54.5950 54.6240 54.6530 54.6820 53.6890 52.5280 51.3660 50.2040 49.0430 49.0720 49.1010 49.1300 50.2910 50.1350 47.2310 44.3270 41.4230 38.5190 35.6150 32.7110 29.8070 26.9030 23.9990 21.0950 18.1910 15.2870 12.3830 9.47900 6.57500 3.67100 3.68200
20.1710 17.3080 15.0540 12.1500 9.24600 6.99300 4.08900 1.18500 1.19600 4.10000 7.00400 9.39700 12.3010 15.2050 17.5980 20.5020 23.4060 26.3100 28.7610 29.9230 32.8270 35.7310 36.7070 36.7360 37.8970 39.0590 40.2200 41.3820 42.5440 43.7050 44.8670 46.0280 47.1900 48.3520 49.5130 50.6750 51.6910 51.7200 51.7490 51.7780 50.7850 49.6240 48.4620 47.3000 46.1390 46.1680 46.1970 46.2260 47.3870 48.5490 47.2020 44.2980 41.3940 38.4900 35.5860 32.6820 29.7780 26.8740 23.9700 21.0660 18.1620 15.2580 12.3540 9.45000 6.54600 3.64200 6.54600
21.3730 19.1200 16.2160 13.3120 11.0580 8.15400 5.25000 4.08900 1.22500 4.12900 5.33200 8.23600 11.1400 13.5330 16.4370 19.3410 22.2450 24.6960 25.8570 28.7610 31.6650 34.0410 33.8030 33.8320 34.9930 36.1550 37.3160 38.4780 39.6400 40.8010 41.9630 43.1240 44.2860 45.4480 46.6090 48.4210 48.7870 48.8160 48.8450 48.8740 47.8810 46.7200 45.5580 44.3960 43.2350 43.2640 43.2930 43.3220 44.4830 45.6450 46.3250 44.2690 41.3650 38.4610 35.5570 32.6530 29.7490 26.8450 23.9410 21.0370 18.1330 15.2290 12.3250 9.42100 6.51700 3.61300 6.51700
23.1860 20.2820 17.3780 15.1240 12.2200 9.31600 7.06300 4.15900 1.25500 1.26600 4.17000 7.07400 9.46700 12.3710 15.2750 18.1790 20.6300 21.7920 24.6960 27.6000 29.9750 32.0600 30.8990 30.9280 32.0890 33.2510 34.4120 35.5740 36.7360 37.8970 39.0590 40.2200 41.3820 42.5440 44.3560 45.5170 45.8830 45.9120 45.9410 45.9700 44.9770 43.8160 42.6540 41.4920 40.3310 40.3600 40.3890 40.4180 41.5790 42.7410 43.4210 44.2400 41.3360 38.4320 35.5280 32.6240 29.7200 26.8160 23.9120 21.0080 18.1040 15.2000 12.2960 9.39200 6.48800 3.58400 6.44700
24.3470 21.4430 19.1900 16.2860 13.3820 11.1280 8.22400 5.32000 4.15900 1.29500 4.19900 5.40100 8.30500 11.2090 14.1130 16.5640 17.7260 20.6300 23.5340 25.9090 28.8130 29.1560 27.9950 28.0240 29.1850 30.3470 31.5080 32.6700 33.8320 34.9930 36.1550 37.3160 38.4780 40.2900 41.4520 42.6130 42.9790 43.0080 43.0370 43.0660 42.0730 40.9120 39.7500 38.5880 37.4270 37.4560 37.4850 37.5140 38.6750 39.8370 40.5170 41.6780 41.3060 38.4020 35.4980 32.5940 29.6900 26.7860 23.8820 20.9780 18.0740 15.1700 12.2660 9.36200 6.45800 3.55400 3.54300
25.5090 23.2550 20.3510 17.4470 15.1940 12.2900 9.38600 7.13200 4.22800 1.32400 1.33600 4.24000 7.14400 10.0480 12.4990 13.6600 16.5640 19.4680 21.8440 24.7480 25.9500 26.2520 25.0910 25.1200 26.2810 27.4430 28.6040 29.7660 30.9280 32.0890 33.2510 34.4120 36.2240 37.3860 38.5480 40.0460 40.0750 40.1040 40.1330 40.1620 39.1690 38.0080 36.8460 35.6840 34.5230 34.5520 34.5810 34.6100 35.7710 36.9330 37.6130 38.7740 39.9360 39.5640 36.6600 33.7560 30.8520 27.9480 25.0440 22.1400 19.2360 16.3320 13.4280 10.5240 7.62000 6.41800 3.51400
27.3210 24.4170 21.5130 18.7770 15.8730 12.9690 10.0650 7.16100 4.25700 1.35300 1.36500 4.26900 7.17300 8.43300 9.59500 12.4990 15.4030 17.7780 20.6820 21.8850 23.6970 23.3480 22.1870 22.2160 23.3770 24.5390 25.7000 26.8620 28.0240 29.1850 30.3470 32.1590 33.3200 34.4820 36.4630 37.1420 37.1710 37.2000 37.2290 37.2580 36.2650 35.1040 33.9420 32.7800 31.6190 31.6480 31.6770 31.7060 32.8670 34.0290 34.7090 35.8700 37.0320 37.7110 37.5140 34.6100 31.7060 29.1100 26.2060 23.3020 20.3980 17.4940 14.5900 11.6860 9.29300 6.38900 3.48500
27.5180 24.6140 21.7100 18.8060 15.9020 12.9980 10.0940 7.19000 4.28600 1.38200 1.39400 4.29800 4.36800 5.52900 8.43300 11.3370 13.7130 16.6170 17.8190 19.6310 20.7930 20.4440 19.2830 19.3120 20.4730 21.6350 22.7960 23.9580 25.1200 26.2810 28.0930 29.2550 30.4160 32.3970 33.5590 34.2380 34.2670 34.2960 34.3250 34.3540 33.3610 32.2000 31.0380 29.8760 28.7150 28.7440 28.7730 28.8020 29.9630 31.1250 31.8050 32.9660 34.1280 34.8070 34.8360 33.4480 30.5440 27.6400 26.4790 23.6150 20.8800 17.9760 15.0720 12.1680 9.26400 6.36000 3.45600
27.5470 24.6430 21.7390 18.8350 15.9310 13.0270 10.1230 7.21900 4.31500 1.41100 1.42300 1.43500 1.46400 4.36800 7.27200 9.64700 12.5510 13.7530 15.5650 16.7270 17.8890 17.5400 16.3790 16.4080 17.5690 18.7310 19.8920 21.0540 22.2160 24.0280 25.1890 26.3510 28.3310 29.4930 30.6550 31.3340 31.3630 31.3920 31.4210 31.4500 30.4570 29.2960 28.1340 26.9720 25.8110 25.8400 25.8690 25.8980 27.0590 28.2210 28.9010 30.0620 31.2240 31.9030 31.9320 31.9610 29.3830 26.4790 23.5750 22.4130 19.5500 17.2960 14.3920 11.4880 9.23500 6.33100 3.42700
28.7090 25.8050 22.9010 19.9970 17.0930 14.1890 11.2850 8.38100 5.47700 4.31500 4.32700 4.33900 1.47500 4.37900 5.58100 8.48500 9.68800 11.5000 12.6610 13.8230 15.7980 14.6360 13.4750 13.5040 14.6650 15.8270 16.9880 18.1500 19.9620 21.1240 22.2850 24.7480 25.4270 26.5890 27.7510 28.4300 28.4590 28.4880 28.5170 28.5460 27.5530 26.3920 25.2300 24.0680 22.9070 22.9360 22.9650 22.9940 24.1550 25.3170 25.9970 27.1580 28.3200 28.9990 29.0280 29.0570 28.2210 25.3170 22.4130 19.5090 18.3470 15.4840 13.2310 10.3270 7.42300 6.26100 3.39800
29.8710 26.9670 24.0630 21.1590 18.2550 15.3510 12.4470 9.54300 8.38100 7.21900 7.23100 5.54100 4.37900 1.51600 4.42000 5.62200 7.43400 8.59600 9.75700 12.6610 12.8940 11.7320 10.5710 10.6000 11.7610 12.9230 14.0840 15.8960 17.0580 18.2200 20.6820 21.8440 22.5230 23.6850 24.8470 25.5260 25.5550 25.5840 25.6130 25.6420 24.6490 23.4880 22.3260 21.1640 20.0030 20.0320 20.0610 20.0900 21.2510 22.4130 23.0930 24.2540 25.4160 26.0950 26.1240 26.1530 26.1820 24.1550 21.2510 18.3470 15.4430 14.2820 11.4190 9.16500 6.26100 3.35700 3.36900
31.0320 28.1280 25.2240 22.3200 19.4160 16.5120 13.6080 12.4470 11.2850 10.1230 9.60600 7.35300 4.44900 1.54500 1.55700 4.46100 4.53000 5.69200 8.59600 11.5000 9.99000 8.82800 7.66700 7.69600 8.85700 10.0190 11.8310 12.9920 14.1540 16.6170 17.7780 18.9400 19.6190 20.7810 21.9430 22.6220 22.6510 22.6800 22.7090 22.7380 21.7450 20.5840 19.4220 18.2600 17.0990 17.1280 17.1570 17.1860 18.3470 19.5090 20.1890 21.3500 22.5120 23.1910 23.2200 23.2490 23.2780 22.9940 20.0900 17.1860 14.2820 11.3780 10.2160 7.35300 6.19100 3.32800 6.23200
