AppendixA/HikerMovements/data/dist_parking_1000.asc
ncols 271
nrows 294
xllcorner 698225
yllcorner 5141858
cellsize 30.00
nodata_value  225.453
[rows 174 to 202 of 294, columns 201 to 267 of 271]
11.8310 12.9920 14.1540 15.9660 17.1280 18.2890 21.1930 22.3960 25.3000 22.8720 21.7100 18.8470 17.6850 16.5240 14.8510 13.6890 12.5280 12.5570 12.5860 12.6150 12.6440 12.6730 11.0000 9.83900 9.86800 9.89700 7.03300 7.06300 9.96700 10.0360 10.0650 10.0940 7.23100 10.1350 13.0390 15.9430 18.8470 21.7510 24.6550 27.5590 30.4630 33.3670 36.2710 39.1750 42.0790 43.1130 43.1420 42.6600 41.4980 40.3370 39.2970 36.3930 33.4890 30.5850 27.6810 24.7770 21.8730 18.9690 16.0650 13.1610 11.9990 9.13600 9.14800 12.0520 12.1210 13.2830 15.0950
14.0840 15.8960 17.0580 18.2200 20.0320 21.1930 22.3550 25.2590 26.4610 25.7760 22.9130 21.7510 20.5890 18.9170 17.7550 16.5930 15.4320 15.4610 15.4900 15.5190 15.5480 15.0660 13.9040 12.7430 12.7720 11.0990 9.93700 9.96700 11.1280 12.9400 10.1760 7.27200 10.1350 11.2970 14.2010 17.1050 20.0090 22.9130 25.8170 28.7210 31.6250 34.5290 37.4330 40.3370 41.3700 40.2090 40.2380 39.7560 38.5940 37.4330 37.4620 37.4910 34.6510 31.7470 28.8430 25.9390 23.0350 20.1310 17.2270 16.0650 13.2020 12.0400 12.0520 9.18800 9.21700 12.1210 12.1910
16.9880 18.1500 19.9620 21.1240 22.2850 24.0970 25.2590 26.4210 29.3250 26.9780 25.8170 24.6550 22.9820 21.8210 20.6590 19.4970 18.3360 18.3650 18.3940 18.4230 18.4520 17.9700 16.8080 15.6470 15.1650 14.0030 12.8410 12.8710 14.0320 13.1090 10.2050 7.30100 10.2050 13.1090 15.3620 18.2660 21.1700 24.0740 26.9780 29.8820 32.7860 35.6900 38.5940 39.6280 38.4660 37.3050 37.3340 36.8520 35.6900 34.5290 34.5580 34.5870 35.7480 32.9080 30.0040 27.1000 24.1960 21.2920 20.1310 17.2670 16.1060 14.9440 13.2540 12.0920 12.1210 9.25800 9.28700
19.8920 21.0540 22.2160 24.0280 25.1890 26.3510 28.1630 29.3250 30.4860 29.8820 28.7210 27.0480 25.8860 24.7250 23.5630 22.4010 21.2400 21.2690 21.2980 21.3270 21.3560 20.8740 19.7120 18.5510 18.0690 16.9070 15.7450 15.7750 14.3400 11.4360 10.2340 7.33000 10.2340 13.1380 16.0420 18.9460 21.8500 24.7540 27.6580 30.5620 33.4660 36.3700 37.8860 36.7240 35.5620 34.4010 34.4300 33.9480 32.7860 31.6250 31.6540 31.6830 32.8440 34.0060 31.1660 28.2620 25.3580 24.1960 21.3330 20.1710 19.0100 17.3190 16.1580 14.9960 13.3240 12.1620 9.29900
22.1460 23.9580 25.1200 26.2810 28.0930 29.2550 30.4160 32.2290 33.3900 32.7860 31.1130 29.9520 28.7900 27.6290 26.4670 25.3050 24.1440 24.1730 24.2020 24.2310 24.2600 23.7780 22.6160 21.4550 20.9730 19.8110 18.6490 16.0820 13.1780 10.2740 7.37000 10.2340 11.3950 14.2990 17.2030 20.1070 23.0110 25.9150 28.8190 31.7230 34.6270 36.1430 34.9820 33.8200 32.6580 31.4970 31.5260 31.0440 29.8820 28.7210 28.7500 28.7790 29.9400 31.1020 32.2630 29.4230 28.2620 25.3980 24.2370 23.0750 21.3850 20.2230 19.0620 17.3890 16.2280 13.3640 12.2030
25.0500 26.2120 28.0240 29.1850 30.3470 32.1590 33.3200 34.4820 36.2940 35.1790 34.0170 32.8560 31.6940 30.5330 29.3710 28.2090 27.0480 27.0770 27.1060 27.1350 27.1640 26.6820 25.5200 24.3590 23.8770 21.9190 19.0150 16.1110 13.2070 10.3030 7.39900 10.3030 13.2070 15.4610 18.3650 21.2690 24.1730 27.0770 29.9810 32.8850 34.4010 33.2390 32.0780 30.9160 29.7540 28.5930 28.6220 28.1400 26.9780 25.8170 25.8460 25.8750 27.0360 28.1980 29.3590 30.5210 29.4640 28.3020 27.1410 25.4510 24.2890 23.1270 21.4550 20.2930 17.4300 16.2680 15.1070
27.9540 29.1160 30.2770 32.0890 33.2510 34.4120 36.2240 37.3860 38.5480 38.0830 36.9210 35.7600 34.5980 33.4370 32.2750 31.1130 29.9520 29.9810 29.9690 28.8080 27.6460 26.4840 25.3230 25.2940 24.8520 21.9480 19.0440 16.1400 13.2360 10.3320 7.42800 10.3320 13.2360 16.1400 19.0440 21.9480 24.8520 27.7560 30.6600 32.6580 31.4970 30.3350 29.1740 28.0120 26.8500 25.6890 25.7180 25.2360 24.0740 22.9130 22.9420 22.9710 24.1320 25.2940 26.4550 27.6170 28.7790 31.2060 29.5160 28.3550 27.1930 25.5200 24.3590 21.4950 20.3340 19.1720 18.0110
30.8580 32.0200 33.1810 34.3430 36.1550 37.3160 38.4780 40.2900 41.4520 40.9870 39.8250 38.6640 37.5020 36.3410 35.1790 34.0170 31.1310 28.2270 27.0650 25.9040 24.7420 23.5800 22.4190 22.3900 22.3610 21.9770 19.0730 16.1690 13.2650 10.3610 7.45700 10.3610 13.2650 16.1690 19.0730 21.9770 24.8810 27.7850 30.6890 30.2650 28.5930 27.4310 26.2700 25.1080 23.9460 22.7850 22.8140 22.3320 21.1700 20.0090 20.0380 20.0670 21.2280 22.3900 23.5510 24.7130 27.6170 28.8190 31.7230 31.2590 29.5860 28.4240 25.5610 24.3990 23.2380 22.0760 20.9150
33.7620 34.9240 36.0850 37.2470 38.4080 40.2200 41.3820 42.5440 44.3560 43.8910 42.7290 41.5680 40.4060 38.6810 35.7770 32.8730 29.9690 27.0650 24.1610 23.0000 21.8380 20.6760 19.5150 19.4860 19.4570 20.6180 19.1030 16.1990 13.2950 10.3910 7.48700 10.3910 13.2950 16.1990 19.1030 22.0070 24.9110 27.8150 28.5230 27.3610 26.2000 24.5270 23.3660 22.2040 21.0420 19.8810 19.9100 19.4280 18.2660 17.1050 17.1340 17.1630 18.3240 19.4860 20.6470 23.5510 24.7540 27.6580 28.8600 28.6100 27.4490 26.2870 26.2990 27.3030 26.1420 24.9800 23.8190
36.6660 37.8280 38.9890 40.1510 41.3120 42.4740 44.2860 45.4480 46.6090 46.7950 45.6330 43.3280 40.4240 37.5200 34.6160 31.7120 28.8080 25.9040 23.0000 20.0960 18.9340 17.7720 16.6110 16.5820 16.5530 17.7140 18.8760 16.2280 13.3240 10.4200 7.51600 10.4200 13.3240 16.2280 19.1320 22.0360 24.9400 27.8030 26.6410 24.4570 23.2960 22.1340 20.4620 19.3000 18.1380 16.9770 17.0060 16.5240 15.3620 14.2010 14.2300 14.2590 15.4200 16.5820 19.4860 20.6880 23.5920 24.7940 26.8680 25.7060 24.5450 23.3830 23.3950 24.5560 25.7180 26.8790 26.7230
38.2690 40.7320 41.8930 43.0550 44.2160 45.3780 46.5400 48.3520 49.5130 47.9740 45.0700 42.1660 39.2620 36.3580 33.4540 30.5500 27.6460 24.7420 21.8380 18.9340 16.0300 14.8680 13.7070 13.6780 13.6490 14.8100 15.9720 16.2570 13.3530 10.4490 7.54500 10.4490 13.3530 16.2570 19.1610 22.0650 24.9690 24.8990 23.7370 22.5760 20.3920 19.2300 18.0690 16.3960 15.2340 14.0730 14.1020 14.1310 12.4580 11.2970 11.3260 11.3550 12.5160 15.4200 16.6220 19.5260 20.7290 23.6330 23.9640 22.8020 21.6410 20.4790 20.4910 21.6520 22.8140 23.9750 25.1370
41.1730 42.3350 44.7970 45.9590 47.1200 48.2820 49.4440 50.6050 49.7160 46.8120 43.9080 41.0040 38.1000 35.1960 32.2920 29.3880 26.4840 23.5800 20.6760 17.7720 14.8680 11.9640 10.8030 10.7740 10.7450 11.9060 13.5790 13.5500 13.3820 10.4780 7.57400 10.4780 13.3820 16.2860 19.1900 22.0940 23.1560 21.9950 20.8330 19.6720 19.1900 16.3260 15.1650 14.0030 12.3300 11.1690 11.1980 11.2270 11.2560 8.39300 8.42200 8.45100 11.3550 12.5570 15.4610 16.6630 19.5670 20.7690 21.0600 19.8980 18.7370 17.5750 17.5870 18.7480 19.9100 21.0710 23.9750
44.0770 45.2390 46.4000 48.8630 50.0240 51.1860 52.3480 51.4590 48.5550 45.6510 42.7470 39.8430 36.9390 34.0350 31.1310 28.2270 25.3230 22.4190 19.5150 16.6110 13.7070 10.8030 7.89900 7.87000 7.84100 10.7040 10.6750 10.6460 10.6170 10.5070 7.60300 10.5070 13.4110 16.3150 19.2190 22.1230 20.2520 19.0910 17.9290 16.7680 16.2860 15.1240 12.2610 11.0990 11.1280 8.26500 8.29400 8.32300 8.35200 11.2560 11.3260 11.3550 8.49100 11.3950 12.5980 15.5020 16.7040 19.6080 19.8580 16.9940 15.8330 14.6710 14.6830 15.8440 17.0060 19.9100 22.8140
46.3300 48.1430 49.3040 50.4660 52.9280 54.0900 53.8630 50.9590 48.0550 45.1510 42.2470 39.3430 36.4390 33.5350 30.6310 27.7270 24.8230 21.9190 19.0150 16.1110 13.7180 10.8140 7.91000 10.7330 7.82900 7.80000 7.77100 7.74200 7.71300 10.5360 7.63200 10.5360 13.4400 16.3440 19.2480 19.5320 19.0500 16.1870 15.0250 13.8640 13.8930 12.2200 11.0580 8.19500 8.22400 11.1280 11.1980 11.2270 11.2560 12.4180 14.2300 12.5570 11.3950 8.53200 11.4360 12.6380 15.5420 16.7440 16.9540 15.7920 12.9290 11.7670 11.7790 12.9400 15.8440 18.7480 21.6520
49.1940 50.3960 52.2080 53.3700 54.5310 55.6060 52.7020 49.7980 46.8940 43.9900 41.0860 38.1820 35.2780 32.3740 29.4700 26.5660 23.6620 20.7580 17.8540 14.9500 12.0460 10.8440 7.94000 10.8440 10.7330 10.7040 10.6750 10.6460 10.5760 7.67200 7.66100 10.5650 13.4690 16.3730 17.7900 16.6280 16.1460 14.9850 12.1210 10.9600 10.9890 11.0180 8.15400 8.18300 11.0870 12.2900 14.1020 14.1310 14.1600 15.3220 16.4830 14.3690 11.4650 8.56100 8.57300 11.4770 12.6790 14.4910 15.6530 12.8880 11.7260 8.86300 8.87500 11.7790 14.6830 17.5870 20.4910
50.3550 53.2590 54.4620 56.2740 57.3480 54.4440 51.5400 48.6360 45.7320 42.8280 39.9240 37.0200 34.1160 31.2120 28.3080 25.4040 22.5000 19.5960 16.6920 13.7880 10.8840 7.98000 10.8440 12.0050 13.6370 13.6080 13.5790 13.5500 11.7380 10.5760 7.69000 10.5940 13.4980 16.0480 14.8860 13.7240 13.7530 12.0810 10.9190 8.05600 8.08500 8.11400 11.0180 11.0870 12.2490 15.1530 16.3550 17.0350 17.0640 18.2260 18.4350 15.5310 12.6270 11.4650 8.60200 8.61300 11.5170 11.5870 12.7490 11.7260 8.82200 8.83400 11.7380 12.9400 15.8440 18.7480 21.6520
53.2190 54.4210 57.3250 58.5270 57.3770 54.4730 51.5690 48.6650 45.7610 42.8570 39.9530 37.0490 34.1450 31.2410 28.3370 25.4330 22.5290 19.6250 16.7210 13.8170 10.9130 8.00900 10.9130 13.8170 16.0710 16.5120 16.4830 15.8040 13.5270 10.6230 7.71900 10.6230 13.5270 13.6550 11.9820 10.8200 10.8490 10.8780 8.01500 10.9190 10.9890 11.0180 12.1790 13.9910 15.1530 16.3150 19.2190 19.9390 19.9680 21.1300 19.5960 16.6920 15.5310 12.6670 11.5060 11.5170 8.65400 8.68300 11.5870 11.6570 8.79300 11.6970 12.9000 15.8040 17.0060 19.9100 22.8140
54.3800 57.2840 58.4870 59.7990 56.8950 53.9910 51.0870 48.1830 45.2790 42.3750 39.4710 36.5670 33.6630 30.7590 27.8550 24.9510 22.0470 19.1430 16.2390 13.8460 10.9420 8.03800 10.9420 13.8460 16.7500 19.4160 19.3640 16.4600 13.5560 10.6520 7.74800 10.6520 10.7220 10.7510 10.7800 7.91600 7.94500 7.97400 10.8780 12.0810 13.8930 13.9220 15.0830 16.2450 18.0570 19.2190 20.3800 22.8430 22.8720 23.6620 20.7580 19.5960 16.7330 15.5710 14.4100 12.7200 11.5580 11.5870 8.72400 8.75300 11.6570 12.8590 15.7630 16.9650 19.8690 21.0710 23.9750
57.2440 58.4460 59.8750 58.6380 55.7340 52.8300 49.9260 47.0220 44.1180 41.2140 38.3100 35.4060 32.5020 29.5980 26.6940 23.7900 20.8860 17.9820 15.0780 12.1740 10.9710 8.06700 10.9710 13.8750 16.7790 19.6830 20.5250 17.6210 14.7170 11.8130 10.6520 7.78900 7.81800 7.84700 7.87600 7.90500 10.8090 10.8780 12.0400 14.9440 16.1460 16.8260 17.9870 19.1490 20.3110 22.1230 23.2840 24.4460 25.7760 24.8230 23.6620 20.7980 19.6370 18.4750 16.7850 15.6240 14.4620 12.7890 11.6280 11.6570 12.8180 15.7220 16.9250 19.8290 21.0310 23.9350 25.1370
54.6470 55.8090 56.9710 57.4760 54.5720 51.6680 48.7640 45.8600 42.9560 40.0520 37.1480 34.2440 31.3400 28.4360 25.5320 22.6280 19.7240 16.8200 13.9160 11.0120 8.10800 8.09600 11.0000 13.9040 16.8080 19.7120 21.1120 18.7830 15.8790 14.7170 11.8540 10.6930 10.7220 10.7510 10.7800 10.8090 11.9700 13.7820 14.9440 16.1060 19.0100 19.7300 20.8910 22.0530 23.2150 24.3760 26.1880 27.3500 28.5110 27.7270 24.8640 23.7020 22.5410 20.8510 19.6890 18.5280 16.8550 15.6930 14.5320 14.5610 15.7220 16.8840 19.7880 20.9900 23.8940 25.0960 28.0000
51.7430 52.9050 54.0670 55.2280 54.6010 51.6970 48.7930 45.8890 42.9850 40.0810 37.1770 34.2730 31.3690 28.4650 25.5610 22.6570 19.7530 16.8490 13.9450 11.0410 8.13700 11.0000 12.1620 15.0660 17.0170 17.0460 18.2080 19.3700 18.7830 15.9200 14.7580 13.5970 13.6260 13.6550 13.6840 13.7130 14.8740 16.0360 17.8480 19.0100 20.1710 22.6340 23.7950 24.9570 26.1190 27.2800 28.4420 30.2540 31.4150 28.9300 27.7680 26.6060 24.9160 23.7550 22.5930 20.9200 19.7590 18.5970 17.4360 17.4650 18.6260 19.7880 20.9490 23.8530 25.0560 27.9600 29.1620
48.8390 50.0010 51.1630 52.3240 53.4860 52.8590 49.9550 47.0510 44.1470 41.2430 38.3390 35.4350 32.5310 29.6270 26.7230 23.8190 20.9150 18.0110 15.1070 12.2030 11.0410 8.17800 11.0820 13.9860 14.1130 14.1420 15.3040 16.4660 19.3700 18.8240 17.6620 16.5010 16.5300 16.5590 16.5880 16.6170 17.7780 18.9400 20.1010 21.9140 23.0750 24.2370 26.6990 27.8610 29.0230 30.1840 31.3460 32.5070 32.9950 31.8340 30.6720 28.9820 27.8200 26.6590 24.9860 23.8240 22.6630 21.5010 20.3400 20.3690 21.5300 22.6920 23.8530 25.0150 27.9190 29.1210 32.0250
45.9350 47.0970 48.2590 49.4200 50.5820 51.7430 51.1160 48.2120 45.3080 42.4040 39.5000 36.5960 33.6920 30.7880 27.8840 24.9800 22.0760 19.1720 16.2680 14.0150 11.1110 8.20700 11.1110 11.1800 11.2090 11.2380 12.4000 15.3040 18.2080 20.5840 20.5660 19.4050 19.4340 19.4630 19.4920 19.5210 20.6820 21.8440 23.0050 24.1670 25.9790 27.1410 28.3020 30.7650 31.9270 33.0880 34.2500 35.4110 35.8990 34.7380 33.0480 31.8860 30.7240 29.0520 27.8900 26.7280 25.5670 24.4050 23.2440 23.2730 24.4340 25.5960 26.7570 27.9190 29.0810 31.9850 33.1870
43.0310 44.1930 45.3550 46.5160 47.6780 48.8390 50.0010 49.3740 46.4700 43.5660 40.6620 37.7580 34.8540 31.9500 29.0460 26.1420 23.2380 20.3340 18.0800 15.1760 12.2720 11.1110 8.24700 8.27600 8.30500 8.33400 11.2380 14.1420 16.5180 19.4220 22.3260 22.3090 22.3380 22.3670 22.3960 22.4250 23.5860 24.7480 25.9090 27.0710 28.2330 30.0450 31.2060 32.3680 34.8310 35.9920 37.1540 38.3150 38.8030 37.1130 35.9520 34.7900 33.1170 31.9560 30.7940 29.6320 28.4710 27.3090 26.1480 26.1770 27.3380 28.5000 29.6610 30.8230 31.9850 33.1460 36.0500
40.1270 41.2890 42.4510 43.6120 44.7740 45.9350 47.0970 48.2590 47.6310 44.7270 41.8230 38.9190 36.0150 33.1110 30.2070 27.3030 24.3990 22.1460 19.2420 16.3380 15.1760 12.3130 11.1510 11.1800 11.2090 8.34600 11.2500 12.4520 15.3560 18.2600 20.6530 23.5570 24.7600 25.2710 25.3000 25.3290 26.4900 27.6520 28.8130 29.9750 31.1370 32.2980 34.1100 35.2720 36.4340 38.8960 40.0580 41.2190 41.1790 40.0170 38.8560 37.1830 36.0210 34.8600 33.6980 32.5360 31.3750 30.2130 29.0520 29.0810 30.2420 31.4040 32.5650 33.7270 34.8890 36.0500 37.2120
37.2230 38.3850 39.5470 40.7080 41.8700 43.0310 44.1930 45.3550 46.5160 45.8890 42.9850 40.0810 37.1770 34.2730 31.3690 28.4650 26.2120 23.3080 20.4040 19.2420 16.3790 15.2170 14.0550 14.0840 12.4120 11.2500 8.38700 11.2910 14.1950 16.5880 19.4920 20.6940 23.5980 26.5020 27.7620 28.2330 29.3940 30.5560 31.7170 32.8790 34.0410 35.2020 36.3640 38.1760 39.3380 40.4990 42.9620 44.1230 44.0830 42.9210 41.2480 40.0870 38.9250 37.7640 36.6020 35.4400 34.2790 33.1170 31.9560 31.9850 33.1460 34.3080 35.4690 36.6310 37.7930 38.9540 40.1160
34.3190 35.4810 36.6430 37.8040 38.9660 40.1270 41.2890 42.4510 44.2630 45.4240 44.1470 41.2430 38.3390 35.4350 32.5310 30.2770 27.3730 24.4690 23.3080 20.4440 19.2830 18.1210 16.9590 16.4770 14.2240 11.3200 8.41600 11.3200 12.5220 15.4260 16.6280 19.5320 22.4360 23.6970 24.8580 27.7620 28.9640 31.8680 34.6210 35.7830 36.9450 38.1060 39.2680 40.4290 42.2420 43.4030 44.5650 47.0270 46.9870 45.3140 44.1520 42.9910 41.8290 40.6680 39.5060 38.3440 37.1830 36.0210 34.8600 34.8890 36.0500 37.2120 38.3730 39.5350 40.6970 41.8580 43.0200
31.4150 32.5770 33.7390 34.9000 36.0620 37.2230 38.3850 40.1970 41.3590 42.5200 44.3320 42.4040 39.5000 36.5960 34.3430 31.4390 28.5350 27.3730 24.5100 23.3480 22.1870 21.0250 19.8630 18.2890 15.3850 12.4810 11.3200 8.45600 11.3600 12.5630 15.4670 18.3710 19.6310 20.7930 23.6970 24.8990 27.8030 30.7070 33.1000 36.0040 37.2060 39.0180 40.1800 41.3410 43.1530 44.3150 45.4770 48.3810 49.3800 48.2180 47.0560 45.8950 44.7330 43.5720 42.4100 41.2480 40.0870 38.9250 37.7640 37.7930 38.9540 40.1160 41.2770 42.4390 43.6010 44.7620 45.9240
28.5110 29.6730 30.8350 31.9960 33.1580 34.3190 36.1320 37.2930 38.4550 40.2670 41.4280 42.5900 40.6620 38.4080 35.5040 32.6000 31.4390 28.5750 27.4140 26.2520 25.0910 23.9290 22.3550 19.4510 16.5470 14.2930 11.3890 8.48500 8.49700 11.4010 14.3050 15.5650 16.7270 19.6310 20.8330 23.7370 26.6410 29.0340 31.9380 33.1400 34.9530 36.1140 37.2760 39.0880 40.2490 41.4110 44.3150 47.2190 50.1230 51.1220 49.9600 48.7990 47.6370 46.4760 45.3140 44.1520 42.9910 41.8290 40.6680 40.6970 41.8580 43.0200 44.1810 45.3430 46.5050 47.6660 48.8280
