AppendixA/HikerMovements/data/dist_ega_1000.asc
ncols 271
nrows 294
xllcorner 698225
yllcorner 5141858
cellsize 30.00
nodata_value  557.514
[rows 203 to 231 of 294, columns 0 to 66 of 271]
108.766 107.605 106.443 105.282 104.120 102.958 101.797 100.635 99.4740 98.3120 97.1500 95.9890 93.1840 90.2800 87.3760 84.4720 81.5680 78.6640 75.7600 72.8560 69.9520 67.0480 64.1440 61.2400 58.3360 55.4320 52.5280 49.6240 46.7200 43.8160 40.9120 38.0080 35.1040 32.2000 29.2960 26.3920 23.4880 20.5840 17.6800 14.7760 11.8720 9.61800 6.71400 3.81000 6.71400 7.91600 10.8200 13.7240 16.1170 19.0210 21.9250 23.8820 26.7460 27.9070 30.7710 31.9320 34.8360 37.7400 40.6440 43.5480 46.4520 49.3560 52.0920 54.9960 57.9000 60.1530 61.8440
111.670 110.509 109.347 108.186 107.024 105.862 104.701 103.539 102.378 100.734 97.8300 94.9260 92.0220 89.1180 86.2140 83.3100 80.4060 77.5020 74.5980 71.6940 68.7900 65.8860 62.9820 60.0780 57.1740 54.2700 51.3660 48.4620 45.5580 42.6540 39.7500 36.8460 33.9420 31.0380 28.1340 25.2300 22.3260 19.4220 16.5180 13.6140 10.7100 7.80600 6.64400 3.78100 6.68500 9.58900 11.9820 14.8860 17.4940 18.6550 19.8170 22.6800 23.8420 26.7050 27.8670 30.7710 33.6750 36.5790 39.4830 42.3870 45.2910 48.0260 50.9300 53.8340 56.0880 57.7780 58.9400
114.574 113.413 112.251 111.090 109.928 108.766 107.605 105.380 102.476 99.5720 96.6680 93.7640 90.8600 87.9560 85.0520 82.1480 79.2440 76.3400 73.4360 70.5320 67.6280 64.7240 61.8200 58.9160 56.0120 53.1080 50.2040 47.3000 44.3960 41.4920 38.5880 35.6840 32.7800 29.8760 26.9720 24.0680 21.1640 18.2600 15.3560 12.4520 9.54800 6.64400 3.74000 3.75200 6.65600 9.56000 12.2660 13.4280 14.5900 15.7510 18.6150 19.7760 22.6400 23.8010 26.7050 29.6090 32.5130 35.4170 38.3210 41.2250 43.9610 46.8650 49.7690 52.0220 53.7120 54.8740 56.0360
117.478 116.317 115.155 113.994 112.832 111.159 108.255 105.351 102.447 99.5430 96.6390 93.7350 90.8310 87.9270 85.0230 82.1190 79.2150 76.3110 73.4070 70.5030 67.5990 64.6950 61.7910 58.8870 55.9830 53.0790 50.1750 47.2710 44.3670 41.4630 38.5590 35.6550 32.7510 29.8470 26.9430 24.0390 21.1350 18.2310 15.3270 12.4230 9.51900 6.61500 3.71100 6.61500 7.81800 9.39200 9.36200 10.5240 11.6860 14.5490 15.7110 18.5740 19.7360 22.6400 25.5440 28.4480 31.3520 34.2560 37.1600 39.8950 42.7990 45.7030 47.9570 49.6470 50.8080 51.9700 54.8740
120.382 119.221 118.059 116.898 114.034 111.130 108.226 105.322 102.418 99.5140 96.6100 93.7060 90.8020 87.8980 84.9940 82.0900 79.1860 76.2820 73.3780 70.4740 67.5700 64.6660 61.7620 58.8580 55.9540 53.0500 50.1460 47.2420 44.3380 41.4340 38.5300 35.6260 32.7220 29.8180 26.9140 24.0100 21.1060 18.2020 15.2980 12.3940 9.49000 6.58600 3.68200 6.54600 6.51700 6.48800 6.45800 7.62000 10.4830 11.6450 14.5080 15.6700 18.5740 21.4780 24.3820 27.2860 30.1900 33.0940 35.8300 38.7340 41.6380 43.8910 45.5810 46.7430 47.9040 50.8080 53.7120
123.286 122.125 119.831 116.927 114.023 111.119 108.215 105.311 102.407 99.5030 96.5990 93.6950 90.7910 87.8870 84.9830 82.0790 79.1750 76.2710 73.3670 70.4630 67.5590 64.6550 61.7510 58.8470 55.9430 53.0390 50.1350 47.2310 44.3270 41.4230 38.5190 35.6150 32.7110 29.8070 26.9030 23.9990 21.0950 18.1910 15.2870 12.3830 9.47900 6.57500 3.67100 3.64200 3.61300 3.58400 3.55400 6.41800 7.57900 10.4430 11.6040 14.5080 17.4120 20.3160 23.2200 26.1240 29.0280 31.7640 34.6680 37.5720 39.8250 41.5160 42.6770 43.8390 46.7430 49.6470 52.5510
126.190 123.896 120.992 118.088 115.184 112.280 109.376 106.472 103.568 100.664 97.7600 94.8560 91.9520 89.0480 86.1440 83.2400 80.3360 77.4320 74.5280 71.6240 68.7200 65.8160 62.9120 60.0080 57.1040 54.2000 51.2960 48.3920 45.4880 42.5840 39.6800 36.7760 33.8720 30.9680 28.0640 25.1600 22.2560 19.3520 16.4480 13.5440 10.6400 7.73600 6.57500 6.54600 6.51700 6.44700 3.54300 3.51400 6.37700 7.53900 10.4430 13.3470 16.2510 19.1550 22.0590 24.9630 27.6980 30.6020 33.5060 35.7600 37.4500 38.6120 39.7730 42.6770 45.5810 48.4850 51.3890
127.962 125.058 122.154 119.250 116.346 113.442 110.538 107.634 104.730 101.826 98.9220 96.0180 93.1140 90.2100 87.3060 84.4020 81.4980 78.5940 75.6900 72.7860 69.8820 66.9780 64.0740 61.1700 58.2660 55.3620 52.4580 49.5540 46.6500 43.7460 40.8420 37.9380 35.0340 32.1300 29.2260 26.3220 23.4180 20.5140 17.6100 14.7060 11.8020 10.6400 9.47900 9.45000 9.42100 7.60800 6.44700 6.37700 3.47300 6.37700 9.28100 12.1850 15.0890 17.9930 20.8970 23.6330 26.5370 29.4410 31.6940 33.3840 34.5460 35.7080 38.6120 41.5160 44.4200 47.3240 50.2280
129.123 126.219 123.315 120.411 117.507 114.603 111.699 108.795 105.891 102.987 100.083 97.1790 94.2750 91.3710 88.4670 85.5630 82.6590 79.7550 76.8510 73.9470 71.0430 68.1390 65.2350 62.3310 59.4270 56.5230 53.6190 50.7150 47.8110 44.9070 42.0030 39.0990 36.1950 33.2910 30.3870 27.4830 24.5790 21.6750 18.7710 15.8670 14.7060 13.5440 12.3830 12.3540 11.6740 10.5120 9.25200 6.34800 3.44400 6.34800 9.25200 11.5060 14.4100 17.3140 19.5670 22.4710 25.3750 27.6290 29.3190 30.4800 31.6420 34.5460 37.4500 40.3540 43.2580 46.1620 47.7650
130.285 127.381 124.477 121.573 118.669 115.765 112.861 109.957 107.053 104.149 101.245 98.3410 95.4370 92.5330 89.6290 86.7250 83.8210 80.9170 78.0130 75.1090 72.2050 69.3010 66.3970 63.4930 60.5890 57.6850 54.7810 51.8770 48.9730 46.0690 43.1650 40.2610 37.3570 34.4530 31.5490 28.6450 25.7410 22.8370 19.9330 18.7710 17.6100 16.4480 15.2870 15.2580 14.5780 12.1270 9.22300 6.31900 3.41500 6.27800 7.44000 10.3440 13.2480 15.5020 18.4060 21.3100 23.5630 25.2530 26.4150 27.5760 30.4800 33.3840 36.2880 39.1920 42.0960 43.6990 46.6030
131.383 128.543 125.639 122.735 119.831 116.927 114.023 111.119 108.215 105.311 102.407 99.5030 96.5990 93.6950 90.7910 87.8870 84.9830 82.0790 79.1750 76.2710 73.3670 70.4630 67.5590 64.6550 61.7510 58.8470 55.9430 53.0390 50.1350 47.2310 44.3270 41.4230 38.5190 35.6150 32.7110 29.8070 26.9030 23.9990 22.8370 21.6750 20.5140 19.3520 18.1910 17.9060 15.0020 12.0980 9.19400 6.29000 3.38600 3.37400 6.27800 9.18200 11.4360 14.3400 17.2440 19.4970 21.1880 22.3490 23.5110 26.4150 29.3190 32.2230 35.1270 38.0310 39.6340 42.5380 45.4420
128.479 128.450 126.800 123.896 120.992 118.088 115.184 112.280 109.376 106.472 103.568 100.664 97.7600 94.8560 91.9520 89.0480 86.1440 83.2400 80.3360 77.4320 74.5280 71.6240 68.7200 65.8160 62.9120 60.0080 57.1040 54.2000 51.2960 48.3920 45.4880 42.5840 39.6800 36.7760 33.8720 30.9680 28.0640 26.9030 25.7410 24.5790 23.4180 22.2560 21.0950 19.0680 16.1640 13.2600 10.3560 7.45200 6.24900 3.34500 6.20900 7.37000 10.2740 13.1780 15.4320 17.1220 18.2840 19.4450 22.3490 25.2530 28.1570 31.0610 33.9650 35.5680 38.4720 41.3760 44.2800
125.575 125.546 126.707 125.058 122.154 119.250 116.346 113.442 110.538 107.634 104.730 101.826 98.9220 96.0180 93.1140 90.2100 87.3060 84.4020 81.4980 78.5940 75.6900 72.7860 69.8820 66.9780 64.0740 61.1700 58.2660 55.3620 52.4580 49.5540 46.6500 43.7460 40.8420 37.9380 35.0340 32.1300 30.9680 29.8070 28.6450 27.4830 26.3220 25.1600 23.1330 20.2290 17.3250 14.4210 11.5170 9.12400 6.22000 3.31600 3.30500 6.20900 9.11300 11.3660 13.0560 14.2180 15.3800 18.2840 21.1880 24.0920 26.9960 29.9000 31.5030 34.4070 37.3110 40.2150 43.1190
122.671 122.642 123.803 124.965 123.315 120.411 117.507 114.603 111.699 108.795 105.891 102.987 100.083 97.1790 94.2750 91.3710 88.4670 85.5630 82.6590 79.7550 76.8510 73.9470 71.0430 68.1390 65.2350 62.3310 59.4270 56.5230 53.6190 50.7150 47.8110 44.9070 42.0030 39.0990 36.1950 35.0340 33.8720 32.7110 31.5490 30.3870 29.2260 27.1990 24.2950 21.3910 18.4870 15.5830 13.1900 10.2860 7.38200 6.18000 3.27600 6.13900 7.30100 8.99100 10.1520 11.3140 14.2180 17.1220 20.0260 22.9300 25.8340 27.4370 30.3410 33.2450 36.1490 39.0530 41.9570
119.767 119.738 120.899 122.061 123.223 121.573 118.669 115.765 112.861 109.957 107.053 104.149 101.245 98.3410 95.4370 92.5330 89.6290 86.7250 83.8210 80.9170 78.0130 75.1090 72.2050 69.3010 66.3970 63.4930 60.5890 57.6850 54.7810 51.8770 48.9730 46.0690 43.1650 40.2610 39.0990 37.9380 36.7760 35.6150 34.4530 33.2910 31.2640 28.3600 25.4560 22.5520 19.6480 17.2560 14.3520 11.4480 9.05500 6.15100 3.24700 3.23500 6.09800 6.08700 7.24800 10.1520 13.0560 15.9600 18.8640 21.7680 23.3710 26.2750 29.1790 32.0830 34.9870 37.8910 40.7950
116.863 116.834 117.995 119.157 120.319 121.480 119.831 116.927 114.023 111.119 108.215 105.311 102.407 99.5030 96.5990 93.6950 90.7910 87.8870 84.9830 82.0790 79.1750 76.2710 73.3670 70.4630 67.5590 64.6550 61.7510 58.8470 55.9430 53.0390 50.1350 47.2310 44.3270 43.1650 42.0030 40.8420 39.6800 38.5190 37.3570 35.3300 32.4260 29.5220 26.6180 23.7140 21.3210 18.4170 15.5130 13.1200 10.2160 7.31200 6.11000 3.20600 3.19400 3.18300 6.08700 8.99100 11.8950 14.7990 17.7030 19.3060 22.2100 25.1140 28.0180 30.9220 33.8260 36.7300 39.6340
113.959 113.930 115.091 116.253 117.415 118.576 119.738 118.088 115.184 112.280 109.376 106.472 103.568 100.664 97.7600 94.8560 91.9520 89.0480 86.1440 83.2400 80.3360 77.4320 74.5280 71.6240 68.7200 65.8160 62.9120 60.0080 57.1040 54.2000 51.2960 48.3920 47.2310 46.0690 44.9070 43.7460 42.5840 41.4230 39.3960 36.4920 33.5880 30.6840 27.7800 25.3870 22.4830 19.5790 17.1860 14.2820 11.3780 10.1760 7.27200 6.06900 3.16500 3.15400 6.05800 8.96200 11.2150 14.0790 15.2400 18.1440 21.0480 23.9520 26.8560 29.7600 32.6640 35.5680 38.4720
111.055 111.026 112.187 113.349 114.511 115.672 116.834 117.995 116.346 113.442 110.538 107.634 104.730 101.826 98.9220 96.0180 93.1140 90.2100 87.3060 84.4020 81.4980 78.5940 75.6900 72.7860 69.8820 66.9780 64.0740 61.1700 58.2660 55.3620 52.4580 51.2960 50.1350 48.9730 47.8110 46.6500 45.4880 43.4610 40.5570 37.6530 34.7490 31.8450 29.4520 26.5480 23.6440 21.2510 18.3470 15.4430 14.2410 11.3370 8.96200 6.05800 3.15400 3.12500 5.98800 7.15000 10.0130 11.1750 14.0790 16.9830 19.8870 22.7910 25.6950 28.5990 31.5030 34.4070 37.3110
108.151 108.122 109.283 110.445 111.607 112.768 113.930 115.091 116.253 114.603 111.699 108.795 105.891 102.987 100.083 97.1790 94.2750 91.3710 88.4670 85.5630 82.6590 79.7550 76.8510 73.9470 71.0430 68.1390 65.2350 62.3310 59.4270 56.5230 55.3620 54.2000 53.0390 51.8770 50.7150 49.5540 47.5270 44.6230 41.7190 38.8150 35.9110 33.5180 30.6140 27.7100 25.3170 22.4130 19.5090 18.3070 15.4030 13.0270 10.1230 7.21900 6.01700 3.11300 3.08400 5.94700 7.10900 10.0130 12.9170 15.8210 18.7250 21.6290 24.5330 27.4370 30.3410 33.2450 36.1490
105.247 105.218 106.379 107.541 108.703 109.864 111.026 112.187 113.349 114.511 112.861 109.957 107.053 104.149 101.245 98.3410 95.4370 92.5330 89.6290 86.7250 83.8210 80.9170 78.0130 75.1090 72.2050 69.3010 66.3970 63.4930 60.5890 59.4270 58.2660 57.1040 55.9430 54.7810 53.6190 51.5920 48.6880 45.7840 42.8800 39.9760 37.5840 34.6800 31.7760 29.3830 26.4790 23.5750 22.3720 19.4680 17.0930 14.1890 11.2850 10.0830 7.17900 6.01700 5.94700 3.04300 5.94700 8.85100 11.7550 14.6590 17.5630 20.4670 23.3710 26.2750 29.1790 32.0830 34.9870
102.343 102.314 103.475 104.637 105.799 106.960 108.122 109.283 110.445 111.607 112.768 111.119 108.215 105.311 102.407 99.5030 96.5990 93.6950 90.7910 87.8870 84.9830 82.0790 79.1750 76.2710 73.3670 70.4630 67.5590 64.6550 63.4930 62.3310 61.1700 60.0080 58.8470 57.6850 55.6580 52.7540 49.8500 46.9460 44.0420 41.6490 38.7450 35.8410 33.4480 30.5440 27.6400 26.4380 23.5340 21.1590 18.2550 15.3510 14.1480 11.2440 9.94300 7.03900 5.87800 3.01400 5.91800 8.82200 11.7260 14.6300 17.5340 20.4380 23.3420 26.2460 29.1500 32.0540 34.9580
99.4390 99.4100 100.571 101.733 102.895 104.056 105.218 106.379 107.541 108.703 109.864 111.026 109.376 106.472 103.568 100.664 97.7600 94.8560 91.9520 89.0480 86.1440 83.2400 80.3360 77.4320 74.5280 71.6240 68.7200 67.5590 66.3970 65.2350 64.0740 62.9120 61.7510 59.7240 56.8200 53.9160 51.0120 48.1080 45.7150 42.8110 39.9070 37.5140 34.6100 31.7060 30.5040 27.6000 25.2240 22.3200 19.4160 17.4940 14.5900 11.6860 8.78200 5.87800 2.97400 2.98500 5.88900 8.79300 11.6970 14.6010 17.5050 20.4090 23.3130 26.2170 29.1210 32.0250 34.9290
96.5350 96.5060 97.6670 98.8290 99.9910 101.152 102.314 103.475 104.637 105.799 106.960 108.122 109.283 107.634 104.730 101.826 98.9220 96.0180 93.1140 90.2100 87.3060 84.4020 81.4980 78.5940 75.6900 72.7860 71.6240 70.4630 69.3010 68.1390 66.9780 65.8160 63.7890 60.8850 57.9810 55.0770 52.1730 49.7800 46.8760 43.9720 41.5790 38.6750 35.7710 34.5690 31.6650 29.0810 26.1770 23.2730 20.3690 17.4650 14.5610 11.6570 8.75300 5.84900 2.94500 5.84900 7.05100 9.95500 12.8590 15.7630 18.6670 21.5710 24.4750 27.3790 30.2830 33.1870 36.0910
93.6310 93.6020 94.7630 95.9250 97.0870 98.2480 99.4100 100.571 101.733 102.895 104.056 105.218 106.379 107.541 105.891 102.987 100.083 97.1790 94.2750 91.3710 88.4670 85.5630 82.6590 79.7550 76.8510 75.6900 74.5280 73.3670 72.2050 71.0430 69.8820 67.8550 64.9510 62.0470 59.1430 56.2390 53.8460 50.9420 48.0380 45.6450 42.7410 39.8370 37.7640 34.8600 31.9560 29.0520 26.1480 23.2440 20.3400 17.4360 14.5320 11.6280 8.72400 5.82000 2.91600 5.82000 8.72400 11.1170 14.0210 16.9250 19.8290 22.7330 25.6370 28.5410 31.4450 34.3490 37.2530
90.7270 90.6980 91.8590 93.0210 94.1830 95.3440 96.5060 97.6670 98.8290 99.9910 101.152 102.314 103.475 104.637 105.799 104.149 101.245 98.3410 95.4370 92.5330 89.6290 86.7250 83.8210 80.9170 79.7550 78.5940 77.4320 76.2710 75.1090 73.9470 71.9200 69.0160 66.1120 63.2080 60.3040 57.6850 54.7810 51.8770 48.9730 46.0690 43.1650 40.6390 37.7350 34.8310 31.9270 29.0230 26.1190 23.2150 20.3110 17.4070 14.5030 11.5990 8.69500 5.79100 2.88700 5.79100 8.69500 11.5990 14.5030 17.4070 20.3110 23.2150 26.1190 29.0230 31.9270 34.8310 37.7350
87.8230 87.7940 88.9550 90.1170 91.2790 92.4400 93.6020 94.7630 95.9250 97.0870 98.2480 99.4100 100.571 101.733 102.895 104.056 102.407 99.5030 96.5990 93.6950 90.7910 87.8870 84.9830 83.8210 82.6590 81.4980 80.3360 78.2400 75.3360 73.9470 71.0430 68.1390 65.2350 62.3310 59.4270 56.5230 53.6190 50.7150 47.8110 44.9070 42.0030 39.0990 37.7060 34.8020 31.8980 28.9940 26.0900 23.1860 20.2820 17.3780 14.4740 11.5700 8.66600 5.76200 2.85800 5.76200 8.66600 11.5700 14.4740 17.3780 20.2820 23.1860 26.0900 28.9940 31.8980 34.8020 37.7060
84.9190 84.8900 86.0510 87.2130 88.3750 89.5360 90.6980 91.8590 93.0210 94.1830 95.3440 96.5060 97.6670 98.8290 99.9910 101.152 102.314 100.664 97.7600 94.8560 91.9520 89.0480 87.8870 86.7250 85.5630 82.8860 79.9820 77.0780 74.1740 71.2700 69.8820 66.9780 64.0740 61.1700 58.2660 55.3620 52.4580 49.5540 46.6500 43.7460 40.8420 37.9380 35.0340 33.8720 31.0090 28.3140 25.4100 22.5060 19.6020 16.6980 13.7940 10.8900 8.63600 5.73200 2.82800 5.73200 8.63600 11.5400 14.4440 17.3480 20.2520 23.1560 26.0600 28.9640 31.8680 34.7720 37.6760
82.0150 81.9860 83.1470 84.3090 85.4710 86.6320 87.7940 88.9550 90.1170 91.2790 92.4400 93.6020 94.7630 95.9250 97.0870 98.2480 99.4100 100.571 98.9220 96.0180 93.1140 91.9520 90.4360 87.5320 84.6280 81.7240 78.8200 75.9160 73.0120 70.1080 67.2040 65.8160 62.9120 60.0080 57.1040 54.2000 51.2960 48.3920 45.4880 42.5840 39.6800 36.7760 33.8720 30.9680 29.8070 26.9430 24.2480 21.3440 18.4400 15.5360 12.6320 9.72800 6.82400 5.66300 2.79900 5.70300 8.60700 11.5110 14.4150 17.3190 20.2230 23.1270 26.0310 28.9350 31.8390 34.7430 37.6470
79.1110 79.0820 80.2430 81.4050 82.5670 83.7280 84.8900 86.0510 87.2130 88.3750 89.5360 90.6980 91.8590 93.0210 94.1830 95.3440 96.5060 97.6670 98.8290 97.1790 95.0830 92.1790 89.2750 86.3710 83.4670 80.5630 77.6590 74.7550 71.8510 68.9470 66.0430 63.1390 61.7510 58.8470 55.9430 53.0390 50.1350 47.2310 44.3270 41.4230 38.5190 35.6150 32.7110 29.8070 26.9030 25.7410 22.8780 20.1830 17.2790 14.3750 11.4710 8.56700 5.66300 2.75900 5.66300 6.86500 9.76900 12.6730 15.5770 18.4810 21.3850 24.2890 27.1930 30.0970 33.0010 35.9050 38.8090
