AppendixA/HikerMovements/data/dist_fassa_1000.asc
ncols 271
nrows 294
xllcorner 698225
yllcorner 5141858
cellsize 30.00
nodata_value  546.543
[rows 29 to 57 of 294, columns 0 to 66 of 271]
62.0120 60.8500 59.6890 58.5270 57.3660 56.2040 55.0420 55.0540 55.0660 56.2270 57.3890 58.5500 59.7120 60.8740 62.0350 63.1970 64.3580 65.5200 66.6820 67.8430 69.0050 71.9090 74.8130 77.7170 80.6210 83.5250 86.4290 89.3330 92.2370 94.7520 95.9130 97.0750 98.7480 99.9090 101.071 103.934 105.096 106.600 107.762 108.923 110.085 111.246 112.408 113.570 114.731 115.893 117.054 119.918 121.079 122.770 123.931 125.093 127.997 130.901 133.805 136.709 139.613 142.517 145.421 148.325 151.229 154.133 157.037 159.941 162.845 165.749 168.653
59.1080 57.9460 56.7850 55.6230 54.4620 53.3000 52.1380 52.1500 52.1620 53.3230 54.4850 55.6460 56.8080 57.9700 59.1310 60.2930 61.4540 62.6160 63.7780 64.9390 67.8430 70.7470 73.6510 76.5550 79.4590 82.3630 85.2670 88.1710 90.6860 91.8480 93.0090 94.6820 95.8440 97.0050 99.8690 101.030 102.534 103.696 104.858 106.019 107.181 108.342 109.504 110.666 111.827 112.989 115.852 117.014 118.704 119.866 121.027 123.931 126.835 129.739 132.643 135.547 138.451 141.355 144.259 147.163 150.067 152.971 155.875 158.779 161.683 164.587 167.491
56.2040 55.0420 53.8810 52.7190 51.5580 50.3960 49.2340 49.2460 49.2580 50.4190 51.5810 52.7420 53.9040 55.0660 56.2270 57.3890 58.5500 59.7120 60.8740 63.7780 66.6820 69.5860 72.4900 75.3940 78.2980 81.2020 84.1060 86.6210 87.7820 88.9440 90.6160 91.7780 92.9400 95.8030 96.9650 98.4690 99.6300 100.792 101.954 103.115 104.277 105.438 106.600 107.762 108.923 111.787 112.948 114.638 115.800 116.962 119.866 122.770 125.674 128.578 131.482 134.386 137.290 140.194 143.098 146.002 148.906 151.810 154.714 157.618 160.522 163.426 166.330
53.3000 52.1380 50.9770 49.8150 48.6540 47.4920 46.3300 46.3420 46.3540 47.5150 48.6770 49.8380 51.0000 52.1620 53.3230 54.4850 55.6460 56.8080 59.7120 62.6160 65.5200 68.4240 71.3280 74.2320 77.1360 80.0400 82.5550 83.7170 84.8780 86.5510 87.7120 88.8740 91.7370 92.8990 94.4030 95.5650 96.7260 97.8880 99.0500 100.211 101.373 102.534 103.696 104.858 107.721 108.883 110.573 111.734 112.896 115.800 118.704 121.608 124.512 127.416 130.320 133.224 136.128 139.032 141.936 144.840 147.744 150.648 153.552 156.456 159.360 162.264 165.168
50.3960 49.2340 48.0730 46.9110 45.7500 44.5880 43.4260 43.4380 43.4500 44.6110 45.7730 46.9340 48.0960 49.2580 50.4190 51.5810 52.7420 55.6460 58.5500 61.4540 64.3580 67.2620 70.1660 73.0700 75.9740 78.4890 79.6510 80.8130 82.4850 83.6470 84.8080 87.6720 88.8330 90.3380 91.4990 92.6610 93.8220 94.9840 96.1460 97.3070 98.4690 99.6300 100.792 103.655 104.817 106.507 107.669 108.830 111.734 114.638 117.542 120.446 123.350 126.254 129.158 132.062 134.966 137.870 140.774 143.678 146.582 149.486 152.390 155.294 158.198 161.102 164.006
47.4920 46.3300 45.1690 44.0070 42.8460 41.6840 40.5220 40.5340 40.5460 41.7070 42.8690 44.0300 45.1920 46.3540 47.5150 48.6770 51.5810 54.4850 57.3890 60.2930 63.1970 66.1010 69.0050 71.9090 74.4240 75.5850 76.7470 78.4200 79.5810 80.7430 83.6060 84.7680 86.2720 87.4340 88.5950 89.7570 90.9180 92.0800 93.2420 94.4030 95.5650 96.7260 99.5900 100.751 102.442 103.603 104.765 107.669 110.573 113.477 116.381 119.285 122.189 125.093 127.997 130.901 133.805 136.709 139.613 142.517 145.421 148.325 151.229 154.133 157.037 159.941 162.845
44.5880 43.4260 42.2650 41.1030 39.9420 38.7800 37.6180 37.6300 37.6420 38.8030 39.9650 41.1260 42.2880 43.4500 44.6110 47.5150 50.4190 53.3230 56.2270 59.1310 62.0350 64.9390 67.8430 70.3580 71.5200 72.6810 74.3540 75.5160 76.6770 79.5410 80.7020 82.2060 83.3680 84.5300 85.6910 86.8530 88.0140 89.1760 90.3380 91.4990 92.6610 95.5240 96.6860 98.3760 99.5380 100.699 103.603 106.507 109.411 112.315 115.219 118.123 121.027 123.931 126.835 129.739 132.643 135.547 138.451 141.355 144.259 147.163 150.067 152.971 155.875 158.779 161.567
41.7770 40.5220 39.3610 38.1990 37.0380 35.8760 34.7140 34.7260 34.7380 35.8990 37.0610 38.2220 39.3840 40.5460 43.4500 46.3540 49.2580 52.1620 55.0660 57.9700 60.8740 63.7780 66.2930 67.4540 68.6160 70.2880 71.4500 72.6120 75.4750 76.6370 78.1410 79.3020 80.4640 81.6260 82.7870 83.9490 85.1100 86.2720 87.4340 88.5950 91.4590 92.6200 94.3100 95.4720 96.6340 99.5380 102.442 105.346 108.250 111.154 114.058 116.962 119.866 122.770 125.674 128.578 131.482 134.386 137.290 140.194 143.098 146.002 148.906 151.810 154.714 157.501 158.663
38.8730 38.1700 36.4570 35.2950 34.1340 32.9720 31.8100 31.8220 31.8340 32.9950 34.1570 35.3180 36.4800 39.3840 42.2880 45.1920 48.0960 51.0000 53.9040 56.8080 59.7120 62.2270 63.3890 64.5500 66.2230 67.3840 68.5460 71.4090 72.5710 74.0750 75.2370 76.3980 77.5600 78.7220 79.8830 81.0450 82.2060 83.3680 84.5300 87.3930 88.5550 90.2450 91.4060 92.5680 95.4720 98.3760 101.280 104.184 107.088 109.992 112.896 115.800 118.704 121.608 124.512 127.416 130.320 133.224 136.128 139.032 141.936 144.840 147.744 150.648 153.436 154.597 155.759
35.9690 35.2660 34.1050 32.3910 31.2300 30.0680 28.9060 28.9180 28.9300 30.0910 31.2530 32.4140 35.3180 38.2220 41.1260 44.0300 46.9340 49.8380 52.7420 55.6460 58.1610 59.3230 60.4850 62.1570 63.3190 64.4800 67.3440 68.5050 70.0100 71.1710 72.3330 73.4940 74.6560 75.8180 76.9790 78.1410 79.3020 80.4640 83.3270 84.4890 86.1790 87.3410 88.5020 91.4060 94.3100 97.2140 100.118 103.022 105.926 108.830 111.734 114.638 117.542 120.446 123.350 126.254 129.158 132.062 134.966 137.870 140.774 143.678 146.582 149.370 150.532 151.693 152.855
33.0650 32.3620 31.2010 30.0390 28.3260 27.1640 26.0020 26.0140 26.0260 27.1870 28.3490 31.2530 34.1570 37.0610 39.9650 42.8690 45.7730 48.6770 51.5810 54.0960 55.2570 56.4190 58.0920 59.2530 60.4150 63.2780 64.4400 65.9440 67.1060 68.2670 69.4290 70.5900 71.7520 72.9140 74.0750 75.2370 76.3980 79.2620 80.4230 82.1140 83.2750 84.4370 87.3410 90.2450 93.1490 96.0530 98.9570 101.861 104.765 107.669 110.573 113.477 116.381 119.285 122.189 125.093 127.997 130.901 133.805 136.709 139.613 142.517 145.305 146.466 147.628 148.789 151.653
30.1610 31.2010 28.2970 27.1350 25.9730 24.2600 23.0980 23.1100 23.1220 24.2830 27.1870 30.0910 32.9950 35.8990 38.8030 41.7070 44.6110 47.5150 50.0300 51.1920 52.3530 54.0260 55.1880 56.3490 59.2130 60.3740 61.8780 63.0400 64.2020 65.3630 66.5250 67.6860 68.8480 70.0100 71.1710 72.3330 75.1960 76.3580 78.0480 79.2100 80.3710 83.2750 86.1790 89.0830 91.9870 94.8910 97.7950 100.699 103.603 106.507 109.411 112.315 115.219 118.123 121.027 123.931 126.835 129.739 132.643 135.547 138.451 141.239 142.401 143.562 144.724 147.587 148.749
27.2570 28.2970 27.1350 24.2310 23.0690 23.0580 20.1940 20.2060 20.2180 23.1220 26.0260 28.9300 31.8340 34.7380 37.6420 40.5460 43.4500 45.9650 47.1260 48.2880 49.9600 51.1220 52.2840 55.1470 56.3090 57.8130 58.9740 60.1360 61.2980 62.4590 63.6210 64.7820 65.9440 67.1060 68.2670 71.1310 72.2920 73.9820 75.1440 76.3060 79.2100 82.1140 85.0180 87.9220 90.8260 93.7300 96.6340 99.5380 102.442 105.346 108.250 111.154 114.058 116.962 119.866 122.770 125.674 128.578 131.482 134.386 137.173 138.335 139.497 140.658 143.521 144.683 147.587
24.3530 27.1350 24.2310 23.0690 20.1650 20.1540 20.1650 20.1770 20.2060 23.1100 26.0140 28.9180 31.8220 34.7260 37.6300 40.5340 41.8990 43.0610 44.2220 45.8950 47.0560 48.2180 51.0810 52.2430 53.7470 54.9090 56.0700 57.2320 58.3940 59.5550 60.7170 61.8780 63.0400 64.2020 67.0650 68.2270 69.9170 71.0780 72.2400 75.1440 78.0480 80.9520 83.8560 86.7600 89.6640 92.5680 95.4720 98.3760 101.280 104.184 107.088 109.992 112.896 115.800 118.704 121.608 124.512 127.416 130.320 133.108 134.269 135.431 136.593 139.456 140.617 143.521 146.425
24.3240 25.9730 23.0690 20.1650 20.1360 20.1250 20.1360 23.0400 23.1100 24.2720 27.1760 30.0800 32.9840 35.5100 36.6720 37.8330 38.9950 40.1570 41.8290 42.9910 44.1520 47.0160 48.1770 49.6820 50.8430 52.0050 53.1660 54.3280 55.4900 56.6510 57.8130 58.9740 60.1360 62.9990 64.1610 65.8510 67.0130 68.1740 71.0780 73.9820 76.8860 79.7900 82.6940 85.5980 88.5020 91.4060 94.3100 97.2140 100.118 103.022 105.926 108.830 111.734 114.638 117.542 120.446 123.350 126.254 129.042 130.204 131.365 132.527 135.390 136.552 139.456 142.360 145.264
27.1870 24.2830 23.0810 20.1770 23.0000 20.0960 23.0000 24.2020 26.0140 27.1760 28.3370 31.2410 31.4450 32.6060 33.7680 34.9290 36.0910 37.7640 38.9250 40.0870 42.9500 44.1120 45.6160 46.7780 47.9390 49.1010 50.2620 51.4240 52.5860 53.7470 54.9090 56.0700 58.9340 60.0950 61.7860 62.9470 64.1090 67.0130 69.9170 72.8210 75.7250 78.6290 81.5330 84.4370 87.3410 90.2450 93.1490 96.0530 98.9570 101.861 104.765 107.669 110.573 113.477 116.381 119.285 122.189 124.977 126.138 127.300 128.461 131.325 132.486 135.390 138.294 141.198 144.102
26.0260 23.1220 20.2180 20.2060 22.9710 20.0670 22.9300 24.0920 26.9550 28.1170 28.5990 28.5700 28.5410 29.7020 30.8640 32.0250 33.6980 34.8600 36.0210 38.8850 40.0460 42.2300 42.7120 43.8740 45.0350 46.1970 47.3580 48.5200 49.6820 50.8430 52.0050 54.8680 56.0300 57.7200 58.8820 60.0430 62.9470 65.8510 68.7550 71.6590 74.5630 77.4670 80.3710 83.2750 86.1790 89.0830 91.9870 94.8910 97.7950 100.699 103.603 106.507 109.411 112.315 115.219 118.123 120.911 122.073 123.234 124.396 127.259 128.421 131.325 134.229 137.133 140.037 142.941
24.3530 23.1510 20.2470 23.1100 22.9590 20.0550 20.0260 22.8890 24.0510 25.7240 25.6950 25.6660 25.6370 26.7980 27.9600 29.6320 30.7940 31.9560 34.8190 35.9810 38.1640 39.3260 39.8080 40.9700 42.1310 43.2930 44.4540 45.6160 46.7780 47.9390 50.8030 51.9640 53.6540 54.8160 55.9780 58.8820 61.7860 64.6900 67.5940 70.4980 73.4020 76.3060 79.2100 82.1140 85.0180 87.9220 90.8260 93.7300 96.6340 99.5380 102.442 105.346 108.250 111.154 114.058 116.845 118.007 119.169 120.330 123.193 124.355 127.259 130.163 133.067 135.971 138.875 141.779
23.1910 20.2870 23.1510 24.3120 24.1210 22.9180 20.0140 19.9850 22.8490 22.8200 22.7910 22.7620 22.7330 23.8940 25.5670 26.7280 27.8900 30.7530 31.9150 34.0990 35.2600 36.4220 36.9040 38.0660 39.2270 40.3890 41.5500 42.7120 43.8740 46.7370 47.8990 49.5890 50.7500 51.9120 54.8160 57.7200 60.6240 63.5280 66.4320 69.3360 72.2400 75.1440 78.0480 80.9520 83.8560 86.7600 89.6640 92.5680 95.4720 98.3760 101.280 104.184 107.088 109.992 112.780 113.941 115.103 116.265 119.128 120.289 123.193 126.097 129.001 131.905 134.809 137.713 140.617
20.3280 23.1910 20.3280 23.2320 24.4340 24.0800 22.9180 22.8490 19.9450 19.9160 19.8870 19.8580 19.8290 22.6920 22.6630 23.8240 26.6880 27.8490 30.7130 31.1950 32.3560 33.5180 34.0000 35.1620 36.3230 37.4850 38.6460 39.8080 42.6710 43.8330 45.5230 46.6850 47.8460 50.7500 53.6540 56.5580 59.4620 62.3660 65.2700 68.1740 71.0780 73.9820 76.8860 79.7900 82.6940 85.5980 88.5020 91.4060 94.3100 97.2140 100.118 103.022 105.926 108.714 109.876 111.037 112.199 115.062 116.224 119.128 122.032 124.936 127.840 130.744 133.648 136.552 139.456
20.3570 20.3690 20.3570 20.3690 23.2730 26.1770 25.8220 24.0100 22.8490 22.8200 22.7910 22.7620 22.6920 19.7880 19.7590 22.6220 23.7840 26.6470 27.8090 28.2910 29.4520 30.6140 31.0960 32.2580 33.4190 34.5810 35.7420 38.6060 39.7670 41.4580 42.6190 43.7810 46.6850 49.5890 52.4930 55.3970 58.3010 61.2050 64.1090 67.0130 69.9170 72.8210 75.7250 78.6290 81.5330 84.4370 87.3410 90.2450 93.1490 96.0530 98.9570 101.861 104.649 105.810 106.972 108.133 110.997 112.158 115.062 117.966 120.870 123.774 126.678 129.582 132.486 135.390 138.294
23.2610 20.3980 20.3860 20.3980 23.3020 26.2060 28.0760 26.9140 25.7530 25.7240 25.6950 25.6660 23.8530 22.6920 22.6220 19.7180 22.5820 23.7430 25.4160 25.3870 26.5480 27.7100 28.1920 29.3540 30.5150 31.6770 34.5400 35.7020 37.3920 38.5540 39.7150 42.6190 45.5230 48.4270 51.3310 54.2350 57.1390 60.0430 62.9470 65.8510 68.7550 71.6590 74.5630 77.4670 80.3710 83.2750 86.1790 89.0830 91.9870 94.8910 97.7950 100.583 101.745 102.906 104.068 106.931 108.093 110.997 113.901 116.805 119.709 122.613 125.517 128.421 131.325 134.229 137.133
24.4630 23.3020 23.2900 20.4270 23.3310 26.2350 29.1390 29.8180 28.6570 28.6280 28.5990 27.9190 26.7570 25.5150 22.6110 19.7070 19.6780 22.5410 22.5120 22.4830 23.6440 25.3170 25.2880 26.4500 27.6110 30.4750 31.6360 33.3260 34.4880 35.6500 38.5540 41.4580 44.3620 47.2660 50.1700 53.0740 55.9780 58.8820 61.7860 64.6900 67.5940 70.4980 73.4020 76.3060 79.2100 82.1140 85.0180 87.9220 90.8260 93.7300 96.5170 97.6790 98.8410 100.002 102.865 104.027 106.931 109.835 112.739 115.643 118.547 121.451 124.355 127.259 130.163 133.067 135.971
27.3670 26.2060 24.4920 23.3310 24.4920 27.3960 30.3000 32.7220 31.5610 31.5320 31.5030 30.8230 29.5800 26.6760 23.7720 22.5700 19.6660 19.6370 19.6080 19.5790 22.4420 22.4130 22.3840 23.5460 26.4090 27.5710 29.2610 30.4220 31.5840 34.4880 37.3920 40.2960 43.2000 46.1040 49.0080 51.9120 54.8160 57.7200 60.6240 63.5280 66.4320 69.3360 72.2400 75.1440 78.0480 80.9520 83.8560 86.7600 89.6640 92.4520 93.6130 94.7750 95.9370 98.8000 99.9610 102.865 105.769 108.673 111.577 114.481 117.385 120.289 123.193 126.097 129.001 131.905 134.809
30.2710 28.5580 27.3960 26.2350 27.3960 28.5580 31.4620 34.3660 34.4650 34.4360 34.4070 33.6460 30.7420 27.8380 26.6350 23.7310 22.5700 22.5410 22.5120 22.4420 19.5380 19.5090 19.4800 22.3430 23.5050 25.1950 26.3570 27.5180 30.4220 33.3260 36.2300 39.1340 42.0380 44.9420 47.8460 50.7500 53.6540 56.5580 59.4620 62.3660 65.2700 68.1740 71.0780 73.9820 76.8860 79.7900 82.6940 85.5980 88.3860 89.5480 90.7090 91.8710 94.7340 95.8960 98.8000 101.704 104.608 107.512 110.416 113.320 116.224 119.128 122.032 124.936 127.840 130.744 133.648
32.6240 31.4620 30.3000 29.1390 30.3000 31.4620 32.6240 35.5280 37.3690 37.3400 37.3110 34.8070 31.9030 30.7010 27.7970 26.6350 25.4740 25.4450 25.4160 23.6040 22.4420 22.3720 19.4680 19.4390 22.3030 22.2910 23.4530 26.3570 29.2610 32.1650 35.0690 37.9730 40.8770 43.7810 46.6850 49.5890 52.4930 55.3970 58.3010 61.2050 64.1090 67.0130 69.9170 72.8210 75.7250 78.6290 81.5330 84.3210 85.4820 86.6440 87.8050 90.6690 91.8300 94.7340 97.6380 100.542 103.446 106.350 109.254 112.158 115.062 117.966 120.870 123.774 126.678 129.582 132.486
35.5280 34.3660 33.2040 32.0430 33.2040 34.3660 35.5280 36.6890 39.5930 40.2440 38.8730 35.9690 34.7670 31.8630 30.7010 29.5390 28.3780 28.3490 27.6690 26.5080 25.3460 23.5340 22.3720 22.3030 19.3990 19.3870 22.2910 25.1950 28.0990 31.0030 33.9070 36.8110 39.7150 42.6190 45.5230 48.4270 51.3310 54.2350 57.1390 60.0430 62.9470 65.8510 68.7550 71.6590 74.5630 77.4670 80.2550 81.4170 82.5780 83.7400 86.6030 87.7650 90.6690 93.5730 96.4770 99.3810 102.285 105.189 108.093 110.997 113.901 116.805 119.709 122.613 125.517 128.421 131.325
38.4320 37.2700 36.1080 34.9470 36.1080 37.2700 38.4320 39.5930 40.7550 42.9390 40.0350 38.8320 35.9280 34.7670 33.6050 32.4430 31.2820 31.2530 30.2950 27.3910 26.2290 23.3420 22.1810 22.1920 22.2210 19.3580 22.2620 25.1660 28.0700 30.9740 33.8780 36.7820 39.6860 42.5900 45.4940 48.3980 51.3020 54.2060 57.1100 60.0140 62.9180 65.8220 68.7260 71.6300 74.5340 76.1890 77.3510 78.5130 79.6740 82.5370 83.6990 86.6030 89.5070 92.4110 95.3150 98.2190 101.123 104.027 106.931 109.835 112.739 115.643 118.547 121.451 124.355 127.259 130.163
41.3360 40.1740 39.0120 37.8510 39.0120 40.1740 41.3360 42.4970 43.6590 44.1000 42.8980 39.9940 38.8320 37.6710 36.5090 35.3470 34.1860 32.0370 29.1330 26.2290 23.3250 22.1630 19.2770 19.2880 19.3170 19.3460 22.2500 25.1540 28.0580 30.9620 33.8660 36.7700 39.6740 42.5780 45.4820 48.3860 51.2900 54.1940 57.0980 60.0020 62.9060 65.8100 68.7140 70.9620 72.1240 73.2850 74.4470 75.6090 78.4720 79.6330 82.5370 85.4410 88.3450 91.2490 94.1530 97.0570 99.9610 102.865 105.769 108.673 111.577 114.481 117.385 120.289 123.193 126.097 129.001
