AppendixA/HikerMovements/data/dist_gardeccia_1000.asc
ncols 271
nrows 294
xllcorner 698225
yllcorner 5141858
cellsize 30.00
nodata_value  224.692
[rows 87 to 115 of 294, columns 134 to 200 of 271]
4.04200 6.94600 9.20000 12.1040 15.0080 17.9120 20.8160 23.7200 26.6240 29.5280 32.4320 35.3360 38.2400 41.1440 44.0480 46.9520 49.5190 52.3820 53.5440 56.4480 59.3520 61.6050 64.4690 65.6300 68.5340 71.4380 73.6920 76.5960 79.5000 81.7530 84.6570 87.5610 89.8150 87.4510 84.5470 81.6430 78.7390 75.8350 72.9310 70.0270 67.1230 64.2190 61.3150 58.4110 55.5070 52.6030 49.6990 46.7950 43.8910 40.9870 38.0830 35.1790 32.2750 29.3710 26.4670 23.5630 20.6590 17.7550 14.8510 13.6890 12.5280 10.7160 8.32300 5.41900 2.51500 5.37800 5.36700
3.97300 5.13400 8.03800 10.9420 13.8460 16.7500 19.6540 22.5580 25.4620 28.3660 31.2700 34.1740 37.0780 39.9820 42.8860 45.4530 48.3170 49.4780 52.3820 55.2860 57.5400 60.4030 61.5650 64.4690 67.3730 69.6260 72.5300 75.4340 77.6880 80.5920 83.4960 85.7490 88.6530 88.6130 85.7090 82.8050 79.9010 76.9970 74.0930 71.1890 68.2850 65.3810 62.4770 59.5730 56.6690 53.7650 50.8610 47.9570 45.0530 42.1490 39.2450 36.3410 33.4370 30.5330 27.6290 24.7250 21.8210 18.9170 17.7550 16.5930 14.7810 12.3880 9.48400 6.58000 5.37800 2.47400 2.46300
1.06900 3.97300 6.87700 9.78100 12.6850 15.5890 18.4930 21.3970 24.3010 27.2050 30.1090 33.0130 35.9170 38.8210 41.3880 44.2510 45.4130 48.3170 51.2210 53.4740 56.3380 57.4990 60.4030 63.3070 65.5610 68.4650 71.3690 73.6220 76.5260 79.4300 81.6840 84.5880 87.4920 89.7740 86.8700 83.9660 81.0620 78.1580 75.2540 72.3500 69.4460 66.5420 63.6380 60.7340 57.8300 54.9260 52.0220 49.1180 46.2140 43.3100 40.4060 37.5020 34.5980 31.6940 28.7900 25.8860 22.9820 21.8210 20.6590 18.8470 16.4540 13.5500 10.6460 9.44400 6.54000 5.33800 2.43400
1.04000 3.94400 6.84800 9.75200 12.6560 15.5600 18.4640 21.3680 24.2720 27.1760 30.0800 32.9840 35.8880 37.3220 40.1860 41.3470 44.2510 47.1550 49.4090 52.2720 53.4340 56.3380 59.2420 61.4950 64.3990 67.3030 69.5570 72.4610 75.3650 77.6180 80.5220 83.4260 86.3300 88.5430 88.0320 85.1280 82.2240 79.3200 76.4160 73.5120 70.6080 67.7040 64.8000 61.8960 58.9920 56.0880 53.1840 50.2800 47.3760 44.4720 41.5680 38.6640 35.7600 32.8560 29.9520 27.0480 25.8860 24.7250 22.9130 20.5200 17.6160 14.7120 13.3700 10.4660 8.21300 5.30900 2.40500
1.01100 3.91500 6.81900 9.72300 12.6270 15.5310 18.4350 21.3390 24.2430 27.1470 30.0510 32.0950 33.2570 36.1200 37.2820 40.1860 43.0900 45.3430 48.2060 49.3680 52.2720 55.1760 57.4300 60.3340 63.2380 65.4910 68.3950 71.2990 73.5530 76.4570 79.3610 82.2650 84.4770 85.6390 88.4620 86.2890 83.3850 80.4810 77.5770 74.6730 71.7690 68.8650 65.9610 63.0570 60.1530 57.2490 54.3450 51.4410 48.5370 45.6330 42.7290 39.8250 36.9210 34.0170 31.1130 29.9520 28.7900 26.7280 23.8240 20.9200 18.0160 15.1120 12.2080 9.30400 6.40000 5.23900 2.37500
0.98200 3.88600 6.79000 9.69400 12.5980 15.5020 18.4060 21.3100 24.2140 26.8680 28.0290 29.1910 32.0540 33.2160 36.1200 39.0240 41.2770 44.1410 45.3020 48.2060 51.1100 53.3640 56.2680 59.1720 61.4250 64.3290 67.2330 69.4870 72.3910 75.2950 78.1990 80.4120 81.5730 84.3960 85.5580 86.7190 84.5470 81.6430 78.7390 75.8350 72.9310 70.0270 67.1230 64.2190 61.3150 58.4110 55.5070 52.6030 49.6990 46.7950 43.8910 40.9870 38.0830 35.1790 34.0170 31.3750 28.4710 25.5670 22.6630 19.7590 16.8550 13.9510 11.0470 8.14300 5.23900 2.33500 2.34600
0.95300 3.85700 6.76100 9.01400 11.9180 14.8220 17.7260 20.6300 22.8020 23.9640 25.1250 27.9890 29.1500 32.0540 34.9580 37.2120 40.0750 41.2370 44.1410 47.0450 49.2980 52.2020 55.1060 57.3600 60.2640 63.1680 65.4210 68.3250 71.2290 74.1330 76.3460 77.5080 80.3300 81.4920 82.6540 83.8150 84.8320 82.8050 79.9010 76.9970 74.0930 71.1890 68.2850 65.3810 62.4770 59.5730 56.6690 53.7650 50.8610 47.9570 45.0530 42.1490 39.2450 37.1540 34.2500 31.3460 28.4420 25.5380 22.6340 19.7300 16.8260 13.9220 11.0180 8.11400 5.21000 2.30600 5.21000
0.92300 3.78700 4.94800 7.85200 10.7560 13.6600 16.5640 18.7370 19.8980 21.0600 23.9230 25.0850 27.9890 30.8930 33.1460 36.0100 37.1710 40.0750 42.9790 45.2330 48.1370 51.0410 53.2940 56.1980 59.1020 61.3560 64.2600 67.1640 70.0680 72.2810 73.4420 76.2650 77.4260 78.5880 79.7500 80.9110 81.9280 81.9570 80.6850 77.7810 74.8770 71.9730 69.0690 66.1650 63.2610 60.3570 57.4530 54.5490 51.6450 48.7410 45.8370 42.9330 40.0290 37.1250 34.2210 31.3170 28.4130 25.5090 22.6050 19.7010 16.7970 13.8930 10.9890 8.08500 5.18100 2.27700 5.18100
0.89400 0.88300 3.78700 6.69100 9.59500 12.4990 14.6710 15.8330 16.9940 19.8580 21.0190 23.9230 26.8270 29.0810 31.9440 33.1060 36.0100 38.9140 41.1670 44.0710 46.9750 49.2290 52.1330 55.0370 57.2900 60.1940 63.0980 66.0020 68.2150 69.3770 72.1990 73.3610 74.5220 75.6840 76.8460 78.0070 79.0240 79.0530 79.0820 77.7520 74.8480 71.9440 69.0400 66.1360 63.2320 60.3280 57.4240 54.5200 51.6160 48.7120 45.8080 42.9040 40.0000 37.0960 34.1920 31.2880 28.3840 25.4800 22.5760 19.6720 16.7680 13.8640 10.9600 8.05600 5.15200 2.24800 5.11100
3.75800 0.85400 3.75800 6.66200 8.91500 10.6050 11.7670 12.9290 15.7920 16.9540 19.8580 22.7620 25.0150 27.8780 29.0400 31.9440 34.8480 37.1020 40.0060 42.9100 45.1630 48.0670 50.9710 53.2250 56.1290 59.0330 61.9370 64.1490 65.3110 68.1340 69.2950 70.4570 71.6180 72.7800 73.9420 75.1030 76.1200 76.1490 76.1780 76.2070 75.2140 73.1050 70.2010 67.2970 64.3930 61.4890 58.5850 55.6810 52.7770 49.8730 46.9690 44.0650 41.1610 38.2570 35.3530 32.4490 29.5450 26.6410 23.7370 20.8330 17.9290 15.0250 12.1210 9.21700 6.31300 5.11100 2.20700
3.72900 0.82500 3.68800 4.85000 6.54000 7.70100 8.86300 11.7260 12.8880 15.7920 18.6960 20.9490 23.8130 24.9740 27.8780 30.7820 33.0360 35.9400 38.8440 41.0970 44.0010 46.9050 49.1590 52.0630 54.9670 57.8710 60.0840 61.2450 64.0680 65.2300 66.3910 67.5530 68.7140 69.8760 71.0380 72.1990 73.2160 73.2450 73.2740 73.3030 72.3100 71.1480 69.9860 68.3430 65.4390 62.5350 59.6310 56.7270 53.8230 50.9190 48.0150 45.1110 42.2070 39.3030 36.3990 33.4950 30.5910 27.6870 24.7830 21.8790 18.9750 16.0710 13.1670 10.2630 7.98600 5.08200 2.17800
3.71700 0.81300 0.78400 3.64700 3.63600 4.79700 7.66100 8.82200 11.7260 14.6300 16.8840 19.7470 20.9090 23.8130 26.7170 28.9700 31.8740 34.7780 37.0320 39.9360 42.8400 45.0930 47.9970 50.9010 53.8050 56.0180 57.1800 60.0020 61.1640 62.3260 63.4870 64.6490 65.8100 66.9720 68.1340 69.2950 70.3120 70.3410 70.3700 70.3990 69.4060 68.2440 67.0820 65.9210 64.2770 61.3730 58.4690 55.5650 52.6610 49.7570 46.8530 43.9490 41.0450 38.1410 35.2370 32.3330 29.4290 26.5250 23.6210 20.7170 17.8130 14.9090 12.0050 9.10100 6.19700 5.03600 2.14900
4.87900 3.71700 3.64700 0.74300 0.73200 3.59500 4.75700 7.66100 10.5650 12.8180 15.6820 16.8430 19.7470 22.6510 24.9050 27.8090 30.7130 32.9660 35.8700 38.7740 41.0280 43.9320 46.8360 49.7400 51.9530 53.1140 55.9370 57.0980 58.2600 59.4220 60.5830 61.7450 62.9060 64.0680 65.2300 66.3910 67.4080 67.4370 67.4660 67.4950 66.5020 65.3400 64.1780 63.0170 61.8550 60.2120 57.3080 54.4040 51.5000 48.5960 45.6920 42.7880 39.8840 36.9800 34.0760 31.1720 28.2680 25.3640 22.4600 19.5560 16.6520 13.7480 10.8440 7.94000 5.03600 2.13200 2.12000
7.78300 6.62100 4.80900 3.60700 0.70300 0.69100 3.59500 6.49900 8.75300 11.6160 12.7780 15.6820 18.5860 20.8390 23.7430 26.6470 28.9010 31.8050 34.7090 36.9620 39.8660 42.7700 45.6740 47.8870 49.0490 51.8710 53.0330 54.1940 55.3560 56.5180 57.6790 58.8410 60.0020 61.1640 62.3260 63.4870 64.5040 64.5330 64.5620 64.5910 63.5980 62.4360 61.2740 60.1130 58.9510 58.9800 57.2780 54.3740 51.4700 48.5660 45.6620 42.7580 39.8540 36.9500 34.0460 31.1420 28.2380 25.3340 22.4300 19.5260 16.6220 13.7180 10.8140 7.91000 5.00600 2.10200 2.09100
10.6870 8.87500 7.67200 4.76800 3.56600 0.66200 3.52500 4.68700 7.55000 8.71200 11.6160 14.5200 16.7740 19.6780 22.5820 24.8350 27.7390 30.6430 32.8970 35.8010 38.7050 41.6090 43.8210 44.9830 47.8060 48.9670 50.1290 51.2900 52.4520 53.6140 54.7750 55.9370 57.0980 58.2600 59.4220 60.5830 61.6000 61.6290 61.6580 61.6870 60.6940 59.5320 58.3700 57.2090 56.0470 56.0760 56.1050 55.5360 52.6320 49.7280 46.8240 43.9200 41.0160 38.1120 35.2080 32.3040 29.4000 26.4960 23.5920 20.6880 17.7840 14.8800 11.9760 9.07200 6.16800 4.96600 2.06200
12.9400 11.7380 8.83400 7.63200 4.72800 3.52500 0.62100 3.48500 4.64600 7.55000 10.4540 12.7080 15.6120 18.5160 20.7690 23.6730 26.5770 28.8310 31.7350 34.6390 37.5430 39.7560 40.9170 43.7400 44.9020 46.0630 47.2250 48.3860 49.5480 50.7100 51.8710 53.0330 54.1940 55.3560 56.5180 57.6790 58.6960 58.7250 58.7540 58.7830 57.7900 56.6280 55.4660 54.3050 53.1430 53.1720 53.2010 53.2300 52.5220 49.6180 46.7140 43.8100 40.9060 38.0020 35.0980 32.1940 29.2900 26.3860 23.4820 20.5780 17.6740 14.7700 11.8660 8.96200 6.05800 4.89600 2.03300
15.8040 12.9000 11.6970 8.79300 6.40000 3.49600 0.59200 0.58100 3.48500 6.38900 8.64200 11.5460 14.4500 16.7040 19.6080 22.5120 24.7650 27.6690 30.5730 33.4770 35.6900 36.8520 39.7560 40.8360 41.9980 43.1590 44.3210 45.4820 46.6440 47.8060 48.9670 50.1290 51.2900 52.4520 53.6140 54.7750 55.7920 55.8210 55.8500 55.8790 54.8860 53.7240 52.5620 51.4010 50.2390 50.2680 50.2970 50.3260 51.3600 48.4560 45.5520 42.6480 39.7440 36.8400 33.9360 31.0320 28.1280 25.2240 22.3200 19.4160 16.5120 13.6080 10.7040 7.80000 4.89600 1.99200 2.00400
16.9650 15.7630 12.8590 10.4660 7.56200 4.65800 3.45600 0.55200 3.41500 4.57700 7.48100 10.3850 12.6380 15.5420 18.4460 20.7000 23.6040 26.5080 29.4120 31.6250 32.7860 35.6900 37.9030 37.9320 39.0940 40.2550 41.4170 42.5780 43.7400 44.9020 46.0630 47.2250 48.3860 49.5480 50.7100 51.8710 52.8880 52.9170 52.9460 52.9750 51.9820 50.8200 49.6580 48.4970 47.3350 47.3640 47.3930 47.4220 48.5840 48.4270 45.5230 42.6190 39.7150 36.8110 33.9070 31.0030 28.0990 25.1950 22.2910 19.3870 16.4830 13.5790 10.6750 7.77100 4.86700 1.96300 1.97500
19.8290 16.9250 14.5320 11.6280 8.72400 6.33100 3.42700 0.52300 0.51100 3.41500 6.31900 8.57300 11.4770 14.3810 16.6340 19.5380 22.4420 25.3460 27.5590 28.7210 31.6250 34.5290 34.9990 35.0280 36.1900 37.3510 38.5130 39.6740 40.8360 41.9980 43.1590 44.3210 45.4820 46.6440 47.8060 48.9670 49.9840 50.0130 50.0420 50.0710 49.0780 47.9160 46.7540 45.5930 44.4310 44.4600 44.4890 44.5180 45.6800 46.8420 45.4940 42.5900 39.6860 36.7820 33.8780 30.9740 28.0700 25.1660 22.2620 19.3580 16.4540 13.5500 10.6460 7.74200 4.83800 1.93400 4.83800
20.9900 18.5970 15.6930 12.7890 10.3960 7.49200 4.58800 3.38600 0.48200 3.34500 4.50700 7.41100 10.3150 12.5690 15.4730 18.3770 21.2810 23.4930 24.6550 27.5590 30.4630 32.7160 32.0950 32.1240 33.2860 34.4470 35.6090 36.7700 37.9320 39.0940 40.2550 41.4170 42.5780 43.7400 44.9020 46.7140 47.0800 47.1090 47.1380 47.1670 46.1740 45.0120 43.8500 42.6890 41.5270 41.5560 41.5850 41.6140 42.7760 43.9380 44.6170 42.5610 39.6570 36.7530 33.8490 30.9450 28.0410 25.1370 22.2330 19.3290 16.4250 13.5210 10.6170 7.71300 4.80900 1.90500 4.80900
22.6630 19.7590 16.8550 14.4620 11.5580 8.65400 6.26100 3.35700 0.45300 0.44100 3.34500 6.24900 8.50300 11.4070 14.3110 17.2150 19.4280 20.5890 23.4930 26.3970 28.6510 30.3530 29.1910 29.2200 30.3820 31.5430 32.7050 33.8660 35.0280 36.1900 37.3510 38.5130 39.6740 40.8360 42.6480 43.8100 44.1760 44.2050 44.2340 44.2630 43.2700 42.1080 40.9460 39.7850 38.6230 38.6520 38.6810 38.7100 39.8720 41.0340 41.7130 42.5320 39.6280 36.7240 33.8200 30.9160 28.0120 25.1080 22.2040 19.3000 16.3960 13.4920 10.5880 7.68400 4.78000 1.87600 4.73900
23.8240 20.9200 18.5280 15.6240 12.7200 10.3270 7.42300 4.51900 3.31600 0.41200 3.27600 4.43700 7.34100 10.2450 13.1490 15.3620 16.5240 19.4280 22.3320 24.5850 27.4490 27.4490 26.2870 26.3160 27.4780 28.6390 29.8010 30.9620 32.1240 33.2860 34.4470 35.6090 36.7700 38.5830 39.7440 40.9060 41.2720 41.3010 41.3300 41.3590 40.3660 39.2040 38.0420 36.8810 35.7190 35.7480 35.7770 35.8060 36.9680 38.1300 38.8090 39.9710 39.5990 36.6950 33.7910 30.8870 27.9830 25.0790 22.1750 19.2710 16.3670 13.4630 10.5590 7.65500 4.75100 1.84700 1.83500
24.9860 22.5930 19.6890 16.7850 14.3920 11.4880 8.58400 6.19100 3.28700 0.38300 0.37200 3.27600 6.18000 9.08400 11.2970 12.4580 15.3620 18.2660 20.5200 23.3830 24.5450 24.5450 23.3830 23.4120 24.5740 25.7350 26.8970 28.0580 29.2200 30.3820 31.5430 32.7050 34.5170 35.6790 36.8400 38.3390 38.3680 38.3970 38.4260 38.4550 37.4620 36.3000 35.1380 33.9770 32.8150 32.8440 32.8730 32.9020 34.0640 35.2260 35.9050 37.0670 38.2280 37.8570 34.9530 32.0490 29.1450 26.2410 23.3370 20.4330 17.5290 14.6250 11.7210 8.81700 5.91300 4.71000 1.80600
26.4900 23.5860 20.6820 17.7780 14.8740 11.9700 9.06600 6.16200 3.25800 0.35400 0.34300 3.24700 6.06900 7.23100 8.39300 11.2970 14.2010 16.4540 19.3170 20.4790 22.1690 21.6410 20.4790 20.5080 21.6700 22.8310 23.9930 25.1540 26.3160 27.4780 28.6390 30.4510 31.6130 32.7750 34.7550 35.4350 35.4640 35.4930 35.5220 35.5510 34.5580 33.3960 32.2340 31.0730 29.9110 29.9400 29.9690 29.9980 31.1600 32.3220 33.0010 34.1630 35.3240 36.0040 35.8060 32.9020 29.9980 27.4020 24.4980 21.5940 18.6900 15.7860 12.8820 9.97800 7.58500 4.68100 1.77700
26.4790 23.5750 20.6710 17.7670 14.8630 11.9590 9.05500 6.15100 3.24700 0.34300 0.31400 3.17700 3.16500 4.32700 7.23100 10.1350 12.3880 15.2520 16.4130 18.1040 19.2650 18.7370 17.5750 17.6040 18.7660 19.9270 21.0890 22.2500 23.4120 24.5740 26.3860 27.5470 28.7090 30.6890 31.8510 32.5310 32.5600 32.5890 32.6180 32.6470 31.6540 30.4920 29.3300 28.1690 27.0070 27.0360 27.0650 27.0940 28.2560 29.4180 30.0970 31.2590 32.4200 33.1000 33.1290 31.7410 28.8370 25.9330 24.7710 21.9080 19.1720 16.2680 13.3640 10.4600 7.55600 4.65200 1.74800
26.4670 23.5630 20.6590 17.7550 14.8510 11.9470 9.04300 6.13900 3.23500 0.33100 0.30200 0.27300 0.26100 3.16500 6.06900 8.32300 11.1860 12.3480 14.0380 15.2000 16.3610 15.8330 14.6710 14.7000 15.8620 17.0230 18.1850 19.3460 20.5080 22.3200 23.4820 24.6430 26.6240 27.7850 28.9470 29.6270 29.6560 29.6850 29.7140 29.7430 28.7500 27.5880 26.4260 25.2650 24.1030 24.1320 24.1610 24.1900 25.3520 26.5140 27.1930 28.3550 29.5160 30.1960 30.2250 30.2540 27.6750 24.7710 21.8670 20.7060 17.8420 15.5890 12.6850 9.78100 7.52700 4.62300 1.71900
27.6290 24.7250 21.8210 18.9170 16.0130 13.1090 10.2050 7.30100 4.39700 3.23500 3.20600 3.13600 0.23200 3.09600 4.25700 7.12100 8.28200 9.97200 11.1340 12.2960 14.0900 12.9290 11.7670 11.7960 12.9580 14.1190 15.2810 16.4420 18.2550 19.4160 20.5780 23.0400 23.7200 24.8810 26.0430 26.7230 26.7520 26.7810 26.8100 26.8390 25.8460 24.6840 23.5220 22.3610 21.1990 21.2280 21.2570 21.2860 22.4480 23.6100 24.2890 25.4510 26.6120 27.2920 27.3210 27.3500 26.5140 23.6100 20.7060 17.8020 16.6400 13.7770 11.5230 8.61900 5.71500 4.55300 1.69000
28.7900 25.8860 22.9820 20.0780 17.1740 14.2700 11.3660 8.46200 7.30100 6.13900 6.11000 4.29800 3.09600 0.19200 3.05500 4.21700 5.90700 7.06800 8.23000 11.1340 11.1860 10.0250 8.86300 8.89200 10.0540 11.2150 12.3770 14.1890 15.3510 16.5120 18.9750 20.1360 20.8160 21.9770 23.1390 23.8190 23.8480 23.8770 23.9060 23.9350 22.9420 21.7800 20.6180 19.4570 18.2950 18.3240 18.3530 18.3820 19.5440 20.7060 21.3850 22.5470 23.7080 24.3880 24.4170 24.4460 24.4750 22.4480 19.5440 16.6400 13.7360 12.5740 9.71100 7.45700 4.55300 1.64900 1.66100
29.9520 27.0480 24.1440 21.2400 18.3360 15.4320 12.5280 11.3660 10.2050 9.04300 8.36400 5.98800 3.08400 0.18000 0.15100 3.01400 3.00300 4.16400 7.06800 9.87400 8.28200 7.12100 5.95900 5.98800 7.15000 8.31100 10.1230 11.2850 12.4470 14.9090 16.0710 17.2320 17.9120 19.0730 20.2350 20.9150 20.9440 20.9730 21.0020 21.0310 20.0380 18.8760 17.7140 16.5530 15.3910 15.4200 15.4490 15.4780 16.6400 17.8020 18.4810 19.6430 20.8040 21.4840 21.5130 21.5420 21.5710 21.2860 18.3820 15.4780 12.5740 9.67000 8.50900 5.64500 4.48400 1.62000 4.52400
