AppendixA/HikerMovements/data/dist_paolina_1000.asc
ncols 271
nrows 294
xllcorner 698225
yllcorner 5141858
cellsize 30.00
nodata_value  224.268
[rows 203 to 231 of 294, columns 201 to 267 of 271]
24.3820 25.5440 26.7050 27.8670 29.0280 30.8400 32.0020 33.1640 34.9760 36.1370 37.2990 40.2030 41.2480 38.3440 35.4400 34.2790 31.4150 30.2540 29.0920 27.9310 26.7690 25.1950 22.2910 19.3870 17.1340 14.2300 11.3260 10.1640 7.30100 10.2050 10.2740 11.4360 14.3400 15.5420 18.4460 21.3500 23.7430 26.6470 27.8490 29.6610 30.8230 31.9850 33.7970 34.9580 36.1200 39.0240 41.9280 44.8320 47.7360 50.6400 51.6390 50.4770 49.3160 48.1540 46.9930 45.8310 44.6690 43.5080 42.3460 42.3750 43.5370 44.6980 45.8600 47.0220 48.1830 49.3450 50.5060
21.4780 22.6400 23.8010 24.9630 26.7750 27.9360 29.0980 30.9100 32.0720 33.2330 36.1370 37.3400 40.2440 39.5060 38.3440 35.4810 34.3190 33.1580 31.9960 30.8350 29.2610 26.3570 23.4530 21.1990 18.2950 15.3910 14.2300 11.3660 10.2050 7.34100 7.37000 10.2740 11.4770 14.3810 17.2850 19.6780 22.5820 23.7840 25.5960 26.7570 27.9190 29.7310 30.8930 32.0540 34.9580 37.8620 40.7660 43.6700 46.5740 49.4780 52.3820 53.3810 52.2200 51.0580 49.8970 48.7350 47.5730 46.4120 45.2500 45.2790 46.4410 47.6020 48.7640 49.9260 51.0870 52.2490 53.4100
18.5740 19.7360 20.8970 22.7090 23.8710 25.0320 26.8450 28.0060 29.1680 32.0720 33.2740 36.1780 39.0820 41.4580 39.5470 38.3850 37.2230 36.0620 34.9000 33.3260 30.4220 27.5180 25.2650 22.3610 19.4570 18.2950 15.4320 14.2700 11.4070 10.2450 10.2740 7.41100 10.3150 13.2190 15.6120 18.5160 19.7180 21.5300 22.6920 23.8530 25.6660 26.8270 27.9890 30.8930 33.7970 36.7010 39.6050 42.5090 45.4130 48.3170 51.2210 54.1250 55.1240 53.9620 52.8010 51.6390 50.4770 49.3160 48.1540 48.1830 49.3450 50.5060 51.6680 52.8300 53.9910 55.1530 56.3140
15.6700 16.8320 18.6440 19.8050 20.9670 22.7790 23.9410 25.1020 28.0060 29.2080 32.1120 35.0160 37.3920 40.2960 42.4510 41.2890 40.1270 38.9660 37.3920 34.4880 31.5840 29.3300 26.4260 23.5220 22.3610 19.4970 18.3360 15.4730 14.3110 13.1490 10.3440 7.44000 10.3440 11.5460 14.4500 15.6530 17.4650 18.6260 19.7880 21.6000 22.7620 23.9230 26.8270 29.7310 32.6350 35.5390 38.4430 41.3470 44.2510 47.1550 50.0590 52.9630 55.8670 56.8660 55.7050 54.5430 53.3810 52.2200 51.0580 51.0870 52.2490 53.4100 54.5720 55.7340 56.8950 58.0570 59.2180
12.7660 14.5780 15.7400 16.9010 18.7130 19.8750 21.0370 23.9410 25.1430 28.0470 30.9510 33.3260 36.2300 39.1340 42.0380 44.1930 43.0310 41.4580 38.5540 35.6500 33.3960 30.4920 27.5880 26.4260 23.5630 22.4010 19.5380 18.3770 17.2150 14.4100 11.5060 10.3440 7.48100 10.3850 11.5870 13.3990 14.5610 15.7220 17.5340 18.6960 19.8580 22.7620 25.6660 28.5700 31.4740 34.3780 37.2820 40.1860 43.0900 45.9940 48.8980 51.8020 54.7060 57.6100 58.6090 57.4470 56.2850 55.1240 53.9620 53.9910 55.1530 56.3140 57.4760 58.6380 59.7990 60.9610 62.1220
10.5120 11.6740 12.8360 14.6480 15.8090 16.9710 19.8750 21.0770 23.9810 26.8850 29.2610 32.1650 35.0690 37.9730 40.8770 43.7810 42.8220 41.6610 39.7150 37.4620 34.5580 31.6540 30.4920 27.6290 26.4670 23.6040 22.4420 21.2810 18.4750 15.5710 14.4100 11.5460 10.3850 7.52100 10.4250 10.4950 11.6570 13.4690 14.6300 15.7920 18.6960 21.6000 24.5040 27.4080 30.3120 33.2160 36.1200 39.0240 41.9280 44.8320 47.7360 50.6400 53.5440 56.4480 59.3520 60.3510 59.1890 58.0280 56.8660 56.8950 58.0570 59.2180 60.3800 61.5420 62.7030 63.8650 65.0260
7.60800 8.77000 10.5820 11.7440 12.9050 15.8090 17.0120 19.9160 22.8200 25.1950 28.0990 31.0030 33.9070 36.8110 39.7150 41.0800 39.9180 38.7570 37.5950 36.4340 35.2720 34.1100 31.6940 30.5330 27.6690 26.5080 25.3460 22.5410 19.6370 18.4750 15.6120 14.4500 11.5870 10.4250 7.56200 7.59100 10.4950 10.5650 11.7260 14.6300 17.5340 20.4380 23.3420 26.2460 29.1500 32.0540 34.9580 37.8620 40.7660 43.6700 46.5740 49.4780 52.3820 55.2860 58.1900 61.0940 62.0930 60.9320 59.7700 59.7990 60.9610 62.1220 63.2840 64.4460 65.6070 66.7690 67.9300
4.70400 7.60800 7.67800 8.84000 11.7440 12.9460 15.8500 18.7540 21.1300 24.0340 26.9380 29.8420 32.7460 35.6500 38.5540 38.1760 37.0140 35.8530 34.6910 33.5300 32.3680 31.2060 30.0450 28.8830 28.9120 28.9410 26.6060 23.7020 22.5410 19.6780 18.5160 15.6530 14.4910 11.6280 10.4660 10.4950 7.63200 7.66100 10.5650 13.4690 16.3730 19.2770 22.1810 25.0850 27.9890 30.8930 33.7970 36.7010 39.6050 42.5090 45.4130 48.3170 51.2210 54.1250 57.0290 59.9330 62.8370 63.8360 62.6740 62.7030 63.8650 65.0260 66.1880 67.3500 68.5110 69.6730 70.8340
4.71600 4.74500 4.77400 7.67800 8.88000 11.7840 14.6880 17.0640 19.9680 22.8720 25.7760 28.6800 31.5840 34.4880 36.7760 35.6150 34.1100 32.9490 31.7870 30.6260 29.4640 28.3020 27.1410 25.9790 26.0080 26.0370 26.0660 26.0950 23.7430 22.5820 19.7180 18.5570 15.6930 14.5320 13.3700 11.6970 10.5360 10.5650 11.7260 14.6300 17.5340 20.4380 23.3420 26.2460 29.1500 32.0540 34.9580 37.8620 40.7660 43.6700 46.5740 49.4780 52.3820 55.2860 58.1900 61.0940 63.9980 66.7400 65.5780 65.6070 66.7690 67.9300 69.0920 70.2540 71.4150 72.5770 73.7380
7.62000 7.64900 4.78600 4.81500 7.71900 10.6230 12.9980 15.9020 18.8060 21.7100 24.6140 27.5180 30.4220 33.3260 33.8720 32.7110 31.5490 30.0450 28.8830 27.7220 26.5600 25.3980 24.2370 23.0750 23.1040 23.1330 23.1620 23.1910 23.2200 23.7840 22.6220 19.7590 18.5970 17.4360 15.7630 14.6010 13.4400 13.4690 14.6300 15.7920 18.6960 21.6000 24.5040 27.4080 30.3120 33.2160 36.1200 39.0240 41.9280 44.8320 47.7360 50.6400 53.5440 56.4480 59.3520 62.2560 65.1600 68.0640 68.4820 68.5110 69.6730 70.8340 71.9960 73.1580 74.3190 75.4810 76.6420
10.5240 8.85100 7.69000 4.82600 7.73000 8.93300 11.8370 14.7410 17.6450 20.5490 23.4530 26.3570 29.2610 31.2590 30.9680 29.8070 28.6450 27.6520 25.9790 24.8180 23.6560 22.4940 21.3330 20.1710 20.2000 20.2290 20.2580 20.2870 20.3160 21.4780 22.6400 22.6630 21.5010 19.8290 18.6670 17.5050 16.3440 16.3730 17.5340 18.6960 19.8580 22.7620 25.6660 28.5700 31.4740 34.3780 37.2820 40.1860 43.0900 45.9940 48.8980 51.8020 54.7060 57.6100 60.5140 63.4180 66.3220 69.2260 71.3860 71.4150 72.5770 73.7380 74.9000 76.0620 77.2230 75.7420 74.5810
12.9170 10.6630 7.75900 4.85500 4.86700 7.77100 10.6750 13.5790 16.4830 19.3870 22.2910 25.1950 27.1930 28.3550 28.0640 26.9030 25.7410 24.7480 23.5860 21.9140 20.7520 19.5900 18.4290 17.2670 17.2960 17.3250 17.3540 17.3830 17.4120 18.5740 19.7360 20.8970 22.0590 22.7330 21.5710 20.4090 19.2480 19.2770 20.4380 21.6000 22.7620 23.9230 26.8270 29.7310 32.6350 35.5390 38.4430 41.3470 44.2510 47.1550 50.0590 52.9630 55.8670 58.7710 61.6750 64.5790 67.4830 70.3870 73.2910 71.4270 71.4560 71.4850 74.3890 74.4820 74.5110 74.5400 71.6770
13.5970 10.6930 7.78900 4.88500 7.77100 8.93300 11.8370 14.7410 17.1920 20.0960 21.9660 23.1270 24.2890 25.4510 25.1600 23.9990 22.8370 21.8440 20.6820 19.5210 17.8480 16.6860 15.5250 14.3630 14.3920 14.4210 14.4500 14.4790 14.5080 15.6700 16.8320 17.9930 20.8970 23.8010 24.4750 23.3130 22.1520 22.1810 23.3420 24.5040 25.6660 26.8270 27.9890 30.8930 33.7970 36.7010 39.6050 42.5090 45.4130 48.3170 51.2210 54.1250 57.0290 59.9330 62.8370 65.7410 68.6450 71.5490 74.4530 74.3310 74.3600 71.4960 74.4000 71.5780 71.6070 71.6360 71.6650
13.6260 10.7220 7.81800 4.91400 4.92500 7.82900 10.7330 13.1260 16.0300 17.9000 19.0620 20.2230 21.3850 23.4180 22.2560 21.0950 19.9330 19.4510 17.7780 16.6170 15.4550 13.7820 12.6210 11.4590 11.4880 11.5170 11.5460 11.5750 11.6040 12.7660 13.9280 16.8320 19.7360 22.6400 25.5440 26.2170 25.0560 25.0850 26.2460 27.4080 28.5700 29.7310 30.8930 32.0540 34.9580 37.8620 40.7660 43.6700 46.5740 49.4780 52.3820 55.2860 58.1900 61.0940 63.9980 66.9020 69.8060 72.7100 75.6140 77.2350 75.5620 74.4000 71.5370 74.4410 74.5110 71.6470 71.6770
14.7870 11.8830 8.97900 7.81800 4.95400 7.85800 9.06000 11.9640 13.8350 14.9960 16.1580 17.3190 20.2230 20.5140 19.3520 18.1910 17.0290 16.5470 15.3850 13.7130 12.5510 11.3890 9.71700 8.55500 8.58400 8.61300 8.64200 8.67100 8.70000 9.86200 12.7660 15.6700 18.5740 21.4780 24.3820 27.2860 27.9600 27.9890 29.1500 30.3120 31.4740 32.6350 33.7970 34.9580 36.1200 39.0240 41.9280 44.8320 47.7360 50.6400 53.5440 56.4480 59.3520 62.2560 65.1600 68.0640 70.9680 73.8720 76.7760 79.6280 78.4660 75.6030 74.4410 75.6030 74.5810 71.6770 74.5810
14.8980 11.9940 9.09000 7.88700 4.98300 4.99500 7.89900 10.8030 10.9310 12.0920 13.2540 16.1580 17.3600 17.6100 16.4480 15.2870 14.1250 13.6430 12.4810 11.3200 9.64700 8.48500 8.51500 5.65100 5.68000 5.70900 5.73800 5.76700 5.79600 8.70000 11.6040 14.5080 17.4120 20.3160 23.2200 26.1240 29.0280 30.8930 32.0540 33.2160 34.3780 35.5390 36.7010 37.8620 39.0240 40.1860 43.0900 45.9940 48.8980 51.8020 54.7060 57.6100 60.5140 63.4180 66.3220 69.2260 72.1300 75.0340 77.9380 80.8420 79.6680 78.5070 77.3450 77.5140 74.6100 71.7060 74.6100
13.7360 10.8320 7.92800 5.02400 5.01200 5.02400 7.92800 7.99800 8.02700 9.18800 12.0920 13.2950 16.1990 16.4080 13.5440 12.3830 11.2210 11.2500 9.57700 8.41600 8.44500 5.58100 5.61100 8.51500 8.58400 8.61300 8.64200 8.67100 8.70000 9.86200 12.7660 15.6700 18.5740 21.4780 24.3820 27.2860 30.1900 33.0940 34.9580 36.1200 37.2820 38.4430 39.6050 40.7660 41.9280 43.0900 44.2510 47.1550 50.0590 52.9630 55.8670 58.7710 61.6750 64.5790 67.4830 70.3870 73.2910 76.1950 79.0990 82.0030 82.5720 81.4110 80.2490 77.5430 74.6390 71.7350 74.6390
14.8980 11.9940 9.09000 7.92800 5.04100 5.05300 5.06500 5.09400 5.12300 8.02700 9.22900 12.1330 13.3350 13.5040 12.3420 9.47900 8.31700 8.34600 8.37500 5.51200 5.54100 8.44500 8.51500 9.67600 11.4880 11.5170 11.5460 11.5750 11.6040 12.7660 13.9280 16.8320 19.7360 22.6400 25.5440 28.4480 31.3520 34.2560 37.1600 39.0240 40.1860 41.3470 42.5090 43.6700 44.8320 45.9940 47.1550 48.3170 51.2210 54.1250 57.0290 59.9330 62.8370 65.7410 68.6450 71.5490 74.4530 77.3570 80.2610 83.1650 85.4760 84.3150 81.6080 78.7040 75.8000 74.6390 71.7750
16.0590 13.1550 11.9940 9.10700 7.94500 7.95700 7.96900 7.99800 8.02700 5.16300 8.06700 9.27000 11.0820 11.1110 9.43800 8.27600 5.41300 5.44200 5.47100 8.37500 8.44500 9.60600 11.4190 12.5800 13.7420 14.4210 14.4500 14.4790 14.5080 15.6700 16.8320 17.9930 20.8970 23.8010 26.7050 29.6090 32.5130 35.4170 38.3210 41.2250 43.0900 44.2510 45.4130 46.5740 47.7360 48.8980 50.0590 51.2210 52.3820 55.2860 58.1900 61.0940 63.9980 66.9020 69.8060 72.7100 75.6140 78.5180 81.4220 84.3260 87.2300 85.6740 82.7700 79.8660 77.6120 74.7080 71.8040
17.2210 16.0590 13.1730 12.0110 10.8490 10.8610 10.8730 10.9020 9.22900 8.06700 5.20400 8.10800 8.17800 8.20700 8.23600 5.37200 5.40100 8.30500 8.37500 9.53700 11.3490 12.5100 13.6720 15.4840 16.6460 17.3250 17.3540 17.3830 17.4120 18.5740 19.7360 20.8970 22.0590 24.9630 27.8670 30.7710 33.6750 36.5790 39.4830 42.3870 45.2910 47.1550 48.3170 49.4780 50.6400 51.8020 52.9630 54.1250 55.2860 56.4480 59.3520 62.2560 65.1600 68.0640 70.9680 73.8720 76.7760 79.6800 82.5840 85.4880 88.3920 86.3530 83.4490 80.5450 77.6410 74.7370 71.8330
20.1250 17.2380 16.0770 14.9150 13.7530 13.7650 13.7770 13.2950 12.1330 9.27000 8.10800 5.24500 5.27400 5.30300 5.33200 8.23600 8.30500 9.46700 11.2790 12.4410 13.6020 15.4140 16.5760 17.7380 19.5500 20.2290 20.2580 20.2870 20.3160 21.4780 22.6400 23.8010 24.9630 26.1240 29.0280 31.9320 34.8360 37.7400 40.6440 43.5480 46.4520 49.3560 51.2210 52.3820 53.5440 54.7060 55.8670 57.0290 58.1900 59.3520 60.5140 63.4180 66.3220 69.2260 72.1300 75.0340 77.9380 80.8420 83.7460 86.6500 89.2860 86.3820 83.4780 80.5740 77.6700 74.7660 71.8620
21.3040 20.1420 18.9810 17.8190 16.6570 16.6690 16.6810 16.1990 13.3350 12.1740 9.31000 8.14900 8.17800 8.20700 8.23600 9.39700 11.2090 12.3710 13.5330 15.3450 16.5060 17.6680 19.4800 20.6420 21.8030 23.1330 23.1620 23.1910 23.2200 24.3820 25.5440 26.7050 27.8670 29.0280 30.1900 33.0940 35.9980 38.9020 41.8060 44.7100 47.6140 50.5180 53.4220 55.2860 56.4480 57.6100 58.7710 59.9330 61.0940 62.2560 63.4180 64.5790 67.4830 70.3870 73.2910 76.1950 79.0990 82.0030 84.9070 87.8110 89.3150 86.4110 83.5070 80.6030 77.6990 74.7950 71.8910
24.2080 23.0460 21.8850 20.7230 19.5610 19.5730 19.5850 17.4010 16.2390 13.3760 12.2140 11.0530 11.0820 11.1110 11.1400 12.3010 13.4630 15.2750 16.4370 17.5980 19.4100 20.5720 21.7340 23.5460 24.7070 25.8690 26.0660 26.0950 26.1240 27.2860 28.4480 29.6090 30.7710 31.9320 33.0940 34.2560 37.1600 40.0640 42.9680 45.8720 48.7760 51.6800 54.5840 57.4880 59.3520 60.5140 61.6750 62.8370 63.9980 65.1600 66.3220 67.4830 68.6450 71.5490 74.4530 77.3570 80.2610 83.1650 86.0690 88.9730 89.3440 86.4400 83.5360 80.6320 77.7280 74.8240 71.9200
27.1120 25.9500 24.7890 23.6270 22.4650 22.4770 21.4660 20.3050 17.4410 16.2800 15.1180 13.9570 13.9860 14.0150 14.0440 15.2050 16.3670 17.5290 19.3410 20.5020 21.6640 23.4760 24.6380 25.7990 27.6110 28.7730 28.9700 28.9990 29.0280 30.1900 31.3520 32.5130 33.6750 34.8360 35.9980 37.1600 38.3210 41.2250 44.1290 47.0330 49.9370 52.8410 55.7450 58.6490 61.5530 63.4180 64.5790 65.7410 66.9020 68.0640 69.2260 70.3870 71.5490 72.7100 75.6140 78.5180 81.4220 84.3260 87.2300 90.1340 89.3740 86.4700 83.5660 80.6620 77.7580 74.8540 71.9500
30.0160 28.8540 27.6930 26.5310 25.3690 25.3810 24.3700 21.5070 20.3450 19.1840 18.0220 16.8610 16.8900 16.9190 16.9480 18.1090 19.2710 20.4330 21.5940 23.4060 24.5680 25.7290 27.5420 28.7030 29.8650 31.6770 31.8740 31.9030 31.9320 33.0940 34.2560 35.4170 36.5790 37.7400 38.9020 40.0640 41.2250 42.3870 45.2910 48.1950 51.0990 54.0030 56.9070 59.8110 62.7150 65.6190 67.4830 68.6450 69.8060 70.9680 72.1300 73.2910 74.4530 75.6140 76.7760 79.6800 82.5840 85.4880 88.3920 91.2960 89.4030 86.4990 83.5950 80.6910 77.7870 74.8830 71.9790
32.9200 31.7580 30.5970 29.4350 28.2730 28.2850 25.5730 24.4110 23.2490 22.0880 20.9260 19.7650 19.7940 19.8230 19.8520 21.0130 22.1750 23.3370 24.4980 25.6600 27.4720 28.6330 29.7950 31.6070 32.7690 33.9300 34.7780 34.8070 34.8360 35.9980 37.1600 38.3210 39.4830 40.6440 41.8060 42.9680 44.1290 45.2910 46.4520 49.3560 52.2600 55.1640 58.0680 60.9720 63.8760 66.7800 69.6840 71.5490 72.7100 73.8720 75.0340 76.1950 77.3570 78.5180 79.6800 80.8420 83.7460 86.6500 89.5540 92.4580 90.5640 87.6600 84.7560 81.8520 78.9480 76.0440 74.8830
35.8240 34.6620 33.5010 32.3390 31.1770 29.6380 28.4770 27.3150 26.1530 24.9920 23.8300 22.6690 22.6980 22.7270 22.7560 23.9170 25.0790 26.2410 27.4020 28.5640 29.7250 31.5370 32.6990 33.8610 35.6730 36.8340 37.6820 37.7110 37.7400 38.9020 40.0640 41.2250 42.3870 43.5480 44.7100 45.8720 47.0330 48.1950 49.3560 50.5180 53.4220 56.3260 59.2300 62.1340 65.0380 67.9420 70.8460 73.7500 75.6140 76.7760 77.9380 79.0990 80.2610 81.4220 82.5840 83.7460 84.9070 87.8110 90.7150 93.6190 91.7260 88.8220 85.9180 83.0140 80.1100 78.9480 76.0850
38.7280 37.5660 36.4050 35.2430 33.7040 32.5420 31.3810 30.2190 29.0570 27.8960 26.7340 25.5730 25.6020 25.6310 25.6600 26.8210 27.9830 29.1450 30.3060 31.4680 32.6290 33.7910 35.6030 36.7650 37.9260 39.7380 40.5860 40.6150 40.6440 41.8060 42.9680 44.1290 45.2910 46.4520 47.6140 48.7760 49.9370 51.0990 52.2600 53.4220 54.5840 57.4880 60.3920 63.2960 66.2000 69.1040 72.0080 74.9120 77.8160 79.6800 80.8420 82.0030 83.1650 84.3260 85.4880 86.6500 87.8110 88.9730 91.8770 94.7810 92.8870 89.9830 87.0790 84.1750 83.0140 80.1500 77.8970
41.6320 40.4700 39.3090 37.7690 36.6080 35.4460 34.2850 33.1230 31.9610 30.8000 29.6380 28.4770 28.5060 28.5350 28.5640 29.7250 30.8870 32.0490 33.2100 34.3720 35.5330 36.6950 37.8570 39.6690 40.8300 41.9920 43.4900 43.5190 43.5480 44.7100 45.8720 47.0330 48.1950 49.3560 50.5180 51.6800 52.8410 54.0030 55.1640 56.3260 57.4880 58.6490 61.5530 64.4570 67.3610 70.2650 73.1690 76.0730 78.9770 81.8810 83.7460 84.9070 86.0690 87.2300 88.3920 89.5540 90.7150 91.8770 93.0380 95.9420 94.0490 91.1450 88.2410 86.6380 83.7340 80.8300 77.9260
