AppendixA/HikerMovements/data/dist_zigolade_1000.asc
ncols 271
nrows 294
xllcorner 698225
yllcorner 5141858
cellsize 30.00
nodata_value  224.303
[rows 232 to 260 of 294, columns 201 to 267 of 271]
44.5710 43.4090 41.8700 40.7080 39.5470 38.3850 37.2230 36.0620 34.9000 33.7390 32.5770 31.4150 31.4450 31.4740 31.5030 32.6640 33.8260 34.9870 36.1490 37.3110 38.4720 39.6340 40.7950 41.9570 43.7690 44.9310 46.0920 46.4580 46.4870 47.6490 48.8100 49.9720 51.1340 52.2950 53.4570 54.6180 55.7800 56.9420 58.1030 59.2650 60.4260 61.5880 62.7500 65.6540 68.5580 71.4620 74.3660 77.2700 80.1740 83.0780 85.9820 87.8460 89.0080 90.1690 91.3310 92.4920 93.6540 94.8160 95.9770 97.1390 95.2450 92.3410 89.6060 86.7020 83.7980 80.8940 77.9900
47.4750 45.9350 44.7740 43.6120 42.4510 41.2890 40.1270 38.9660 37.8040 36.6430 35.4810 34.3190 34.3490 34.3780 34.4070 35.5680 36.7300 37.8910 39.0530 40.2150 41.3760 42.5380 43.6990 44.8610 46.0230 47.8350 48.9960 49.3620 49.3910 50.5530 51.7140 52.8760 54.0380 55.1990 56.3610 57.5220 58.6840 59.8460 61.0070 62.1690 63.3300 64.4920 65.6540 66.8150 69.7190 72.6230 75.5270 78.4310 81.3350 84.2390 87.1430 90.0470 91.9120 93.0730 94.2350 95.3960 96.5580 97.7200 98.8810 99.3110 96.4070 93.6710 90.7670 87.8630 84.9590 82.0550 79.1510
50.0010 48.8390 47.6780 46.5160 45.3550 44.1930 43.0310 41.8700 40.7080 39.5470 38.3850 37.2230 37.2530 37.2820 37.3110 38.4720 39.6340 40.7950 41.9570 43.1190 44.2800 45.4420 46.6030 47.7650 48.9270 50.0880 51.9000 52.2660 52.2950 53.4570 54.6180 55.7800 56.9420 58.1030 59.2650 60.4260 61.5880 62.7500 63.9110 65.0730 66.2340 67.3960 68.5580 69.7190 70.8810 73.7850 76.6890 79.5930 82.4970 85.4010 88.3050 91.2090 94.1130 95.9770 97.1390 98.3000 99.4620 100.624 101.785 100.473 97.7370 94.8330 91.9290 89.0250 86.1210 83.2170 80.3130
52.9050 51.7430 50.5820 49.4200 48.2590 47.0970 45.9350 44.7740 43.6120 42.4510 41.2890 40.1270 40.1570 40.1860 40.2150 41.3760 42.5380 43.6990 44.8610 46.0230 47.1840 48.3460 49.5070 50.6690 51.8310 52.9920 54.1540 55.1700 55.1990 56.3610 57.5220 58.6840 59.8460 61.0070 62.1690 63.3300 64.4920 65.6540 66.8150 67.9770 69.1380 70.3000 71.4620 72.6230 73.7850 74.9460 77.8500 80.7540 83.6580 86.5620 89.4660 92.3700 95.2740 98.1780 100.043 101.204 102.366 103.528 104.225 101.321 98.4170 95.5130 92.6090 89.7050 86.8010 83.8970 80.9930
55.8090 54.6470 53.4860 52.3240 51.1630 50.0010 48.8390 47.6780 46.5160 45.3550 44.1930 43.0310 43.0610 43.0900 43.1190 44.2800 45.4420 46.6030 47.7650 48.9270 50.0880 51.2500 52.4110 53.5730 54.7350 55.8960 57.0580 58.0740 58.1030 59.2650 60.4260 61.5880 62.7500 63.9110 65.0730 66.2340 67.3960 68.5580 69.7190 70.8810 72.0420 73.2040 74.3660 75.5270 76.6890 77.8500 79.0120 81.9160 84.8200 87.7240 90.6280 93.5320 96.4360 99.3400 102.244 104.108 105.270 106.432 104.254 101.350 98.4460 95.5420 92.6380 89.7340 86.8300 83.9260 81.0220
58.7130 57.5510 56.3900 55.2280 54.0670 52.9050 51.7430 50.5820 49.4200 48.2590 47.0970 45.9350 45.9650 45.9940 46.0230 47.1840 48.3460 49.5070 50.6690 51.8310 52.9920 54.1540 55.3150 56.4770 57.6390 58.8000 59.9620 60.9780 61.0070 62.1690 63.3300 64.4920 65.6540 66.8150 67.9770 69.1380 70.3000 71.4620 72.6230 73.7850 74.9460 76.1080 77.2700 78.4310 79.5930 80.7540 81.9160 83.0780 85.9820 88.8860 91.7900 94.6940 97.5980 100.502 103.406 106.310 108.174 107.187 104.283 101.379 98.4750 95.5710 92.6670 89.7630 86.8590 83.9550 81.0510
61.6170 60.4550 59.2940 58.1320 56.9710 55.8090 54.6470 53.4860 52.3240 51.1630 50.0010 48.8390 48.8690 48.8980 48.9270 50.0880 51.2500 52.4110 53.5730 54.7350 55.8960 57.0580 58.2190 59.3810 60.5430 61.7040 62.8660 63.8820 63.9110 65.0730 66.2340 67.3960 68.5580 69.7190 70.8810 72.0420 73.2040 74.3660 75.5270 76.6890 77.8500 79.0120 80.1740 81.3350 82.4970 83.6580 84.8200 85.9820 87.1430 90.0470 92.9510 95.8550 98.7590 101.663 104.567 107.471 110.375 108.348 105.444 102.540 99.6360 96.7320 93.8280 90.9240 88.0200 85.1160 82.2120
64.5210 63.3590 62.1980 61.0360 59.8750 58.7130 57.5510 56.3900 55.2280 54.0670 52.9050 51.7430 51.7730 51.8020 51.8310 52.9920 54.1540 55.3150 56.4770 57.6390 58.8000 59.9620 61.1230 62.2850 63.4470 64.6080 65.7700 66.7860 66.8150 67.9770 69.1380 70.3000 71.4620 72.6230 73.7850 74.9460 76.1080 77.2700 78.4310 79.5930 80.7540 81.9160 83.0780 84.2390 85.4010 86.5620 87.7240 88.8860 90.0470 91.2090 94.1130 97.0170 99.9210 102.825 105.729 108.633 111.537 109.510 106.606 103.702 100.798 97.8940 94.9900 92.0860 89.1820 86.2780 83.3740
67.4250 66.2630 65.1020 63.9400 62.7790 61.6170 60.4550 59.2940 58.1320 56.9710 55.8090 54.6470 54.6770 54.7060 54.7350 55.8960 57.0580 58.2190 59.3810 60.5430 61.7040 62.8660 64.0270 65.1890 66.3510 67.5120 68.6740 69.6900 69.7190 70.8810 72.0420 73.2040 74.3660 75.5270 76.6890 77.8500 79.0120 80.1740 81.3350 82.4970 83.6580 84.8200 85.9820 87.1430 88.3050 89.4660 90.6280 91.7900 92.9510 94.1130 95.2740 98.1780 101.082 103.986 106.890 109.794 112.698 110.671 107.767 104.863 101.959 99.0550 96.1510 93.2470 90.3430 87.4390 84.5350
70.3290 69.1670 68.0060 66.8440 65.6830 64.5210 63.3590 62.1980 61.0360 59.8750 58.7130 57.5510 57.5810 57.6100 57.6390 58.8000 59.9620 61.1230 62.2850 63.4470 64.6080 65.7700 66.9310 68.0930 69.2550 70.4160 71.5780 72.5940 72.6230 73.7850 74.9460 76.1080 77.2700 78.4310 79.5930 80.7540 81.9160 83.0780 84.2390 85.4010 86.5620 87.7240 88.8860 90.0470 91.2090 92.3700 93.5320 94.6940 95.8550 97.0170 98.1780 99.3400 102.244 105.148 108.052 110.956 113.860 111.833 108.929 106.025 103.121 100.217 97.3130 94.4090 91.5050 88.6010 87.4390
73.2330 72.0710 70.9100 69.7480 68.5870 67.4250 66.2630 65.1020 63.9400 62.7790 61.6170 60.4550 60.4850 60.5140 60.5430 61.7040 62.8660 64.0270 65.1890 66.3510 67.5120 68.6740 69.8350 70.9970 72.1590 73.3200 74.4820 75.4980 75.5270 76.6890 77.8500 79.0120 80.1740 81.3350 82.4970 83.6580 84.8200 85.9820 87.1430 88.3050 89.4660 90.6280 91.7900 92.9510 94.1130 95.2740 96.4360 97.5980 98.7590 99.9210 101.082 102.244 103.406 106.310 109.214 112.118 115.022 112.995 110.091 107.187 104.283 101.379 98.4750 95.5710 92.6670 91.5050 90.3430
76.1370 74.9750 73.8140 72.6520 71.4910 70.3290 69.1670 68.0060 66.8440 65.6830 64.5210 63.3590 63.3890 63.4180 63.4470 64.6080 65.7700 66.9310 68.0930 69.2550 70.4160 71.5780 72.7390 73.9010 75.0630 76.2240 77.3860 78.4020 78.4310 79.5930 80.7540 81.9160 83.0780 84.2390 85.4010 86.5620 87.7240 88.8860 90.0470 91.2090 92.3700 93.5320 94.6940 95.8550 97.0170 98.1780 99.3400 100.502 101.663 102.825 103.986 105.148 106.310 107.471 110.375 113.279 116.183 114.156 111.252 108.348 105.444 102.540 99.6360 96.7320 95.5710 94.4090 93.2470
79.0410 77.8790 76.7180 75.5560 74.3950 73.2330 72.0710 70.9100 69.7480 68.5870 67.4250 66.2630 66.2930 66.3220 66.3510 67.5120 68.6740 69.8350 70.9970 72.1590 73.3200 74.4820 75.6430 76.8050 77.9670 79.1280 80.2900 81.3060 81.3350 82.4970 83.6580 84.8200 85.9820 87.1430 88.3050 89.4660 90.6280 91.7900 92.9510 94.1130 95.2740 96.4360 97.5980 98.7590 99.9210 101.082 102.244 103.406 104.567 105.729 106.890 108.052 109.214 110.375 111.537 114.441 117.345 115.318 112.414 109.510 106.606 103.702 100.798 99.6360 98.4750 97.3130 96.1510
81.9450 80.7830 79.6220 78.4600 77.2990 76.1370 74.9750 73.8140 72.6520 71.4910 70.3290 69.1670 69.1970 69.2260 69.2550 70.4160 71.5780 72.7390 73.9010 75.0630 76.2240 77.3860 78.5470 79.7090 80.8710 82.0320 83.1940 84.2100 84.2390 85.4010 86.5620 87.7240 88.8860 90.0470 91.2090 92.3700 93.5320 94.6940 95.8550 97.0170 98.1780 99.3400 100.502 101.663 102.825 103.986 105.148 106.310 107.471 108.633 109.794 110.956 112.118 113.279 114.441 115.602 118.506 116.479 113.575 110.671 107.767 104.863 103.702 102.540 101.379 100.217 99.0550
84.8490 83.6870 82.5260 81.3640 80.2030 79.0410 77.8790 76.7180 75.5560 74.3950 73.2330 72.0710 72.1010 72.1300 72.1590 73.3200 74.4820 75.6430 76.8050 77.9670 79.1280 80.2900 81.4510 82.6130 83.7750 84.9360 86.0980 87.1140 87.1430 88.3050 89.4660 90.6280 91.7900 92.9510 94.1130 95.2740 96.4360 97.5980 98.7590 99.9210 101.082 102.244 103.406 104.567 105.729 106.890 108.052 109.214 110.375 111.537 112.698 113.860 115.022 116.183 117.345 118.506 119.668 117.641 114.737 111.833 108.929 107.767 106.606 105.444 104.283 103.121 101.437
87.7530 86.5910 85.4300 84.2680 83.1070 81.9450 80.7830 79.6220 78.4600 77.2990 76.1370 74.9750 75.0050 75.0340 75.0630 76.2240 77.3860 78.5470 79.7090 80.8710 82.0320 83.1940 84.3550 85.5170 86.6790 87.8400 89.0020 90.0180 90.0470 91.2090 92.3700 93.5320 94.6940 95.8550 97.0170 98.1780 99.3400 100.502 101.663 102.825 103.986 105.148 106.310 107.471 108.633 109.794 110.956 112.118 113.279 114.441 115.602 116.764 117.926 119.087 120.249 121.410 121.707 118.803 115.899 112.995 111.833 110.671 109.510 108.348 107.187 105.502 102.598
90.6570 89.4950 88.3340 87.1720 86.0110 84.8490 83.6870 82.5260 81.3640 80.2030 79.0410 77.8790 77.9090 77.9380 77.9670 79.1280 80.2900 81.4510 82.6130 83.7750 84.9360 86.0980 87.2590 88.4210 89.5830 90.7440 91.9060 92.9220 92.9510 94.1130 95.2740 96.4360 97.5980 98.7590 99.9210 101.082 102.244 103.406 104.567 105.729 106.890 108.052 109.214 110.375 111.537 112.698 113.860 115.022 116.183 117.345 118.506 119.668 120.830 121.991 123.153 124.314 122.868 119.964 117.060 115.899 114.737 113.575 112.414 111.252 109.568 106.664 103.760
93.5610 92.3990 91.2380 90.0760 88.9150 87.7530 86.5910 85.4300 84.2680 83.1070 81.9450 80.7830 80.8130 80.8420 80.8710 82.0320 83.1940 84.3550 85.5170 86.6790 87.8400 89.0020 90.1630 91.3250 92.4870 93.6480 94.8100 95.8260 95.8550 97.0170 98.1780 99.3400 100.502 101.663 102.825 103.986 105.148 106.310 107.471 108.633 109.794 110.956 112.118 113.279 114.441 115.602 116.764 117.926 119.087 120.249 121.410 122.572 123.734 124.895 126.057 126.934 124.030 121.126 119.964 118.803 117.641 116.479 115.318 113.634 110.730 107.826 104.922
96.4650 95.3030 94.1420 92.9800 91.8190 90.6570 89.4950 88.3340 87.1720 86.0110 84.8490 83.6870 83.7170 83.7460 83.7750 84.9360 86.0980 87.2590 88.4210 89.5830 90.7440 91.9060 93.0670 94.2290 95.3910 96.5520 97.7140 98.7300 98.7590 99.9210 101.082 102.244 103.406 104.567 105.729 106.890 108.052 109.214 110.375 111.537 112.698 113.860 115.022 116.183 117.345 118.506 119.668 120.830 121.991 123.153 124.314 125.476 126.638 127.799 128.961 128.095 125.191 124.030 122.868 121.707 120.545 119.383 117.699 114.795 111.891 108.987 107.826
99.3690 98.2070 97.0460 95.8840 94.7230 93.5610 92.3990 91.2380 90.0760 88.9150 87.7530 86.5910 86.6210 86.6500 86.6790 87.8400 89.0020 90.1630 91.3250 92.4870 93.6480 94.8100 95.9710 97.1330 98.2950 99.4560 100.618 101.634 101.663 102.825 103.986 105.148 106.310 107.471 108.633 109.794 110.956 112.118 113.279 114.441 115.602 116.764 117.926 119.087 120.249 121.410 122.572 123.734 124.895 126.057 127.218 128.380 129.542 130.703 131.865 129.257 128.095 126.934 125.772 124.611 123.449 121.765 118.861 115.957 113.053 111.891 110.730
102.273 101.111 99.9500 98.7880 97.6270 96.4650 95.3030 94.1420 92.9800 91.8190 90.6570 89.4950 89.5250 89.5540 89.5830 90.7440 91.9060 93.0670 94.2290 95.3910 96.5520 97.7140 98.8750 100.037 101.199 102.360 103.522 104.538 104.567 105.729 106.890 108.052 109.214 110.375 111.537 112.698 113.860 115.022 116.183 117.345 118.506 119.668 120.830 121.991 123.153 124.314 125.476 126.638 127.799 128.961 130.122 131.284 132.446 133.607 133.323 132.161 130.999 129.838 128.676 127.515 125.830 122.926 120.022 117.118 115.957 114.795 113.634
105.177 104.015 102.854 101.692 100.531 99.3690 98.2070 97.0460 95.8840 94.7230 93.5610 92.3990 92.4290 92.4580 92.4870 93.6480 94.8100 95.9710 97.1330 98.2950 99.4560 100.618 101.779 102.941 104.103 105.264 106.426 107.442 107.471 108.633 109.794 110.956 112.118 113.279 114.441 115.602 116.764 117.926 119.087 120.249 121.410 122.572 123.734 124.895 126.057 127.218 128.380 129.542 130.703 131.865 133.026 134.188 135.350 136.511 136.227 135.065 133.903 132.742 131.580 129.896 126.992 124.088 121.184 120.022 118.861 117.699 116.538
108.081 106.919 105.758 104.596 103.435 102.273 101.111 99.9500 98.7880 97.6270 96.4650 95.3030 95.3330 95.3620 95.3910 96.5520 97.7140 98.8750 100.037 101.199 102.360 103.522 104.683 105.845 107.007 108.168 109.330 110.346 110.375 111.537 112.698 113.860 115.022 116.183 117.345 118.506 119.668 120.830 121.991 123.153 124.314 125.476 126.638 127.799 128.961 130.122 131.284 132.446 133.607 134.769 135.930 137.092 138.254 139.415 139.131 137.969 136.807 135.646 133.962 131.058 128.154 125.250 124.088 122.926 121.765 120.603 119.442
110.985 109.823 108.662 107.500 106.339 105.177 104.015 102.854 101.692 100.531 99.3690 98.2070 98.2370 98.2660 98.2950 99.4560 100.618 101.779 102.941 104.103 105.264 106.426 107.587 108.749 109.911 111.072 112.234 113.250 113.279 114.441 115.602 116.764 117.926 119.087 120.249 121.410 122.572 123.734 124.895 126.057 127.218 128.380 129.542 130.703 131.865 133.026 134.188 135.350 136.511 137.673 138.834 139.996 141.158 142.319 142.035 140.873 139.711 138.027 135.123 132.219 129.315 128.154 126.992 125.830 124.669 123.507 122.346
113.889 112.727 111.566 110.404 109.243 108.081 106.919 105.758 104.596 103.435 102.273 101.111 101.141 101.170 101.199 102.360 103.522 104.683 105.845 107.007 108.168 109.330 110.491 111.653 112.815 113.976 115.138 116.154 116.183 117.345 118.506 119.668 120.830 121.991 123.153 124.314 125.476 126.638 127.799 128.961 130.122 131.284 132.446 133.607 134.769 135.930 137.092 138.254 139.415 140.577 141.738 142.900 144.062 145.223 144.939 143.777 142.093 139.189 136.285 133.381 132.219 131.058 129.896 128.734 127.573 126.411 125.250
116.793 115.631 114.470 113.308 112.147 110.985 109.823 108.662 107.500 106.339 105.177 104.015 104.045 104.074 104.103 105.264 106.426 107.587 108.749 109.911 111.072 112.234 113.395 114.557 115.719 116.880 118.042 119.058 119.087 120.249 121.410 122.572 123.734 124.895 126.057 127.218 128.380 129.542 130.703 131.865 133.026 134.188 135.350 136.511 137.673 138.834 139.996 141.158 142.319 143.481 144.642 145.804 146.966 148.127 147.843 146.158 143.254 140.350 137.446 136.285 135.123 133.962 132.800 131.638 130.477 129.315 128.154
119.697 118.535 117.374 116.212 115.051 113.889 112.727 111.566 110.404 109.243 108.081 106.919 106.949 106.978 107.007 108.168 109.330 110.491 111.653 112.815 113.976 115.138 116.299 117.461 118.623 119.784 120.946 121.962 121.991 123.153 124.314 125.476 126.638 127.799 128.961 130.122 131.284 132.446 133.607 134.769 135.930 137.092 138.254 139.415 140.577 141.738 142.900 144.062 145.223 146.385 147.546 148.708 149.870 151.031 150.224 147.320 144.416 141.512 140.350 139.189 138.027 136.866 135.704 134.542 133.381 132.219 131.058
122.601 121.439 120.278 119.116 117.955 116.793 115.631 114.470 113.308 112.147 110.985 109.823 109.853 109.882 109.911 111.072 112.234 113.395 114.557 115.719 116.880 118.042 119.203 120.365 121.527 122.688 123.850 124.866 124.895 126.057 127.218 128.380 129.542 130.703 131.865 133.026 134.188 135.350 136.511 137.673 138.834 139.996 141.158 142.319 143.481 144.642 145.804 146.966 148.127 149.289 150.450 151.612 152.774 153.935 151.386 148.482 145.578 144.416 143.254 142.093 140.931 139.770 138.608 137.446 136.285 135.123 133.962
125.505 124.343 123.182 122.020 120.859 119.697 118.535 117.374 116.212 115.051 113.889 112.727 112.757 112.786 112.815 113.976 115.138 116.299 117.461 118.623 119.784 120.946 122.107 123.269 124.431 125.592 126.754 127.770 127.799 128.961 130.122 131.284 132.446 133.607 134.769 135.930 137.092 138.254 139.415 140.577 141.738 142.900 144.062 145.223 146.385 147.546 148.708 149.870 151.031 152.193 153.354 154.516 155.678 155.451 152.547 149.643 148.482 147.320 146.158 144.997 143.835 142.674 141.512 140.350 139.189 138.027 136.866
