AppendixA/HikerMovements/data/dist_zigolade_1000.asc
ncols 271
nrows 294
xllcorner 698225
yllcorner 5141858
cellsize 30.00
nodata_value  224.303
[rows 0 to 28 of 294, columns 67 to 133 of 271]
118.611 119.773 120.934 122.096 123.257 124.419 125.581 126.742 127.904 129.065 130.227 133.131 136.035 138.939 141.843 143.980 145.142 146.304 147.994 149.155 150.317 153.221 156.026 157.188 158.349 159.534 156.630 153.726 150.822 148.470 145.566 142.662 139.758 136.854 133.950 131.046 128.142 125.238 122.334 119.430 116.526 113.622 110.718 107.814 104.910 102.006 99.1020 96.1980 93.2940 90.3900 87.4860 84.5820 81.6780 78.7740 75.8700 72.9660 70.0620 67.1580 64.2540 61.3500 58.4460 55.5420 52.6380 49.7340 46.8300 43.9260 41.0220
115.707 116.869 118.030 119.192 120.353 121.515 122.677 123.838 125.000 126.161 129.065 131.969 134.873 137.777 139.915 141.076 142.238 143.928 145.090 146.251 149.155 151.961 153.122 154.284 156.996 158.158 155.469 152.565 149.661 146.757 144.404 141.500 138.596 135.692 132.788 129.884 126.980 124.076 121.172 118.268 115.364 112.460 109.556 106.652 103.748 100.844 97.9400 95.0360 92.1320 89.2280 86.3240 83.4200 80.5160 77.6120 74.7080 71.8040 68.9000 65.9960 63.0920 60.1880 57.2840 54.3800 51.4760 48.5720 45.6680 42.7640 39.8600
112.803 113.965 115.126 116.288 117.449 118.611 119.773 120.934 122.096 125.000 127.904 130.808 133.712 135.849 137.011 138.172 139.862 141.024 142.186 145.090 147.895 149.057 150.218 152.930 154.092 155.254 154.307 151.403 148.499 145.595 142.691 140.339 137.435 134.531 131.627 128.723 125.819 122.915 120.011 117.107 114.203 111.299 108.395 105.491 102.587 99.6830 96.7790 93.8750 90.9710 88.0670 85.1630 82.2590 79.3550 76.4510 73.5470 70.6430 67.7390 64.8350 61.9310 59.0270 56.1230 53.2190 50.3150 47.4110 44.5070 41.6030 38.6990
109.899 111.061 112.222 113.384 114.545 115.707 116.869 118.030 120.934 123.838 126.742 129.646 131.784 132.945 134.107 135.797 136.958 138.120 141.024 143.829 144.991 146.153 148.865 150.026 151.188 152.350 153.145 150.241 147.337 144.433 141.529 138.625 136.273 133.369 130.465 127.561 124.657 121.753 118.849 115.945 113.041 110.137 107.233 104.329 101.425 98.5210 95.6170 92.7130 89.8090 86.9050 84.0010 81.0970 78.1930 75.2890 72.3850 69.4810 66.5770 63.6730 60.7690 57.8650 54.9610 52.0570 49.1530 46.2490 43.3450 40.4410 37.5370
106.995 108.157 109.318 110.480 111.641 112.803 113.965 116.869 119.773 122.677 125.581 127.718 128.880 130.041 131.731 132.893 134.054 136.958 139.764 140.925 142.087 144.799 145.961 147.122 148.284 149.446 150.607 149.080 146.176 143.272 140.368 137.464 134.560 132.306 129.402 126.498 124.628 121.724 118.820 115.916 113.012 110.108 107.204 104.300 101.396 98.4920 95.5880 92.6840 89.7800 86.8760 83.9720 81.0680 78.1640 75.2600 72.3560 69.4520 66.5480 63.6440 60.7400 57.8360 54.9320 52.0280 49.1240 46.2200 43.3160 40.4120 37.5080
104.091 105.253 106.414 107.576 108.737 109.899 112.803 115.707 118.611 121.515 123.652 124.814 125.976 127.666 128.827 129.989 132.893 135.698 136.860 138.021 140.734 141.895 143.057 144.218 145.380 146.542 147.703 147.918 145.014 142.110 139.206 136.302 133.398 130.494 128.241 125.337 122.433 121.271 118.408 115.887 112.983 110.079 107.175 104.271 101.367 98.4630 95.5590 92.6550 89.7510 86.8470 83.9430 81.0390 78.1350 75.2310 72.3270 69.4230 66.5190 63.6150 60.7110 57.8070 54.9030 51.9990 49.0950 46.1910 43.2870 40.3830 37.4790
101.187 102.349 103.510 104.672 105.833 108.737 111.641 114.545 117.449 119.587 120.748 121.910 123.600 124.762 125.923 128.827 131.633 132.794 133.956 136.668 137.830 138.991 140.153 141.314 142.476 143.638 144.799 145.961 143.853 140.949 138.045 135.141 132.237 129.333 126.429 124.175 121.271 118.367 117.205 114.342 112.954 110.050 107.146 104.242 101.338 98.4340 95.5300 92.6260 89.7220 86.8180 83.9140 81.0100 78.1060 75.2020 72.2980 69.3940 66.4900 63.5860 60.6820 57.7780 54.8740 51.9700 49.0660 46.1620 43.2580 40.3540 37.4500
98.2830 99.4450 100.606 101.768 104.672 107.576 110.480 113.384 115.521 116.683 117.844 119.534 120.696 121.858 124.762 127.567 128.729 129.890 132.602 133.764 134.926 136.087 137.249 138.410 139.572 140.734 141.895 144.799 142.691 139.787 136.883 133.979 131.075 128.171 125.267 122.363 120.109 117.205 114.301 113.140 110.276 109.115 106.252 103.998 101.094 98.1900 95.5010 92.5970 89.6930 86.7890 83.8850 80.9810 78.0770 75.1730 72.2690 69.3650 66.4610 63.5570 60.6530 57.7490 54.8450 51.9410 49.0370 46.1330 43.2290 40.3250 37.4210
95.3790 96.5410 97.7020 100.606 103.510 106.414 109.318 111.456 112.617 113.779 115.469 116.630 117.792 120.696 123.501 124.663 125.825 128.537 129.698 130.860 132.022 133.183 134.345 135.506 136.668 137.830 140.734 143.638 141.529 138.625 135.721 132.817 129.913 127.009 124.105 121.201 118.297 116.044 113.140 110.236 109.074 106.211 105.049 102.186 99.9320 97.0280 94.1240 92.5680 89.6640 86.7600 83.8560 80.9520 78.0480 75.1440 72.2400 69.3360 66.4320 63.5280 60.6240 57.7200 54.8160 51.9120 49.0080 46.1040 43.2000 40.2960 37.3920
92.4750 93.6370 96.5410 99.4450 102.349 105.253 107.390 108.552 109.713 111.403 112.565 113.726 116.630 119.436 120.597 121.759 124.471 125.633 126.794 127.956 129.118 130.279 131.441 132.602 133.764 136.668 139.572 142.476 140.368 137.464 134.560 131.656 128.752 125.848 122.944 120.040 117.136 114.232 111.978 109.074 106.170 105.009 102.145 100.984 98.1200 95.8670 92.9630 90.0590 88.8970 86.7310 83.8270 80.9230 78.0190 75.1150 72.2110 69.3070 66.4030 63.4990 60.5950 57.6910 54.7870 51.8830 48.9790 46.0750 43.1710 40.2670 37.3630
89.5710 92.4750 95.3790 98.2830 101.187 103.324 104.486 105.648 107.338 108.499 109.661 112.565 115.370 116.532 117.693 120.406 121.567 122.729 123.890 125.052 126.214 127.375 128.537 129.698 132.602 135.506 138.410 140.298 139.206 136.302 133.398 130.494 127.590 124.686 121.782 118.878 115.974 113.070 110.166 107.913 105.009 102.105 100.943 98.0800 96.9180 94.0550 91.8010 88.8970 85.9930 84.8320 83.6700 81.9800 79.1800 76.2760 73.3720 70.4680 67.5640 64.6600 61.7560 58.8520 55.9480 53.0440 50.1400 47.2360 44.3320 41.4280 38.5240
88.4090 91.3130 94.2170 97.1210 99.2590 100.420 101.582 103.272 104.434 105.595 108.499 111.305 112.466 113.628 116.340 117.502 118.663 119.825 120.986 122.148 123.310 124.471 125.633 128.537 131.441 134.345 136.232 137.394 138.045 135.141 132.237 129.333 126.429 123.525 120.621 117.717 114.813 111.909 109.005 106.101 103.847 100.943 98.0390 96.8770 94.0140 92.8520 89.9890 87.7360 84.8320 81.9280 80.7660 79.6040 77.9140 75.6610 72.7570 69.8530 67.4770 64.5730 61.6690 58.7650 55.8610 52.9570 50.0530 47.1490 44.2450 41.3410 38.4370
87.2480 90.1520 93.0560 95.1930 96.3550 97.5160 99.2060 100.368 101.530 104.434 107.239 108.401 109.562 112.274 113.436 114.598 115.759 116.921 118.082 119.244 120.406 121.567 124.471 127.375 130.279 132.167 133.328 134.490 135.652 133.979 131.075 128.171 125.267 122.363 119.459 116.555 113.651 110.747 107.843 104.939 102.035 99.7810 96.8770 93.9730 92.8120 89.9480 88.7870 85.9240 83.6700 80.7660 77.8620 76.7000 75.5390 73.8490 71.5950 68.6910 65.7870 63.4120 60.5080 57.6040 54.7000 51.7960 48.8920 45.9880 43.0840 40.1800 37.2760
86.0860 88.9900 91.1280 92.2890 93.4510 95.1410 96.3020 97.4640 100.368 103.173 104.335 105.497 108.209 109.370 110.532 111.694 112.855 114.017 115.178 116.340 117.502 120.406 123.310 126.214 128.101 129.263 130.424 131.586 132.748 132.817 129.913 127.009 124.105 121.201 118.297 115.393 112.489 109.585 106.681 103.777 100.873 97.9690 95.7160 92.8120 89.9080 88.7460 85.8830 84.7210 81.8580 79.6040 76.7000 73.7960 72.6350 71.4730 69.7830 67.5300 64.6260 61.7220 60.4790 57.5750 54.6710 51.7670 48.8630 45.9590 43.0550 40.1510 37.2470
84.9250 87.0620 88.2240 89.3850 91.0750 92.2370 93.3980 96.3020 99.1080 100.269 101.431 104.143 105.305 106.466 107.628 108.790 109.951 111.113 112.274 113.436 116.340 119.244 122.148 124.036 125.197 126.359 127.520 128.682 129.844 131.005 128.752 125.848 122.944 120.040 117.136 114.232 111.328 108.424 105.520 102.616 99.7120 96.8080 93.9040 91.6500 88.7460 85.8420 84.6810 81.8170 80.6560 77.7920 75.5390 72.6350 69.7310 68.5690 67.4080 65.7180 63.4640 60.5600 57.6560 56.4940 53.6310 51.7380 48.8340 45.9300 43.0260 40.1220 37.2180
82.9960 84.1580 85.3200 87.0100 88.1710 89.3330 92.2370 95.0420 96.2040 97.3650 100.078 101.239 102.401 103.562 104.724 105.886 107.047 108.209 109.370 112.274 115.178 118.082 119.970 121.132 122.293 123.455 124.616 125.778 126.940 128.101 127.590 124.686 121.782 118.878 115.974 113.070 110.166 107.262 104.358 101.454 98.5500 95.6460 92.7420 89.8380 87.5850 84.6810 81.7770 80.6150 77.7520 76.5900 73.7270 71.4730 68.5690 65.6650 64.5040 63.3420 61.6520 59.3980 56.4940 53.5900 52.4290 49.5650 48.4040 45.5410 42.9970 40.0930 37.1890
80.0920 81.2540 82.9440 84.1060 85.2670 88.1710 90.9770 92.1380 93.3000 96.0120 97.1740 98.3350 99.4970 100.658 101.820 102.982 104.143 105.305 108.209 111.113 114.017 115.904 117.066 118.228 119.389 120.551 121.712 122.874 124.036 125.197 126.429 123.525 120.621 117.717 114.813 111.909 109.005 106.101 103.197 100.293 97.3890 94.4850 91.5810 88.6770 85.7730 83.5190 80.6150 77.7110 76.5490 73.6860 72.5240 69.6610 67.4080 64.5040 61.6000 60.4380 59.2760 57.5860 55.3330 52.4290 49.5250 48.3630 45.5000 44.3380 41.4750 40.3130 37.4500
77.1880 78.8780 80.0400 81.2020 84.1060 86.9110 88.0730 89.2340 91.9460 93.1080 94.2700 95.4310 96.5930 97.7540 98.9160 100.078 101.239 104.143 107.047 109.951 111.839 113.000 114.162 115.324 116.485 117.647 118.808 119.970 121.132 123.827 124.988 122.363 119.459 116.555 113.651 110.747 107.843 104.939 102.035 99.1310 96.2270 93.3230 90.4190 87.5150 84.6110 81.7070 79.4530 76.5490 73.6450 72.4840 69.6200 68.4590 65.5960 63.3420 60.4380 57.5340 56.3720 55.2110 53.5210 51.2670 48.3630 45.4590 44.2980 41.4340 40.2730 37.4090 36.2480
74.8130 75.9740 77.1360 80.0400 82.8450 84.0070 85.1690 87.8810 89.0420 90.2040 91.3660 92.5270 93.6890 94.8500 96.0120 97.1740 100.078 102.982 105.886 107.773 108.935 110.096 111.258 112.420 113.581 114.743 115.904 117.066 119.761 120.923 122.084 121.201 118.297 115.393 112.489 109.585 106.681 103.777 100.873 97.9690 95.0650 92.1610 89.2570 86.3530 83.4490 80.5450 77.6410 75.3880 72.4840 69.5800 68.4180 65.5550 64.3930 61.5300 59.2760 56.3720 53.4680 52.3070 51.1450 49.4550 47.2020 44.2980 41.3940 40.2320 37.3690 36.2070 33.3440
71.9090 73.0700 75.9740 78.7800 79.9410 81.1030 83.8150 84.9770 86.1380 87.3000 88.4620 89.6230 90.7850 91.9460 93.1080 96.0120 98.9160 101.820 103.708 104.869 106.031 107.192 108.354 109.516 110.677 111.839 113.000 115.695 116.857 118.019 119.180 120.040 117.136 114.232 111.328 108.424 105.520 102.616 99.7120 96.8080 93.9040 91.0000 88.0960 85.1920 82.2880 79.3840 76.4800 73.5760 71.3220 68.4180 65.5140 64.3530 61.4890 60.3280 57.4640 55.2110 52.3070 49.4030 48.2410 47.0800 45.3900 43.1360 40.2320 37.3280 36.1660 33.3030 32.1410
69.0050 71.9090 74.7140 75.8760 77.0370 79.7500 80.9110 82.0730 83.2340 84.3960 85.5580 86.7190 87.8810 89.0420 91.9460 94.8500 97.7540 99.6420 100.804 101.965 103.127 104.288 105.450 106.612 107.773 108.935 111.630 112.791 113.953 115.115 116.276 117.438 115.974 113.070 110.166 107.262 104.358 101.454 98.5500 95.6460 92.7420 89.8380 86.9340 84.0300 81.1260 78.2220 75.3180 72.4140 69.5100 67.2570 64.3530 61.4490 60.2870 57.4240 56.2620 53.3990 51.1450 48.2410 45.3370 44.1760 43.0140 41.3240 39.0700 36.1660 33.2620 32.1010 29.2370
67.8430 70.6490 71.8100 72.9720 75.6840 76.8460 78.0070 79.1690 80.3300 81.4920 82.6540 83.8150 84.9770 87.8810 90.7850 93.6890 95.5760 96.7380 97.9000 99.0610 100.223 101.384 102.546 103.708 104.869 107.564 108.726 109.887 111.049 112.211 113.372 114.534 114.813 111.909 109.005 106.101 103.197 100.293 97.3890 94.4850 91.5810 88.6770 85.7730 82.8690 79.9650 77.0610 74.1570 71.2530 68.3490 65.4450 63.1910 60.2870 57.3830 56.2210 53.3580 52.1960 49.3330 47.0800 44.1760 41.2720 40.1100 38.9480 37.2580 35.0050 32.1010 29.1970 28.0350
66.5830 67.7450 68.9060 71.6180 72.7800 73.9420 75.1030 76.2650 77.4260 78.5880 79.7500 80.9110 83.8150 86.7190 89.6230 91.5110 92.6720 93.8340 94.9960 96.1570 97.3190 98.4800 99.6420 100.804 103.499 104.660 105.822 106.983 108.145 109.307 110.468 111.630 112.791 110.747 107.843 104.939 102.035 99.1310 96.2270 93.3230 90.4190 87.5150 84.6110 81.7070 78.8030 75.8990 72.9950 70.0910 67.1870 64.2830 61.3790 59.1250 56.2210 53.3170 52.1560 49.2920 48.1310 45.2680 43.0140 40.1100 37.2060 36.0440 34.8830 33.1930 30.9390 28.0350 25.1310
63.6790 64.8410 67.5530 68.7140 69.8760 71.0380 72.1990 73.3610 74.5220 75.6840 76.8460 79.7500 82.6540 85.5580 87.4450 88.6070 89.7680 90.9300 92.0920 93.2530 94.4150 95.5760 96.7380 99.4330 100.595 101.756 102.918 104.079 105.241 106.403 107.564 108.726 111.630 109.585 106.681 103.777 100.873 97.9690 95.0650 92.1610 89.2570 86.3530 83.4490 80.5450 77.6410 74.7370 71.8330 68.9290 66.0250 63.1210 60.2170 57.3130 55.0600 52.1560 49.2520 48.0900 45.2270 44.0650 41.2020 38.9480 36.0440 33.1400 31.9790 30.8170 29.1270 26.8740 23.9700
60.7750 63.4870 64.6490 65.8100 66.9720 68.1340 69.2950 70.4570 71.6180 72.7800 75.6840 78.5880 81.4920 83.3800 84.5410 85.7030 86.8640 88.0260 89.1880 90.3490 91.5110 92.6720 95.3670 96.5290 97.6910 98.8520 100.014 101.175 102.337 103.499 104.660 107.564 110.468 108.424 105.520 102.616 99.7120 96.8080 93.9040 91.0000 88.0960 85.1920 82.2880 79.3840 76.4800 73.5760 70.6720 67.7680 64.8640 61.9600 59.0560 56.1520 53.2480 50.9940 48.0900 45.1860 44.0250 41.1610 40.0000 37.1360 34.8830 31.9790 29.0750 27.9130 26.7520 25.0620 22.8080
59.4220 60.5830 61.7450 62.9060 64.0680 65.2300 66.3910 67.5530 68.7140 71.6180 74.5220 77.4260 79.3140 80.4760 81.6370 82.7990 83.9600 85.1220 86.2840 87.4450 88.6070 91.3020 92.4630 93.6250 94.7870 95.9480 97.1100 98.2710 99.4330 100.595 103.499 106.403 108.656 107.262 104.358 101.454 98.5500 95.6460 92.7420 89.8380 86.9340 84.0300 81.1260 78.2220 75.3180 72.4140 69.5100 66.6060 63.7020 60.7980 57.8940 54.9900 52.0860 49.1820 46.9290 44.0250 41.1210 39.9590 37.0960 35.9340 33.0710 30.8170 27.9130 25.0090 23.8480 22.6860 20.9960
56.5180 57.6790 58.8410 60.0020 61.1640 62.3260 63.4870 64.6490 67.5530 70.4570 73.3610 75.2480 76.4100 77.5720 78.7330 79.8950 81.0560 82.2180 83.3800 84.5410 87.2360 88.3980 89.5590 90.7210 91.8830 93.0440 94.2060 95.3670 96.5290 99.4330 102.337 104.590 107.494 106.101 103.197 100.293 97.3890 94.4850 91.5810 88.6770 85.7730 82.8690 79.9650 77.0610 74.1570 71.2530 68.3490 65.4450 62.5410 59.6370 56.7330 53.8290 50.9250 48.0210 45.1170 42.8630 39.9590 37.0550 35.8930 33.0300 31.8680 29.0050 26.7520 23.8480 20.9440 19.7820 18.6200
53.6140 54.7750 55.9370 57.0980 58.2600 59.4220 60.5830 63.4870 66.3910 69.2950 71.1830 72.3440 73.5060 74.6680 75.8290 76.9910 78.1520 79.3140 80.4760 83.1710 84.3320 85.4940 86.6550 87.8170 88.9790 90.1400 91.3020 92.4630 95.3670 98.2710 100.525 103.429 106.333 104.939 102.035 99.1310 96.2270 93.3230 90.4190 87.5150 84.6110 81.7070 78.8030 75.8990 72.9950 70.0910 67.1870 64.2830 61.3790 58.4750 55.5710 52.6670 49.7630 46.8590 43.9550 41.0510 38.7970 35.8930 32.9890 31.8280 28.9640 27.8030 24.9400 22.6860 19.7820 16.8780 15.7160
50.7100 51.8710 53.0330 54.1940 55.3560 56.5180 59.4220 62.3260 65.2300 67.1170 68.2790 69.4400 70.6020 71.7640 72.9250 74.0870 75.2480 76.4100 79.1050 80.2670 81.4280 82.5900 83.7510 84.9130 86.0750 87.2360 88.3980 91.3020 94.2060 96.4590 99.3630 102.267 105.171 103.777 100.873 97.9690 95.0650 92.1610 89.2570 86.3530 83.4490 80.5450 77.6410 74.7370 71.8330 68.9290 66.0250 63.1210 60.2170 57.3130 54.4090 51.5050 48.6010 45.6970 42.7930 39.8890 36.9850 34.7320 31.8280 28.9240 27.7620 24.8990 23.7370 20.8740 18.6200 15.7160 12.8120
