AppendixA/HikerMovements/data/dist_gardeccia_1000.asc
ncols 271
nrows 294
xllcorner 698225
yllcorner 5141858
cellsize 30.00
nodata_value  224.692
[rows 232 to 260 of 294, columns 201 to 267 of 271]
46.9460 45.7840 44.2450 43.0840 41.9220 40.7610 39.5990 38.4370 37.2760 36.1140 34.9530 33.7910 33.8200 33.8490 33.8780 35.0400 36.2010 37.3630 38.5240 39.6860 40.8480 42.0090 43.1710 44.3320 46.1450 47.3060 48.4680 48.8340 48.8630 50.0240 51.1860 52.3480 53.5090 54.6710 55.8320 56.9940 58.1560 59.3170 60.4790 61.6400 62.8020 63.9640 65.1250 68.0290 70.9330 73.8370 76.7410 79.6450 81.8460 83.0080 84.1700 85.3310 86.4930 87.6540 88.8160 89.9780 91.1390 92.3010 93.4620 94.6240 92.7310 89.8270 87.0910 84.1870 81.2830 78.3790 75.4750
49.8500 48.3110 47.1490 45.9880 44.8260 43.6650 42.5030 41.3410 40.1800 39.0180 37.8570 36.6950 36.7240 36.7530 36.7820 37.9440 39.1050 40.2670 41.4280 42.5900 43.7520 44.9130 46.0750 47.2360 48.3980 50.2100 51.3720 51.7380 51.7670 52.9280 54.0900 55.2520 56.4130 57.5750 58.7360 59.8980 61.0600 62.2210 63.3830 64.5440 65.7060 66.8680 68.0290 69.1910 72.0950 74.9990 77.9030 80.8070 83.7110 85.9120 87.0740 88.2350 89.3970 90.5580 91.7200 92.8820 94.0430 95.2050 96.3660 96.7960 93.8920 91.1570 88.2530 85.3490 82.4450 79.5410 76.6370
52.3770 51.2150 50.0530 48.8920 47.7300 46.5690 45.4070 44.2450 43.0840 41.9220 40.7610 39.5990 39.6280 39.6570 39.6860 40.8480 42.0090 43.1710 44.3320 45.4940 46.6560 47.8170 48.9790 50.1400 51.3020 52.4640 54.2760 54.6420 54.6710 55.8320 56.9940 58.1560 59.3170 60.4790 61.6400 62.8020 63.9640 65.1250 66.2870 67.4480 68.6100 69.7720 70.9330 72.0950 73.2560 76.1600 79.0640 81.9680 84.8720 87.7760 89.9780 91.1390 92.3010 93.4620 94.6240 95.7860 96.9470 98.1090 99.2700 97.9580 95.2220 92.3180 89.4140 86.5100 83.6060 80.7020 77.7980
55.2810 54.1190 52.9570 51.7960 50.6340 49.4730 48.3110 47.1490 45.9880 44.8260 43.6650 42.5030 42.5320 42.5610 42.5900 43.7520 44.9130 46.0750 47.2360 48.3980 49.5600 50.7210 51.8830 53.0440 54.2060 55.3680 56.5290 57.5460 57.5750 58.7360 59.8980 61.0600 62.2210 63.3830 64.5440 65.7060 66.8680 68.0290 69.1910 70.3520 71.5140 72.6760 73.8370 74.9990 76.1600 77.3220 80.2260 83.1300 86.0340 88.9380 91.8420 94.0430 95.2050 96.3660 97.5280 98.6900 99.8510 101.013 101.710 98.8060 95.9020 92.9980 90.0940 87.1900 84.2860 81.3820 78.4780
58.1850 57.0230 55.8610 54.7000 53.5380 52.3770 51.2150 50.0530 48.8920 47.7300 46.5690 45.4070 45.4360 45.4650 45.4940 46.6560 47.8170 48.9790 50.1400 51.3020 52.4640 53.6250 54.7870 55.9480 57.1100 58.2720 59.4330 60.4500 60.4790 61.6400 62.8020 63.9640 65.1250 66.2870 67.4480 68.6100 69.7720 70.9330 72.0950 73.2560 74.4180 75.5800 76.7410 77.9030 79.0640 80.2260 81.3880 84.2920 87.1960 90.1000 93.0040 95.9080 98.1090 99.2700 100.432 101.594 102.755 103.917 101.739 98.8350 95.9310 93.0270 90.1230 87.2190 84.3150 81.4110 78.5070
61.0890 59.9270 58.7650 57.6040 56.4420 55.2810 54.1190 52.9570 51.7960 50.6340 49.4730 48.3110 48.3400 48.3690 48.3980 49.5600 50.7210 51.8830 53.0440 54.2060 55.3680 56.5290 57.6910 58.8520 60.0140 61.1760 62.3370 63.3540 63.3830 64.5440 65.7060 66.8680 68.0290 69.1910 70.3520 71.5140 72.6760 73.8370 74.9990 76.1600 77.3220 78.4840 79.6450 80.8070 81.9680 83.1300 84.2920 85.4530 88.3570 91.2610 94.1650 97.0690 99.9730 102.174 103.336 104.498 105.659 104.672 101.768 98.8640 95.9600 93.0560 90.1520 87.2480 84.3440 81.4400 78.5360
63.9930 62.8310 61.6690 60.5080 59.3460 58.1850 57.0230 55.8610 54.7000 53.5380 52.3770 51.2150 51.2440 51.2730 51.3020 52.4640 53.6250 54.7870 55.9480 57.1100 58.2720 59.4330 60.5950 61.7560 62.9180 64.0800 65.2410 66.2580 66.2870 67.4480 68.6100 69.7720 70.9330 72.0950 73.2560 74.4180 75.5800 76.7410 77.9030 79.0640 80.2260 81.3880 82.5490 83.7110 84.8720 86.0340 87.1960 88.3570 89.5190 92.4230 95.3270 98.2310 101.135 104.039 106.240 107.402 108.563 105.833 102.929 100.025 97.1210 94.2170 91.3130 88.4090 85.5050 82.6010 79.6970
66.8970 65.7350 64.5730 63.4120 62.2500 61.0890 59.9270 58.7650 57.6040 56.4420 55.2810 54.1190 54.1480 54.1770 54.2060 55.3680 56.5290 57.6910 58.8520 60.0140 61.1760 62.3370 63.4990 64.6600 65.8220 66.9840 68.1450 69.1620 69.1910 70.3520 71.5140 72.6760 73.8370 74.9990 76.1600 77.3220 78.4840 79.6450 80.8070 81.9680 83.1300 84.2920 85.4530 86.6150 87.7760 88.9380 90.1000 91.2610 92.4230 93.5840 96.4880 99.3920 102.296 105.200 108.104 110.306 109.899 106.995 104.091 101.187 98.2830 95.3790 92.4750 89.5710 86.6670 83.7630 80.8590
69.8010 68.6390 67.4770 66.3160 65.1540 63.9930 62.8310 61.6690 60.5080 59.3460 58.1850 57.0230 57.0520 57.0810 57.1100 58.2720 59.4330 60.5950 61.7560 62.9180 64.0800 65.2410 66.4030 67.5640 68.7260 69.8880 71.0490 72.0660 72.0950 73.2560 74.4180 75.5800 76.7410 77.9030 79.0640 80.2260 81.3880 82.5490 83.7110 84.8720 86.0340 87.1960 88.3570 89.5190 90.6800 91.8420 93.0040 94.1650 95.3270 96.4880 97.6500 100.554 103.458 106.362 109.266 112.170 111.061 108.157 105.253 102.349 99.4450 96.5410 93.6370 90.7330 87.8290 84.9250 82.0210
72.7050 71.5430 70.3810 69.2200 68.0580 66.8970 65.7350 64.5730 63.4120 62.2500 61.0890 59.9270 59.9560 59.9850 60.0140 61.1760 62.3370 63.4990 64.6600 65.8220 66.9840 68.1450 69.3070 70.4680 71.6300 72.7920 73.9530 74.9700 74.9990 76.1600 77.3220 78.4840 79.6450 80.8070 81.9680 83.1300 84.2920 85.4530 86.6150 87.7760 88.9380 90.1000 91.2610 92.4230 93.5840 94.7460 95.9080 97.0690 98.2310 99.3920 100.554 101.716 104.620 107.524 110.428 113.332 112.222 109.318 106.414 103.510 100.606 97.7020 94.7980 91.8940 88.9900 86.0860 84.9250
75.6090 74.4470 73.2850 72.1240 70.9620 69.8010 68.6390 67.4770 66.3160 65.1540 63.9930 62.8310 62.8600 62.8890 62.9180 64.0800 65.2410 66.4030 67.5640 68.7260 69.8880 71.0490 72.2110 73.3720 74.5340 75.6960 76.8570 77.8740 77.9030 79.0640 80.2260 81.3880 82.5490 83.7110 84.8720 86.0340 87.1960 88.3570 89.5190 90.6800 91.8420 93.0040 94.1650 95.3270 96.4880 97.6500 98.8120 99.9730 101.135 102.296 103.458 104.620 105.781 108.685 111.589 114.493 113.384 110.480 107.576 104.672 101.768 98.8640 95.9600 93.0560 90.1520 88.9900 87.8290
78.5130 77.3510 76.1890 75.0280 73.8660 72.7050 71.5430 70.3810 69.2200 68.0580 66.8970 65.7350 65.7640 65.7930 65.8220 66.9840 68.1450 69.3070 70.4680 71.6300 72.7920 73.9530 75.1150 76.2760 77.4380 78.6000 79.7610 80.7780 80.8070 81.9680 83.1300 84.2920 85.4530 86.6150 87.7760 88.9380 90.1000 91.2610 92.4230 93.5840 94.7460 95.9080 97.0690 98.2310 99.3920 100.554 101.716 102.877 104.039 105.200 106.362 107.524 108.685 109.847 112.751 115.655 114.545 111.641 108.737 105.833 102.929 100.025 97.1210 94.2170 93.0560 91.8940 90.7330
81.4170 80.2550 79.0930 77.9320 76.7700 75.6090 74.4470 73.2850 72.1240 70.9620 69.8010 68.6390 68.6680 68.6970 68.7260 69.8880 71.0490 72.2110 73.3720 74.5340 75.6960 76.8570 78.0190 79.1800 80.3420 81.5040 82.6650 83.6820 83.7110 84.8720 86.0340 87.1960 88.3570 89.5190 90.6800 91.8420 93.0040 94.1650 95.3270 96.4880 97.6500 98.8120 99.9730 101.135 102.296 103.458 104.620 105.781 106.943 108.104 109.266 110.428 111.589 112.751 113.912 116.816 115.707 112.803 109.899 106.995 104.091 101.187 98.2830 97.1210 95.9600 94.7980 93.6370
84.3210 83.1590 81.9970 80.8360 79.6740 78.5130 77.3510 76.1890 75.0280 73.8660 72.7050 71.5430 71.5720 71.6010 71.6300 72.7920 73.9530 75.1150 76.2760 77.4380 78.6000 79.7610 80.9230 82.0840 83.2460 84.4080 85.5690 86.5860 86.6150 87.7760 88.9380 90.1000 91.2610 92.4230 93.5840 94.7460 95.9080 97.0690 98.2310 99.3920 100.554 101.716 102.877 104.039 105.200 106.362 107.524 108.685 109.847 111.008 112.170 113.332 114.493 115.655 116.816 117.978 116.869 113.965 111.061 108.157 105.253 102.349 101.187 100.025 98.8640 97.7020 96.5410
87.2250 86.0630 84.9010 83.7400 82.5780 81.4170 80.2550 79.0930 77.9320 76.7700 75.6090 74.4470 74.4760 74.5050 74.5340 75.6960 76.8570 78.0190 79.1800 80.3420 81.5040 82.6650 83.8270 84.9880 86.1500 87.3120 88.4730 89.4900 89.5190 90.6800 91.8420 93.0040 94.1650 95.3270 96.4880 97.6500 98.8120 99.9730 101.135 102.296 103.458 104.620 105.781 106.943 108.104 109.266 110.428 111.589 112.751 113.912 115.074 116.236 117.397 118.559 119.720 120.882 118.030 115.126 112.222 109.318 106.414 105.253 104.091 102.929 101.768 100.606 98.9220
90.1290 88.9670 87.8050 86.6440 85.4820 84.3210 83.1590 81.9970 80.8360 79.6740 78.5130 77.3510 77.3800 77.4090 77.4380 78.6000 79.7610 80.9230 82.0840 83.2460 84.4080 85.5690 86.7310 87.8920 89.0540 90.2160 91.3770 92.3940 92.4230 93.5840 94.7460 95.9080 97.0690 98.2310 99.3920 100.554 101.716 102.877 104.039 105.200 106.362 107.524 108.685 109.847 111.008 112.170 113.332 114.493 115.655 116.816 117.978 119.140 120.301 121.463 122.624 122.096 119.192 116.288 113.384 110.480 109.318 108.157 106.995 105.833 104.672 102.987 100.083
93.0330 91.8710 90.7090 89.5480 88.3860 87.2250 86.0630 84.9010 83.7400 82.5780 81.4170 80.2550 80.2840 80.3130 80.3420 81.5040 82.6650 83.8270 84.9880 86.1500 87.3120 88.4730 89.6350 90.7960 91.9580 93.1200 94.2810 95.2980 95.3270 96.4880 97.6500 98.8120 99.9730 101.135 102.296 103.458 104.620 105.781 106.943 108.104 109.266 110.428 111.589 112.751 113.912 115.074 116.236 117.397 118.559 119.720 120.882 122.044 123.205 124.367 125.528 123.257 120.353 117.449 114.545 113.384 112.222 111.061 109.899 108.737 107.053 104.149 101.245
95.9370 94.7750 93.6130 92.4520 91.2900 90.1290 88.9670 87.8050 86.6440 85.4820 84.3210 83.1590 83.1880 83.2170 83.2460 84.4080 85.5690 86.7310 87.8920 89.0540 90.2160 91.3770 92.5390 93.7000 94.8620 96.0240 97.1850 98.2020 98.2310 99.3920 100.554 101.716 102.877 104.039 105.200 106.362 107.524 108.685 109.847 111.008 112.170 113.332 114.493 115.655 116.816 117.978 119.140 120.301 121.463 122.624 123.786 124.948 126.109 127.271 127.323 124.419 121.515 118.611 117.449 116.288 115.126 113.965 112.803 111.119 108.215 105.311 102.407
98.8410 97.6790 96.5170 95.3560 94.1940 93.0330 91.8710 90.7090 89.5480 88.3860 87.2250 86.0630 86.0920 86.1210 86.1500 87.3120 88.4730 89.6350 90.7960 91.9580 93.1200 94.2810 95.4430 96.6040 97.7660 98.9280 100.089 101.106 101.135 102.296 103.458 104.620 105.781 106.943 108.104 109.266 110.428 111.589 112.751 113.912 115.074 116.236 117.397 118.559 119.720 120.882 122.044 123.205 124.367 125.528 126.690 127.852 129.013 130.175 128.485 125.581 122.677 121.515 120.353 119.192 118.030 116.869 115.184 112.280 109.376 106.472 105.311
101.745 100.583 99.4210 98.2600 97.0980 95.9370 94.7750 93.6130 92.4520 91.2900 90.1290 88.9670 88.9960 89.0250 89.0540 90.2160 91.3770 92.5390 93.7000 94.8620 96.0240 97.1850 98.3470 99.5080 100.670 101.832 102.993 104.010 104.039 105.200 106.362 107.524 108.685 109.847 111.008 112.170 113.332 114.493 115.655 116.816 117.978 119.140 120.301 121.463 122.624 123.786 124.948 126.109 127.271 128.432 129.594 130.756 131.917 132.550 129.646 126.742 125.581 124.419 123.257 122.096 120.934 119.250 116.346 113.442 110.538 109.376 108.215
104.649 103.487 102.325 101.164 100.002 98.8410 97.6790 96.5170 95.3560 94.1940 93.0330 91.8710 91.9000 91.9290 91.9580 93.1200 94.2810 95.4430 96.6040 97.7660 98.9280 100.089 101.251 102.412 103.574 104.736 105.897 106.914 106.943 108.104 109.266 110.428 111.589 112.751 113.912 115.074 116.236 117.397 118.559 119.720 120.882 122.044 123.205 124.367 125.528 126.690 127.852 129.013 130.175 131.336 132.498 133.660 134.821 133.712 130.808 129.646 128.485 127.323 126.161 125.000 123.315 120.411 117.507 114.603 113.442 112.280 111.119
107.553 106.391 105.229 104.068 102.906 101.745 100.583 99.4210 98.2600 97.0980 95.9370 94.7750 94.8040 94.8330 94.8620 96.0240 97.1850 98.3470 99.5080 100.670 101.832 102.993 104.155 105.316 106.478 107.640 108.801 109.818 109.847 111.008 112.170 113.332 114.493 115.655 116.816 117.978 119.140 120.301 121.463 122.624 123.786 124.948 126.109 127.271 128.432 129.594 130.756 131.917 133.079 134.240 135.402 136.564 137.725 134.873 133.712 132.550 131.389 130.227 129.065 127.381 124.477 121.573 118.669 117.507 116.346 115.184 114.023
110.457 109.295 108.133 106.972 105.810 104.649 103.487 102.325 101.164 100.002 98.8410 97.6790 97.7080 97.7370 97.7660 98.9280 100.089 101.251 102.412 103.574 104.736 105.897 107.059 108.220 109.382 110.544 111.705 112.722 112.751 113.912 115.074 116.236 117.397 118.559 119.720 120.882 122.044 123.205 124.367 125.528 126.690 127.852 129.013 130.175 131.336 132.498 133.660 134.821 135.983 137.144 138.306 139.468 138.939 137.777 136.616 135.454 134.293 133.131 131.447 128.543 125.639 122.735 121.573 120.411 119.250 118.088 116.927
113.361 112.199 111.037 109.876 108.714 107.553 106.391 105.229 104.068 102.906 101.745 100.583 100.612 100.641 100.670 101.832 102.993 104.155 105.316 106.478 107.640 108.801 109.963 111.124 112.286 113.448 114.609 115.626 115.655 116.816 117.978 119.140 120.301 121.463 122.624 123.786 124.948 126.109 127.271 128.432 129.594 130.756 131.917 133.079 134.240 135.402 136.564 137.725 138.887 140.048 141.210 142.372 141.843 140.681 139.520 138.358 137.197 135.512 132.608 129.704 126.800 125.639 124.477 123.315 122.154 120.992 119.831
116.265 115.103 113.941 112.780 111.618 110.457 109.295 108.133 106.972 105.810 104.649 103.487 103.516 103.545 103.574 104.736 105.897 107.059 108.220 109.382 110.544 111.705 112.867 114.028 115.190 116.352 117.513 118.530 118.559 119.720 120.882 122.044 123.205 124.367 125.528 126.690 127.852 129.013 130.175 131.336 132.498 133.660 134.821 135.983 137.144 138.306 139.468 140.629 141.791 142.952 144.114 145.276 144.747 143.585 142.424 141.262 139.578 136.674 133.770 130.866 129.704 128.543 127.381 126.219 125.058 123.896 122.735
119.169 118.007 116.845 115.684 114.522 113.361 112.199 111.037 109.876 108.714 107.553 106.391 106.420 106.449 106.478 107.640 108.801 109.963 111.124 112.286 113.448 114.609 115.771 116.932 118.094 119.256 120.417 121.434 121.463 122.624 123.786 124.948 126.109 127.271 128.432 129.594 130.756 131.917 133.079 134.240 135.402 136.564 137.725 138.887 140.048 141.210 142.372 143.533 144.695 145.856 147.018 148.180 147.651 146.489 145.328 143.643 140.739 137.835 134.931 133.770 132.608 131.447 130.285 129.123 127.962 126.800 125.639
122.073 120.911 119.749 118.588 117.426 116.265 115.103 113.941 112.780 111.618 110.457 109.295 109.324 109.353 109.382 110.544 111.705 112.867 114.028 115.190 116.352 117.513 118.675 119.836 120.998 122.160 123.321 124.338 124.367 125.528 126.690 127.852 129.013 130.175 131.336 132.498 133.660 134.821 135.983 137.144 138.306 139.468 140.629 141.791 142.952 144.114 145.276 146.437 147.599 148.760 149.922 151.084 150.555 149.393 147.709 144.805 141.901 138.997 137.835 136.674 135.512 134.351 133.189 132.027 130.866 129.704 128.543
124.977 123.815 122.653 121.492 120.330 119.169 118.007 116.845 115.684 114.522 113.361 112.199 112.228 112.257 112.286 113.448 114.609 115.771 116.932 118.094 119.256 120.417 121.579 122.740 123.902 125.064 126.225 127.242 127.271 128.432 129.594 130.756 131.917 133.079 134.240 135.402 136.564 137.725 138.887 140.048 141.210 142.372 143.533 144.695 145.856 147.018 148.180 149.341 150.503 151.664 152.826 153.988 153.459 151.775 148.871 145.967 143.063 141.901 140.739 139.578 138.416 137.255 136.093 134.931 133.770 132.608 131.447
127.881 126.719 125.557 124.396 123.234 122.073 120.911 119.749 118.588 117.426 116.265 115.103 115.132 115.161 115.190 116.352 117.513 118.675 119.836 120.998 122.160 123.321 124.483 125.644 126.806 127.968 129.129 130.146 130.175 131.336 132.498 133.660 134.821 135.983 137.144 138.306 139.468 140.629 141.791 142.952 144.114 145.276 146.437 147.599 148.760 149.922 151.084 152.245 153.407 154.568 155.730 156.892 155.840 152.936 150.032 147.128 145.967 144.805 143.643 142.482 141.320 140.159 138.997 137.835 136.674 135.512 134.351
