AppendixA/HikerMovements/data/dist_ega_1000.asc
ncols 271
nrows 294
xllcorner 698225
yllcorner 5141858
cellsize 30.00
nodata_value  557.514
[rows 145 to 173 of 294, columns 201 to 267 of 271]
194.266 193.104 191.943 191.914 191.885 191.856 191.827 191.798 191.769 191.740 191.710 192.872 194.034 194.516 195.677 196.839 194.469 191.565 188.661 185.757 182.853 181.692 178.828 177.667 174.803 173.642 170.778 168.229 165.325 162.421 159.517 156.613 153.709 150.805 147.901 144.997 142.093 139.189 136.285 133.381 130.477 129.315 128.154 126.992 125.830 124.669 123.507 122.346 121.184 120.022 118.861 117.699 116.538 115.376 114.214 113.053 111.891 110.730 109.568 108.406 107.245 106.083 104.922 103.760 102.598 101.437 100.275
197.170 196.008 194.847 194.818 194.789 194.760 194.731 194.702 194.673 194.644 194.614 195.776 196.938 197.420 198.581 196.212 193.308 190.404 187.500 184.596 181.692 178.788 177.626 174.763 173.601 170.738 169.576 166.713 164.163 161.259 158.355 155.451 152.547 149.643 146.739 143.835 140.931 138.027 135.123 132.219 129.315 126.411 125.250 124.088 122.926 121.765 120.603 119.442 118.280 117.118 115.957 114.795 113.634 112.472 111.310 110.149 108.987 107.826 106.664 105.502 104.341 103.179 102.018 100.856 99.6940 98.5330 97.3710
200.074 198.912 197.751 197.722 197.693 197.664 197.635 197.606 197.577 197.548 197.518 198.680 199.842 200.324 197.954 195.050 192.146 189.242 186.338 183.434 180.530 177.626 174.722 173.560 170.697 169.536 166.672 165.511 162.647 160.098 157.194 154.290 151.386 148.482 145.578 142.674 139.770 136.866 133.962 131.058 128.154 125.250 122.346 121.184 120.022 118.861 117.699 116.538 115.376 114.214 113.053 111.891 110.730 109.568 108.406 107.245 106.083 104.922 103.760 102.598 101.437 100.275 99.1140 97.9520 96.7900 95.6290 94.4670
202.978 201.816 200.655 200.626 200.597 200.568 200.539 200.510 200.481 200.452 200.422 201.584 202.600 199.696 196.792 193.888 190.984 188.080 185.176 182.272 179.368 176.464 173.560 170.656 169.495 166.632 165.470 162.607 161.445 158.582 156.032 153.128 150.224 147.320 144.416 141.512 138.608 135.704 132.800 129.896 126.992 124.088 121.184 118.280 117.118 115.957 114.795 113.634 112.472 111.310 110.149 108.987 107.826 106.664 105.502 104.341 103.179 102.018 100.856 99.6940 98.5330 97.3710 96.2100 95.0480 93.8860 92.7250 91.5630
205.882 204.720 203.559 203.530 203.501 203.472 203.443 203.414 203.385 203.356 202.618 201.456 200.295 198.535 195.631 192.727 189.823 186.919 184.015 181.111 178.207 175.303 172.399 169.495 166.591 165.429 162.566 161.404 158.541 157.379 154.516 151.966 149.062 146.158 143.254 140.350 137.446 134.542 131.638 128.734 125.830 122.926 120.022 117.118 114.214 113.053 111.891 110.730 109.568 108.406 107.245 106.083 104.922 103.760 102.598 101.437 100.275 99.1140 97.9520 96.7900 95.6290 94.4670 93.3060 92.1440 90.9820 89.8210 88.6590
208.786 207.624 206.463 206.434 206.405 205.522 204.360 203.199 202.037 200.875 199.714 198.552 197.391 196.229 194.469 191.565 188.661 185.757 182.853 179.949 177.045 174.141 171.237 168.333 165.429 162.525 161.364 158.500 157.339 154.475 153.314 150.450 147.901 144.997 142.093 139.189 136.285 133.381 130.477 127.573 124.669 121.765 118.861 115.957 113.053 110.149 108.987 107.826 106.664 105.502 104.341 103.179 102.018 100.856 99.6940 98.5330 97.3710 96.2100 95.0480 93.8860 92.7250 91.5630 90.4020 89.2400 88.0780 86.9170 85.7550
211.690 209.007 206.103 204.941 203.779 202.618 201.456 200.295 199.133 197.971 196.810 195.648 194.487 193.325 192.163 190.404 187.500 184.596 181.692 178.788 175.884 172.980 170.076 167.172 164.268 161.364 158.460 157.298 154.435 153.273 150.410 149.248 146.385 143.835 140.931 138.027 135.123 132.219 129.315 126.411 123.507 120.603 117.699 114.795 111.891 108.987 106.083 104.922 103.760 102.598 101.437 100.275 99.1140 97.9520 96.7900 95.6290 94.4670 93.3060 92.1440 90.9820 89.8210 88.6590 87.4980 86.3360 85.1740 84.0130 82.8510
210.749 207.845 204.941 202.037 200.875 199.714 198.552 197.391 196.229 195.067 193.906 192.744 191.583 190.421 189.259 188.098 186.338 183.434 180.530 177.626 174.722 171.818 168.914 166.010 163.106 160.202 157.298 154.394 153.232 150.369 149.208 146.344 145.183 142.319 139.770 136.866 133.962 131.058 128.154 125.250 122.346 119.442 116.538 113.634 110.730 107.826 104.922 102.018 100.856 99.6940 98.5330 97.3710 96.2100 95.0480 93.8860 92.7250 91.5630 90.4020 89.2400 88.0780 86.9170 85.7550 84.5940 83.4320 82.2700 81.1090 79.9470
209.587 206.683 203.779 200.875 197.971 196.810 195.648 194.487 193.325 192.163 191.002 189.840 188.679 187.517 186.355 185.194 184.032 182.272 179.368 176.464 173.560 170.656 167.752 164.848 161.944 159.040 156.136 153.232 150.328 149.167 146.304 145.142 142.279 141.117 138.254 135.704 132.800 129.896 126.992 124.088 121.184 118.280 115.376 112.472 109.568 106.664 103.760 100.856 97.9520 96.7900 95.6290 94.4670 93.3060 92.1440 90.9820 89.8210 88.6590 87.4980 86.3360 85.1740 84.0130 82.8510 81.6900 80.5280 79.3660 78.2050 77.0430
208.426 205.522 202.618 199.714 196.810 193.906 192.744 191.583 190.421 189.259 188.098 186.936 185.775 184.613 183.451 182.290 181.128 179.967 178.207 175.303 172.399 169.495 166.591 163.687 160.783 157.879 154.975 152.071 149.167 146.263 145.101 142.238 141.076 138.213 137.051 134.188 131.638 128.734 125.830 122.926 120.022 117.118 114.214 111.310 108.406 105.502 102.598 99.6940 96.7900 93.8860 92.7250 91.5630 90.4020 89.2400 88.0780 86.9170 85.7550 84.5940 83.4320 82.2700 81.1090 79.9470 78.7860 77.6240 76.4620 75.3010 74.1390
207.264 204.360 201.456 198.552 195.648 192.744 189.840 188.679 187.517 186.355 185.194 184.032 182.871 181.709 180.547 179.386 178.224 177.063 175.901 174.141 171.237 168.333 165.429 162.525 159.621 156.717 153.813 150.909 148.005 145.101 142.197 141.036 138.172 137.011 134.147 132.986 130.122 127.573 124.669 121.765 118.861 115.957 113.053 110.149 107.245 104.341 101.437 98.5330 95.6290 92.7250 89.8210 88.6590 87.4980 86.3360 85.1740 84.0130 82.8510 81.6900 80.5280 79.3660 78.2050 77.0430 75.8820 74.7200 73.5580 72.3970 71.2350
206.103 203.199 200.295 197.391 194.487 191.583 188.679 185.775 184.613 183.451 182.290 181.128 179.967 178.805 177.643 176.482 175.320 174.159 172.997 171.835 170.076 167.172 164.268 161.364 158.460 155.556 152.652 149.748 146.844 143.940 141.036 138.132 136.970 134.107 132.945 130.082 128.920 126.057 123.507 120.603 117.699 114.795 111.891 108.987 106.083 103.179 100.275 97.3710 94.4670 91.5630 88.6590 85.7550 84.5940 83.4320 82.2700 81.1090 79.9470 78.7860 77.6240 76.4620 75.3010 74.1390 72.9780 71.8160 70.6540 69.4930 68.3310
204.941 202.037 199.133 196.229 193.325 190.421 187.517 184.613 181.709 180.547 179.386 178.224 177.063 175.901 174.739 173.578 172.416 171.255 170.093 168.931 167.770 166.010 163.106 160.202 157.298 154.394 151.490 148.586 145.682 142.778 139.874 136.970 134.066 132.904 130.041 128.880 126.016 124.855 121.991 119.442 116.538 113.634 110.730 107.826 104.922 102.018 99.1140 96.2100 93.3060 90.4020 87.4980 84.5940 81.6900 80.5280 79.3660 78.2050 77.0430 75.8820 74.7200 73.5580 72.3970 71.2350 70.0740 68.9120 67.7500 66.5890 65.4270
203.779 200.875 197.971 195.067 192.163 189.259 186.355 183.451 180.547 177.643 176.482 175.320 174.159 172.997 171.835 170.674 169.512 168.351 167.189 166.027 164.866 163.704 161.944 159.040 156.136 153.232 150.328 147.424 144.520 141.616 138.712 135.808 132.904 130.000 128.839 125.976 124.814 121.951 120.789 117.926 115.376 112.472 109.568 106.664 103.760 100.856 97.9520 95.0480 92.1440 89.2400 86.3360 83.4320 80.5280 77.6240 76.4620 75.3010 74.1390 72.9780 71.8160 70.6540 69.4930 68.3310 67.1700 66.0080 64.8460 63.6850 62.5230
202.618 199.714 196.810 193.906 191.002 188.098 185.194 182.290 179.386 176.482 173.578 172.416 171.255 170.093 168.931 167.770 166.608 165.447 164.285 163.123 161.962 160.800 159.639 157.879 154.975 152.071 149.167 146.263 143.359 140.455 137.551 134.647 131.743 128.839 125.935 124.773 121.910 120.748 117.885 116.723 113.860 111.310 108.406 105.502 102.598 99.6940 96.7900 93.8860 90.9820 88.0780 85.1740 82.2700 79.3660 76.4620 73.5580 72.3970 71.2350 70.0740 68.9120 67.7500 66.5890 65.4270 64.2660 63.1040 61.9420 60.7810 59.6190
201.456 198.552 195.648 192.744 189.840 186.936 184.032 181.128 178.224 175.320 172.416 169.512 168.351 167.189 166.027 164.866 163.704 162.543 161.381 160.219 159.058 157.896 156.735 155.573 153.813 150.909 148.005 145.101 142.197 139.293 136.389 133.485 130.581 127.677 124.773 121.869 120.708 117.844 116.683 113.819 112.658 109.794 107.245 104.341 101.437 98.5330 95.6290 92.7250 89.8210 86.9170 84.0130 81.1090 78.2050 75.3010 72.3970 69.4930 68.3310 67.1700 66.0080 64.8460 63.6850 62.5230 61.3620 60.2000 59.0380 57.8770 56.7150
199.394 197.391 194.487 191.583 188.679 185.775 182.871 179.967 177.063 174.159 171.255 168.351 165.447 164.285 163.123 161.962 160.800 159.639 158.477 157.315 156.154 154.992 153.831 152.669 151.507 149.748 146.844 143.940 141.036 138.132 135.228 132.324 129.420 126.516 123.612 120.708 117.804 116.642 113.779 112.617 109.754 108.592 105.729 103.179 100.275 97.3710 94.4670 91.5630 88.6590 85.7550 82.8510 79.9470 77.0430 74.1390 71.2350 68.3310 65.4270 64.2660 63.1040 61.9420 60.7810 59.6190 58.4580 57.2960 56.1340 54.9730 53.8110
196.490 195.329 193.325 190.421 187.517 184.613 181.709 178.805 175.901 172.997 170.093 167.189 164.285 161.381 160.219 159.058 157.896 156.735 155.573 154.411 153.250 152.088 150.927 149.765 148.603 147.442 145.682 142.778 139.874 136.970 134.066 131.162 128.258 125.354 122.450 119.546 116.642 113.738 112.576 109.713 108.552 105.688 104.527 101.663 99.1140 96.2100 93.3060 90.4020 87.4980 84.5940 81.6900 78.7860 75.8820 72.9780 70.0740 67.1700 64.2660 61.3620 60.2000 59.0380 57.8770 56.7150 55.5540 54.3920 53.2300 52.0690 50.9070
193.586 192.425 191.263 189.259 186.355 183.451 180.547 177.643 174.739 171.835 168.931 166.027 163.123 160.219 157.315 156.154 154.992 153.831 152.669 151.507 150.346 149.184 148.023 146.861 145.699 144.538 143.376 141.616 138.712 135.808 132.904 130.000 127.096 124.192 121.288 118.384 115.480 112.576 109.672 108.511 105.648 104.486 101.623 100.461 97.5980 95.0480 92.1440 89.2400 86.3360 83.4320 80.5280 77.6240 74.7200 71.8160 68.9120 66.0080 63.1040 60.2000 57.2960 56.1340 54.9730 53.8110 52.6500 51.4880 50.3260 49.1650 48.0030
192.425 189.521 188.359 187.198 185.194 182.290 179.386 176.482 173.578 170.674 167.770 164.866 161.962 159.058 156.154 153.250 152.088 150.927 149.765 148.603 147.442 146.280 145.119 143.957 142.795 141.634 140.472 139.311 137.551 134.647 131.743 128.839 125.935 123.031 120.127 117.223 114.319 111.415 108.511 105.607 104.445 101.582 100.420 97.5570 96.3950 93.5320 90.9820 88.0780 85.1740 82.2700 79.3660 76.4620 73.5580 70.6540 67.7500 64.8460 61.9420 59.0380 56.1340 53.2300 52.0690 50.9070 49.7460 48.5840 47.4220 46.2610 45.0990
191.263 188.359 185.455 184.294 183.132 181.128 178.224 175.320 172.416 169.512 166.608 163.704 160.800 157.896 154.992 152.088 149.184 148.023 146.861 145.699 144.538 143.376 142.215 141.053 139.891 138.730 137.568 136.407 135.245 133.485 130.581 127.677 124.773 121.869 118.965 116.061 113.157 110.253 107.349 104.445 101.541 100.380 97.5160 96.3550 93.4910 92.3300 89.4660 86.9170 84.0130 81.1090 78.2050 75.3010 72.3970 69.4930 66.5890 63.6850 60.7810 57.8770 54.9730 52.0690 49.1650 48.0030 46.8420 45.6800 44.5180 43.3570 42.1950
189.451 187.198 184.294 181.390 180.228 179.066 177.063 174.159 171.255 168.351 165.447 162.543 159.639 156.735 153.831 150.927 148.023 145.119 143.957 142.795 141.634 140.472 139.311 138.149 136.987 135.826 134.664 133.503 132.341 131.179 129.420 126.516 123.612 120.708 117.804 114.900 111.996 109.092 106.188 103.284 100.380 97.4760 96.3140 93.4510 92.2890 89.4260 88.2640 85.4010 82.8510 79.9470 77.0430 74.1390 71.2350 68.3310 65.4270 62.5230 59.6190 56.7150 53.8110 50.9070 48.0030 45.0990 43.9380 42.7760 41.6140 40.4530 39.2910
188.290 185.386 183.132 180.228 177.324 176.162 175.001 172.997 170.093 167.189 164.285 161.381 158.477 155.573 152.669 149.765 146.861 143.957 141.053 139.891 138.730 137.568 136.407 135.245 134.083 132.922 131.760 130.599 129.437 128.275 127.114 125.354 122.450 119.546 116.642 113.738 110.834 107.930 105.026 102.122 99.2180 96.3140 93.4100 92.2480 89.3850 88.2240 85.3600 84.1990 81.3350 78.7860 75.8820 72.9780 70.0740 67.1700 64.2660 61.3620 58.4580 55.5540 52.6500 49.7460 46.8420 43.9380 41.0340 39.8720 38.7100 37.5490 36.3870
185.519 184.224 181.320 179.066 176.162 173.258 172.097 170.935 168.931 166.027 163.123 160.219 157.315 154.411 151.507 148.603 145.699 142.795 139.891 136.987 135.826 134.664 133.503 132.341 131.179 130.018 128.856 127.695 126.533 125.371 124.210 123.048 121.288 118.384 115.480 112.576 109.672 106.768 103.864 100.960 98.0560 95.1520 92.2480 89.3440 88.1830 85.3200 84.1580 81.2950 80.1330 77.2700 74.7200 71.8160 68.9120 66.0080 63.1040 60.2000 57.2960 54.3920 51.4880 48.5840 45.6800 42.7760 39.8720 36.9680 35.8060 34.6450 33.4830
182.615 181.454 180.158 177.254 175.001 172.097 169.193 168.031 166.870 164.866 161.962 159.058 156.154 153.250 150.346 147.442 144.538 141.634 138.730 135.826 132.922 131.760 130.599 129.437 128.275 127.114 125.952 124.791 123.629 122.467 121.306 120.144 118.983 117.223 114.319 111.415 108.511 105.607 102.703 99.7990 96.8950 93.9910 91.0870 88.1830 85.2790 84.1170 81.2540 80.0920 77.2290 76.0670 73.2040 70.6540 67.7500 64.8460 61.9420 59.0380 56.1340 53.2300 50.3260 47.4220 44.5180 41.6140 38.7100 35.8060 32.9020 31.7410 30.5790
179.711 178.550 177.388 176.093 173.189 170.935 168.031 165.127 163.966 162.804 160.800 157.896 154.992 152.088 149.184 146.280 143.376 140.472 137.568 134.664 131.760 128.856 127.695 126.533 125.371 124.210 123.048 121.887 120.725 119.563 118.402 117.240 116.079 114.917 113.157 110.253 107.349 104.445 101.541 98.6370 95.7330 92.8290 89.9250 87.0210 84.1170 81.2130 80.0520 77.1880 76.0270 73.1630 72.0020 69.1380 66.5890 63.6850 60.7810 57.8770 54.9730 52.0690 49.1650 46.2610 43.3570 40.4530 37.5490 34.6450 31.7410 28.8370 27.6750
176.807 175.646 174.484 173.322 172.027 169.123 166.870 163.966 161.062 159.900 158.738 156.735 153.831 150.927 148.023 145.119 142.215 139.311 136.407 133.503 130.599 127.695 124.791 123.629 122.467 121.306 120.144 118.983 117.821 116.659 115.498 114.336 113.175 112.013 110.851 109.092 106.188 103.284 100.380 97.4760 94.5720 91.6680 88.7640 85.8600 82.9560 80.0520 77.1480 75.9860 73.1230 71.9610 69.0980 67.9360 65.0730 62.5230 59.6190 56.7150 53.8110 50.9070 48.0030 45.0990 42.1950 39.2910 36.3870 33.4830 30.5790 27.6750 24.7710
173.903 172.742 171.580 170.418 169.257 167.962 165.058 162.804 159.900 156.996 155.834 154.673 152.669 149.765 146.861 143.957 141.053 138.149 135.245 132.341 129.437 126.533 123.629 120.725 119.563 118.402 117.240 116.079 114.917 113.755 112.594 111.432 110.271 109.109 107.947 106.786 105.026 102.122 99.2180 96.3140 93.4100 90.5060 87.6020 84.6980 81.7940 78.8900 75.9860 73.0820 71.9200 69.0570 67.8960 65.0320 63.8710 61.0070 58.4580 55.5540 52.6500 49.7460 46.8420 43.9380 41.0340 38.1300 35.2260 32.3220 29.4180 26.5140 23.6100
170.999 169.838 168.676 167.514 166.353 165.191 163.896 160.992 158.738 155.834 152.930 151.769 150.607 148.603 145.699 142.795 139.891 136.987 134.083 131.179 128.275 125.371 122.467 119.563 116.659 115.498 114.336 113.175 112.013 110.851 109.690 108.528 107.367 106.205 105.043 103.882 102.720 100.960 98.0560 95.1520 92.2480 89.3440 86.4400 83.5360 80.6320 77.7280 74.8240 71.9200 69.0160 67.8550 64.9920 63.8300 60.9670 59.8050 56.9420 54.3920 51.4880 48.5840 45.6800 42.7760 39.8720 36.9680 34.0640 31.1600 28.2560 25.3520 22.4480
