AppendixA/HikerMovements/data/dist_vajolet_1000.asc
ncols 271
nrows 294
xllcorner 698225
yllcorner 5141858
cellsize 30.00
nodata_value  226.319
[rows 29 to 57 of 294, columns 67 to 133 of 271]
48.6420 49.8040 50.9650 52.1270 53.2880 56.1920 59.0960 62.0000 63.8880 65.0500 66.2110 67.3730 68.5340 69.6960 70.8580 72.0190 73.1810 75.8760 77.0370 78.1990 79.3610 80.5220 81.6840 82.8450 84.0070 85.1690 88.0730 90.9770 93.2300 96.1340 99.0380 101.942 102.354 99.4500 96.5460 93.6420 90.7380 87.8340 84.9300 82.0260 79.1220 76.2180 73.3140 70.4100 67.5060 64.6020 61.6980 58.7940 55.8900 52.9860 50.0820 47.1780 44.2740 41.3700 38.4660 35.5620 32.6580 29.7540 27.5010 24.5970 21.6930 20.5310 17.6680 16.5060 13.6430 11.3890 8.48500
45.7380 46.9000 48.0610 49.2230 52.1270 55.0310 57.9350 59.8220 60.9840 62.1460 63.3070 64.4690 65.6300 66.7920 67.9540 69.1150 71.8100 72.9720 74.1330 75.2950 76.4570 77.6180 78.7800 79.9410 81.1030 84.0070 86.9110 89.1640 92.0680 94.9720 97.8760 100.780 101.193 98.2890 95.3850 92.4810 89.5770 86.6730 83.7690 80.8650 77.9610 75.0570 72.1530 69.2490 66.3450 63.4410 60.5370 57.6330 54.7290 51.8250 48.9210 46.0170 43.1130 40.2090 37.3050 34.4010 31.4970 28.5930 25.6890 23.4350 20.5310 17.6270 16.4660 13.6020 12.4410 9.57700 7.32400
42.8340 43.9960 45.1570 48.0610 50.9650 53.8690 55.7570 56.9180 58.0800 59.2420 60.4030 61.5650 62.7260 63.8880 65.0500 67.7450 68.9060 70.0680 71.2290 72.3910 73.5530 74.7140 75.8760 77.0370 79.9410 82.8450 85.0990 88.0030 90.9070 93.8110 96.7150 99.6190 100.031 97.1270 94.2230 91.3190 88.4150 85.5110 82.6070 79.7030 76.7990 73.8950 70.9910 68.0870 65.1830 62.2790 59.3750 56.4710 53.5670 50.6630 47.7590 44.8550 41.9510 39.0470 36.1430 33.2390 30.3350 27.4310 24.5270 21.6230 19.3700 16.4660 13.5620 12.4000 9.53700 8.37500 5.51200
39.9300 41.0920 43.9960 46.9000 49.8040 51.6910 52.8530 54.0140 55.1760 56.3380 57.4990 58.6610 59.8220 60.9840 63.6790 64.8410 66.0020 67.1640 68.3250 69.4870 70.6490 71.8100 72.9720 75.8760 78.7800 81.0330 83.9370 86.8410 89.7450 92.6490 95.5530 98.4570 98.8700 95.9660 93.0620 90.1580 87.2540 84.3500 81.4460 78.5420 75.6380 72.7340 69.8300 66.9260 64.0220 61.1180 58.2140 55.3100 52.4060 49.5020 46.5980 43.6940 40.7900 37.8860 34.9820 32.0780 29.1740 26.2700 23.3660 20.4620 17.5580 15.3040 12.4000 9.49600 8.33400 5.47100 4.31000
37.0260 39.9300 42.8340 45.7380 47.6260 48.7870 49.9490 51.1100 52.2720 53.4340 54.5950 55.7570 56.9180 59.6130 60.7750 61.9370 63.0980 64.2600 65.4210 66.5830 67.7450 68.9060 71.8100 74.7140 76.9680 79.8720 82.7760 85.6800 88.5840 91.4880 94.3920 97.2960 97.7080 94.8040 91.9000 88.9960 86.0920 83.1880 80.2840 77.3800 74.4760 71.5720 68.6680 65.7640 62.8600 59.9560 57.0520 54.1480 51.2440 48.3400 45.4360 42.5320 39.6280 36.7240 33.8200 30.9160 28.0120 25.1080 22.2040 19.3000 16.3960 13.4920 11.2380 8.33400 5.43000 4.26900 1.40600
35.8640 38.7680 41.6720 43.5600 44.7220 45.8830 47.0450 48.2060 49.3680 50.5300 51.6910 52.8530 55.5480 56.7090 57.8710 59.0330 60.1940 61.3560 62.5170 63.6790 64.8410 67.7450 70.6490 72.9020 75.8060 78.7100 81.6140 84.5180 87.4220 90.3260 93.2300 96.1340 96.5460 93.6420 90.7380 87.8340 84.9300 82.0260 79.1220 76.2180 73.3140 70.4100 67.5060 64.6020 61.6980 58.7940 55.8900 52.9860 50.0820 47.1780 44.2740 41.3700 38.4660 35.5620 32.6580 29.7540 26.8500 23.9460 21.0420 18.1380 15.2340 12.3300 9.42600 7.17300 4.26900 1.36500 1.37600
34.7030 37.6070 39.4940 40.6560 41.8180 42.9790 44.1410 45.3020 46.4640 47.6260 48.7870 51.4820 52.6440 53.8050 54.9670 56.1290 57.2900 58.4520 59.6130 60.7750 63.6790 66.5830 68.8360 71.7400 74.6440 77.5480 80.4520 83.3560 86.2600 89.1640 92.0680 94.9720 95.3850 92.4810 89.5770 86.6730 83.7690 80.8650 77.9610 75.0570 72.1530 69.2490 66.3450 63.4410 60.5370 57.6330 54.7290 51.8250 48.9210 46.0170 43.1130 40.2090 37.3050 34.4010 31.4970 28.5930 25.6890 22.7850 19.8810 16.9770 14.0730 11.1690 8.26500 5.36100 4.19900 1.33600 4.24000
33.5410 35.4290 36.5900 37.7520 38.9140 40.0750 41.2370 42.3980 43.5600 44.7220 47.4170 48.5780 49.7400 50.9010 52.0630 53.2250 54.3860 55.5480 56.7090 59.6130 62.5170 64.7710 67.6750 70.5790 73.4830 76.3870 79.2910 82.1950 85.0990 88.0030 90.9070 93.8110 94.2230 91.3190 88.4150 85.5110 82.6070 79.7030 76.7990 73.8950 70.9910 68.0870 65.1830 62.2790 59.3750 56.4710 53.5670 50.6630 47.7590 44.8550 41.9510 39.0470 36.1430 33.2390 30.3350 27.4310 24.5270 21.6230 18.7190 15.8150 12.9110 10.0070 7.10300 4.19900 1.29500 1.30700 4.21100
31.3630 32.5250 33.6860 34.8480 36.0100 37.1710 38.3330 39.4940 40.6560 43.3510 44.5130 45.6740 46.8360 47.9970 49.1590 50.3210 51.4820 52.6440 55.5480 58.4520 60.7050 63.6090 66.5130 69.4170 72.3210 75.2250 78.1290 81.0330 83.9370 86.8410 89.7450 92.6490 93.3750 90.4710 87.5670 84.6630 81.7590 78.8550 75.9510 73.0470 70.1430 67.2390 64.3350 61.4310 58.5270 55.6230 52.7190 49.8150 46.9110 44.0070 41.1030 38.1990 35.2950 32.3910 29.4870 27.4020 24.4980 21.5940 18.6900 15.7860 12.8820 9.97800 7.07400 4.17000 1.26600 4.17000 5.37200
28.4590 29.6210 30.7820 31.9440 33.1060 34.2670 35.4290 36.5900 39.2850 40.4470 41.6090 42.7700 43.9320 45.0930 46.2550 47.4170 48.5780 51.4820 54.3860 56.6400 59.5440 62.4480 65.3520 68.2560 71.1600 74.0640 76.9680 79.8720 82.7760 85.6800 88.5840 91.4880 92.2140 89.3100 86.4060 83.5020 80.5980 77.6940 74.7900 71.8860 68.9820 66.0780 63.1740 60.2700 57.3660 54.4620 51.5580 48.6540 45.7500 42.8460 39.9420 37.0380 34.1340 31.2300 28.3260 25.4220 24.2600 21.3970 18.6610 15.7570 12.8530 9.94900 7.04500 4.14100 1.23700 4.14100 7.04500
25.5550 26.7170 27.8780 29.0400 30.2020 31.3630 32.5250 35.2200 36.3810 37.5430 38.7050 39.8660 41.0280 42.1890 43.3510 44.5130 47.4170 50.3210 52.5740 55.4780 58.3820 61.2860 64.1900 67.0940 69.9980 72.9020 75.8060 78.7100 81.6140 84.5180 87.4220 90.3260 91.0520 88.1480 85.2440 82.3400 79.4360 76.5320 73.6280 70.7240 67.8200 64.9160 62.0120 59.1080 56.2040 53.3000 50.3960 47.4920 44.5880 41.6840 38.7800 35.8760 32.9720 30.0680 27.1640 24.2600 21.3560 20.1940 17.3310 15.7280 12.8240 9.92000 7.01600 4.11200 1.20800 4.11200 7.01600
22.6510 23.8130 24.9740 26.1360 27.2980 28.4590 31.1540 32.3160 33.4770 34.6390 35.8010 36.9620 38.1240 39.2850 40.4470 43.3510 46.2550 48.5080 51.4120 54.3160 57.2200 60.1240 63.0280 65.9320 68.8360 71.7400 74.6440 77.5480 80.4520 83.3560 86.2600 89.1640 89.8900 86.9860 84.0820 81.1780 78.2740 75.3700 72.4660 69.5620 66.6580 63.7540 60.8500 57.9460 55.0420 52.1380 49.2340 46.3300 43.4260 40.5220 37.6180 34.7140 31.8100 28.9060 26.0020 23.0980 20.1940 17.2900 16.1290 13.2650 12.1040 9.24100 6.98700 4.08300 1.17900 4.08300 6.98700
19.7470 20.9090 22.0700 23.2320 24.3940 27.2980 28.2500 29.4120 30.5730 31.7350 32.8970 34.0580 35.2200 36.3810 39.2850 42.1890 44.4430 47.3470 50.2510 53.1550 56.0590 58.9630 61.8670 64.7710 67.6750 70.5790 73.4830 76.3870 79.2910 82.1950 85.0990 88.0030 88.7290 85.8250 82.9210 80.0170 77.1130 74.2090 71.3050 68.4010 65.4970 62.5930 59.6890 56.7850 53.8810 50.9770 48.0730 45.1690 42.2650 39.3610 36.4570 33.5530 30.6490 27.7450 24.8410 21.9370 19.0330 16.1290 13.2250 12.0630 9.20000 8.03800 5.17500 4.01300 1.15000 4.05400 6.95800
16.8430 18.0050 19.1660 20.3280 23.2320 25.3580 25.3460 26.5080 27.6690 28.8310 29.9930 31.1540 32.3160 35.2200 38.1240 40.3770 43.2810 46.1850 49.0890 51.9930 54.8970 57.8010 60.7050 63.6090 66.5130 69.4170 72.3210 75.2250 78.1290 81.0330 83.9370 86.8410 87.5670 84.6630 81.7590 78.8550 75.9510 73.0470 70.1430 67.2390 64.3350 61.4310 58.5270 55.6230 52.7190 49.8150 46.9110 44.0070 41.1030 38.1990 35.2950 32.3910 29.4870 26.5830 23.6790 20.7750 17.8710 14.9670 12.0630 9.15900 7.99800 5.13400 3.97300 1.10900 1.12100 4.02500 6.92900
13.9390 15.1010 16.2620 19.1660 22.0700 22.4540 22.4420 23.6040 24.7650 25.9270 27.0890 28.2500 31.1540 34.0580 36.3120 39.2160 42.1200 45.0240 47.9280 50.8320 53.7360 56.6400 59.5440 62.4480 65.3520 68.2560 71.1600 74.0640 76.9680 79.8720 82.7760 85.6800 86.4060 83.5020 80.5980 77.6940 74.7900 71.8860 68.9820 66.0780 63.1740 60.2700 57.3660 54.4620 51.5580 48.6540 45.7500 42.8460 39.9420 37.0380 34.1340 31.2300 28.3260 25.4220 22.5180 19.6140 16.7100 13.8060 10.9020 7.99800 5.09400 3.93200 1.06900 1.08000 3.98400 5.18700 8.09100
11.0350 12.1970 15.1010 18.0050 19.5790 19.5500 19.5380 20.7000 21.8610 23.0230 24.1850 27.0890 29.9930 32.2460 35.1500 38.0540 40.9580 43.8620 46.7660 49.6700 52.5740 55.4780 58.3820 61.2860 64.1900 67.0940 69.9980 72.9020 75.8060 78.7100 81.6140 84.5180 85.2440 82.3400 79.4360 76.5320 73.6280 70.7240 67.8200 64.9160 62.0120 59.1080 56.2040 53.3000 50.3960 47.4920 44.5880 41.6840 38.7800 35.8760 32.9720 30.0680 27.1640 24.2600 21.3560 18.4520 15.5480 12.6440 9.74000 6.83600 3.93200 1.02800 1.04000 3.94400 5.14600 8.05000 9.25200
8.13100 11.0350 13.9390 16.1930 16.6750 16.6460 16.6340 17.7960 18.9570 20.1190 23.0230 25.9270 28.1800 31.0840 33.9880 36.8920 39.7960 42.7000 45.6040 48.5080 51.4120 54.3160 57.2200 60.1240 63.0280 65.9320 68.8360 71.7400 74.6440 77.5480 80.4520 83.3560 85.2150 82.3110 79.4070 76.5030 73.5990 70.6950 67.7910 64.8870 61.9830 59.0790 56.1750 53.2710 50.3670 47.4630 44.5590 41.6550 38.7510 35.8470 32.9430 30.0390 27.1350 24.2310 21.3270 18.4230 15.5190 12.6150 9.71100 6.80700 3.90300 0.99900 3.90300 5.10500 8.00900 9.21100 12.1150
8.10200 10.9660 12.1270 13.8000 13.7710 13.7420 13.7300 14.8920 16.0530 18.9570 21.8610 24.1150 27.0190 29.9230 32.8270 35.7310 38.6350 41.5390 44.4430 47.3470 50.2510 53.1550 56.0590 58.9630 61.8670 64.7710 67.6750 70.5790 73.4830 76.3870 79.2910 82.1950 84.5300 82.2820 79.3780 76.4740 73.5700 70.6660 67.7620 64.8580 61.9540 59.0500 56.1460 53.2420 50.3380 47.4340 44.5300 41.6260 38.7220 35.8180 32.9140 30.0100 27.1060 24.2020 21.2980 18.3940 15.4900 12.5860 9.68200 6.77800 3.87400 0.97000 3.87400 6.77800 9.17100 12.0750 13.2770
8.09100 8.06200 10.9250 10.8960 10.8670 10.8380 10.8260 11.9880 14.8920 17.7960 20.0490 22.9530 25.8570 28.7610 31.6650 34.5690 37.4730 40.3770 43.2810 46.1850 49.0890 51.9930 54.8970 57.8010 60.7050 63.6090 66.5130 69.4170 72.3210 75.2250 78.1290 81.0330 81.6260 80.4640 79.3020 76.4450 73.5410 70.6370 67.7330 64.8290 61.9250 59.0210 56.1170 53.2130 50.3090 47.4050 44.5010 41.5970 38.6930 35.7890 32.8850 29.9810 27.0770 24.1730 21.2690 18.3650 15.4610 12.5570 9.65300 6.74900 3.84500 0.94100 3.84500 6.74900 9.65300 12.5570 15.4610
10.9540 8.05000 8.02100 7.99200 7.96300 7.93400 7.92200 10.8260 13.7300 15.9840 18.8880 21.7920 24.6960 27.6000 30.5040 33.4080 36.3120 39.2160 42.1200 45.0240 47.9280 50.8320 53.7360 56.6400 59.5440 62.4480 65.3520 68.2560 71.1600 74.0640 76.9680 79.8720 78.7220 77.5600 76.3980 76.3690 73.5120 70.6080 67.7040 64.8000 61.8960 58.9920 56.0880 53.1840 50.2800 47.3760 44.4720 41.5680 38.6640 35.7600 32.8560 29.9520 27.0480 24.1440 21.2400 18.3360 15.4320 12.5280 9.62400 6.72000 3.81600 0.91200 3.81600 6.72000 9.62400 12.5280 15.4320
12.1150 10.9540 10.9250 10.8960 10.8670 10.7970 7.89300 10.7560 11.9180 14.8220 17.7260 20.6300 23.5340 26.4380 29.3420 32.2460 35.1500 38.0540 40.9580 43.8620 46.7660 49.6700 52.5740 55.4780 58.3820 61.2860 64.1900 67.0940 69.9980 72.9020 75.8060 76.9790 75.8180 74.6560 73.4940 73.4650 73.4360 70.5790 67.6750 64.7710 61.8670 58.9630 56.0590 53.1550 50.2510 47.3470 44.4430 41.5390 38.6350 35.7310 32.8270 29.9230 27.0190 24.1150 21.2110 18.3070 15.4030 12.4990 9.59500 6.69100 3.78700 0.88300 3.78700 6.69100 8.94400 11.8080 12.9690
15.0190 13.8580 13.8290 13.8000 13.6720 10.7680 7.86400 7.85200 10.7560 13.6600 16.5640 19.4680 22.3720 25.2760 28.1800 31.0840 33.9880 36.8920 39.7960 42.7000 45.6040 48.5080 51.4120 54.3160 57.2200 60.1240 63.0280 65.9320 68.8360 71.7400 74.6440 74.0750 72.9140 71.7520 70.5900 70.5610 70.5320 70.5030 67.6460 64.7420 61.8380 58.9340 56.0300 53.1260 50.2220 47.3180 44.4140 41.5100 38.6060 35.7020 32.7980 29.8940 26.9900 24.0860 21.1820 18.2780 15.3740 12.4700 9.56600 6.66200 3.75800 0.85400 3.71700 4.87900 7.74200 8.90400 11.8080
17.9230 16.7620 16.7330 16.7040 14.8340 11.9300 10.7270 7.82300 10.7270 13.6310 16.5350 19.4390 22.3430 25.2470 28.1510 31.0550 33.9590 36.8630 39.7670 42.6710 45.5750 48.4790 51.3830 54.2870 57.1910 60.0950 62.9990 65.9030 68.8070 71.7110 72.3330 71.1710 70.0100 68.8480 67.6860 67.6570 67.6280 67.5990 66.9430 64.7130 61.8090 58.9050 56.0010 53.0970 50.1930 47.2890 44.3850 41.4810 38.5770 35.6730 32.7690 29.8650 26.9610 24.0570 21.1530 18.2490 15.3450 12.4410 9.53700 6.63300 3.72900 0.82500 0.81300 3.67600 4.83800 7.74200 10.6460
16.3670 16.3380 16.3260 17.4880 14.7230 11.8190 10.6580 7.79400 10.6980 13.6020 16.5060 19.4100 22.3140 25.2180 28.1220 31.0260 33.9300 36.8340 39.7380 42.6420 45.5460 48.4500 51.3540 54.2580 57.1620 60.0660 62.9700 65.8740 68.7780 70.5900 69.4290 68.2670 67.1060 65.9440 64.7820 64.7530 64.7240 64.6950 64.0390 62.8770 61.7160 60.0660 57.1620 54.2580 51.3540 48.4500 45.5460 42.6420 39.7380 36.8340 33.9300 31.0260 28.1220 25.2180 22.3140 19.4100 16.5060 13.6020 10.6980 7.79400 4.89000 3.68800 0.78400 0.77200 3.67600 6.58000 9.48400
13.4630 13.4340 13.4220 14.5840 13.5620 10.6580 7.75400 7.76500 10.6690 13.5730 16.4770 19.3810 22.2850 25.1890 28.0930 30.9970 33.9010 36.8050 39.7090 42.6130 45.5170 48.4210 51.3250 54.2290 57.1330 60.0370 62.9410 65.8450 68.7490 67.6860 66.5250 65.3630 64.2020 63.0400 61.8780 61.8490 61.8200 61.7910 61.1350 59.9730 58.8120 58.7830 58.3240 55.4200 52.5160 49.6120 46.7080 43.8040 40.9000 37.9960 35.0920 32.1880 29.2840 26.3800 23.4760 20.5720 17.6680 14.7640 11.8600 8.95600 7.75400 4.85000 3.64700 0.74300 3.64700 6.55100 9.45500
10.5590 10.5300 10.5180 11.6800 11.7500 10.5880 7.72500 10.6290 11.8310 14.7350 17.6390 20.5430 23.4470 26.3510 29.2550 32.1590 35.0630 37.9670 40.8710 43.7750 46.6790 49.5830 52.4870 55.3910 58.2950 61.1990 64.1030 67.0070 65.9440 64.7820 63.6210 62.4590 61.2980 60.1360 58.9740 58.9450 58.9160 58.8870 58.2310 57.0690 55.9080 55.8790 57.0400 56.5820 53.6780 50.7740 47.8700 44.9660 42.0620 39.1580 36.2540 33.3500 30.4460 27.5420 24.6380 21.7340 18.8300 15.9260 13.0220 10.5470 7.64300 4.73900 3.57800 0.71400 3.61800 6.52200 9.42600
7.65500 7.62600 7.61400 10.5180 10.5470 7.68400 10.5880 11.7900 14.6940 15.8960 18.8000 21.7040 24.6080 27.5120 30.4160 33.3200 36.2240 39.1280 42.0320 44.9360 47.8400 50.7440 53.6480 56.5520 59.4560 62.3600 65.2640 64.2020 63.0400 61.8780 60.7170 59.5550 58.3940 57.2320 56.0700 56.0410 56.0120 55.9830 55.3270 54.1650 53.0040 52.9750 54.1360 55.2980 52.9460 50.0420 47.1380 44.2340 41.3300 38.4260 35.5220 32.6180 29.7140 26.8100 23.9060 21.0020 18.0980 15.1940 12.2900 9.38600 6.48200 3.57800 0.67400 0.68500 3.58900 6.49300 9.39700
10.4200 10.4490 7.58500 7.61400 7.64300 7.67200 10.5760 13.4800 15.8560 18.7600 19.9620 22.8660 25.7700 28.6740 31.5780 34.4820 37.3860 40.2900 43.1940 46.0980 49.0020 51.9060 54.8100 57.7140 60.6180 63.5220 62.4590 61.2980 60.1360 58.9740 57.8130 56.6510 55.4900 54.3280 53.1660 53.1370 53.1080 53.0790 52.4230 51.2610 50.1000 50.0710 51.2320 52.3940 52.2660 49.3620 46.4580 43.5540 40.6500 37.7460 34.8420 31.9380 29.0340 26.1300 23.2260 20.3220 17.4180 14.5140 11.6100 8.70600 6.45300 3.54900 0.64500 3.54900 4.75100 7.65500 10.5590
7.51600 7.54500 7.57400 7.60300 7.63200 10.5360 11.7380 14.6420 17.5460 19.9210 22.8250 24.0280 26.9320 29.8360 32.7400 35.6440 38.5480 41.4520 44.3560 47.2600 50.1640 53.0680 55.9720 58.8760 61.7800 60.7170 59.5550 58.3940 57.2320 56.0700 54.9090 53.7470 52.5860 51.4240 50.2620 50.2330 50.2040 50.1750 49.5190 48.3570 47.1960 47.1670 48.3280 49.4900 49.9720 48.2010 45.2970 42.3930 39.4890 36.5850 33.6810 30.7770 27.8730 24.9690 22.0650 19.1610 16.2570 13.3530 10.4490 7.54500 4.64100 3.47900 0.61600 3.52000 6.42400 8.81700 11.7210
