AppendixA/HikerMovements/data/dist_ega_1000.asc
ncols 271
nrows 294
xllcorner 698225
yllcorner 5141858
cellsize 30.00
nodata_value  557.514
[rows 29 to 57 of 294, columns 0 to 66 of 271]
53.5380 52.3770 51.2150 50.0530 48.8920 47.7300 46.5690 46.5800 46.5920 47.7530 48.9150 50.0770 51.2380 52.4000 53.5610 54.7230 55.8850 57.0460 58.2080 59.3690 60.5310 63.4350 66.3390 69.2430 72.1470 75.0510 77.9550 80.8590 83.7630 86.2780 87.4390 88.6010 90.2740 91.4350 92.5970 95.4600 96.6220 98.1260 99.2880 100.449 101.611 102.773 103.934 105.096 106.257 107.419 108.581 111.444 112.606 114.296 115.457 116.619 119.523 122.427 125.331 128.235 131.139 134.043 136.947 139.851 142.755 145.659 148.563 151.467 154.371 157.275 160.179
50.6340 49.4730 48.3110 47.1490 45.9880 44.8260 43.6650 43.6760 43.6880 44.8490 46.0110 47.1730 48.3340 49.4960 50.6570 51.8190 52.9810 54.1420 55.3040 56.4650 59.3690 62.2730 65.1770 68.0810 70.9850 73.8890 76.7930 79.6970 82.2120 83.3740 84.5350 86.2080 87.3700 88.5310 91.3950 92.5560 94.0610 95.2220 96.3840 97.5450 98.7070 99.8690 101.030 102.192 103.353 104.515 107.378 108.540 110.230 111.392 112.553 115.457 118.361 121.265 124.169 127.073 129.977 132.881 135.785 138.689 141.593 144.497 147.401 150.305 153.209 156.113 159.017
47.7300 46.5690 45.4070 44.2450 43.0840 41.9220 40.7610 40.7720 40.7840 41.9450 43.1070 44.2690 45.4300 46.5920 47.7530 48.9150 50.0770 51.2380 52.4000 55.3040 58.2080 61.1120 64.0160 66.9200 69.8240 72.7280 75.6320 78.1470 79.3080 80.4700 82.1430 83.3040 84.4660 87.3290 88.4910 89.9950 91.1570 92.3180 93.4800 94.6410 95.8030 96.9650 98.1260 99.2880 100.449 103.313 104.474 106.164 107.326 108.488 111.392 114.296 117.200 120.104 123.008 125.912 128.816 131.720 134.624 137.528 140.432 143.336 146.240 149.144 152.048 154.952 157.856
44.8260 43.6650 42.5030 41.3410 40.1800 39.0180 37.8570 37.8680 37.8800 39.0410 40.2030 41.3650 42.5260 43.6880 44.8490 46.0110 47.1730 48.3340 51.2380 54.1420 57.0460 59.9500 62.8540 65.7580 68.6620 71.5660 74.0810 75.2430 76.4040 78.0770 79.2390 80.4000 83.2630 84.4250 85.9290 87.0910 88.2530 89.4140 90.5760 91.7370 92.8990 94.0610 95.2220 96.3840 99.2470 100.409 102.099 103.260 104.422 107.326 110.230 113.134 116.038 118.942 121.846 124.750 127.654 130.558 133.462 136.366 139.270 142.174 145.078 147.982 150.886 153.790 156.694
41.9220 40.7610 39.5990 38.4370 37.2760 36.1140 34.9530 34.9640 34.9760 36.1370 37.2990 38.4610 39.6220 40.7840 41.9450 43.1070 44.2690 47.1730 50.0770 52.9810 55.8850 58.7890 61.6930 64.5970 67.5010 70.0150 71.1770 72.3390 74.0110 75.1730 76.3350 79.1980 80.3590 81.8640 83.0250 84.1870 85.3490 86.5100 87.6720 88.8330 89.9950 91.1570 92.3180 95.1820 96.3430 98.0330 99.1950 100.356 103.260 106.164 109.068 111.972 114.876 117.780 120.684 123.588 126.492 129.396 132.300 135.204 138.108 141.012 143.916 146.820 149.724 152.628 155.532
39.0180 37.8570 36.6950 35.5330 34.3720 33.2100 32.0490 32.0600 32.0720 33.2330 34.3950 35.5570 36.7180 37.8800 39.0410 40.2030 43.1070 46.0110 48.9150 51.8190 54.7230 57.6270 60.5310 63.4350 65.9500 67.1110 68.2730 69.9460 71.1070 72.2690 75.1320 76.2940 77.7980 78.9600 80.1210 81.2830 82.4450 83.6060 84.7680 85.9290 87.0910 88.2530 91.1160 92.2780 93.9680 95.1290 96.2910 99.1950 102.099 105.003 107.907 110.811 113.715 116.619 119.523 122.427 125.331 128.235 131.139 134.043 136.947 139.851 142.755 145.659 148.563 151.467 154.371
36.1140 34.9530 33.7910 32.6290 31.4680 30.3060 29.1450 29.1560 29.1680 30.3290 31.4910 32.6530 33.8140 34.9760 36.1370 39.0410 41.9450 44.8490 47.7530 50.6570 53.5610 56.4650 59.3690 61.8840 63.0460 64.2070 65.8800 67.0420 68.2030 71.0670 72.2280 73.7330 74.8940 76.0560 77.2170 78.3790 79.5410 80.7020 81.8640 83.0250 84.1870 87.0500 88.2120 89.9020 91.0640 92.2250 95.1290 98.0330 100.937 103.841 106.745 109.649 112.553 115.457 118.361 121.265 124.169 127.073 129.977 132.881 135.785 138.689 141.593 144.497 147.401 150.305 153.093
33.3030 32.0490 30.8870 29.7250 28.5640 27.4020 26.2410 26.2520 26.2640 27.4250 28.5870 29.7490 30.9100 32.0720 34.9760 37.8800 40.7840 43.6880 46.5920 49.4960 52.4000 55.3040 57.8190 58.9800 60.1420 61.8150 62.9760 64.1380 67.0010 68.1630 69.6670 70.8290 71.9900 73.1520 74.3130 75.4750 76.6370 77.7980 78.9600 80.1210 82.9850 84.1460 85.8360 86.9980 88.1600 91.0640 93.9680 96.8720 99.7760 102.680 105.584 108.488 111.392 114.296 117.200 120.104 123.008 125.912 128.816 131.720 134.624 137.528 140.432 143.336 146.240 149.027 150.189
30.3990 29.6960 27.9830 26.8210 25.6600 24.4980 23.3370 23.3480 23.3600 24.5210 25.6830 26.8450 28.0060 30.9100 33.8140 36.7180 39.6220 42.5260 45.4300 48.3340 51.2380 53.7530 54.9150 56.0760 57.7490 58.9110 60.0720 62.9350 64.0970 65.6010 66.7630 67.9250 69.0860 70.2480 71.4090 72.5710 73.7330 74.8940 76.0560 78.9190 80.0810 81.7710 82.9320 84.0940 86.9980 89.9020 92.8060 95.7100 98.6140 101.518 104.422 107.326 110.230 113.134 116.038 118.942 121.846 124.750 127.654 130.558 133.462 136.366 139.270 142.174 144.962 146.123 147.285
27.4950 26.7920 25.6310 23.9170 22.7560 21.5940 20.4330 20.4440 20.4560 21.6170 22.7790 23.9410 26.8450 29.7490 32.6530 35.5570 38.4610 41.3650 44.2690 47.1730 49.6870 50.8490 52.0110 53.6830 54.8450 56.0070 58.8700 60.0310 61.5360 62.6970 63.8590 65.0210 66.1820 67.3440 68.5050 69.6670 70.8290 71.9900 74.8540 76.0150 77.7050 78.8670 80.0280 82.9320 85.8360 88.7400 91.6440 94.5480 97.4520 100.356 103.260 106.164 109.068 111.972 114.876 117.780 120.684 123.588 126.492 129.396 132.300 135.204 138.108 140.896 142.058 143.219 144.381
24.5910 23.8880 22.7270 21.5650 19.8520 18.6900 17.5290 17.5400 17.5520 18.7130 19.8750 22.7790 25.6830 28.5870 31.4910 34.3950 37.2990 40.2030 43.1070 45.6220 46.7830 47.9450 49.6180 50.7790 51.9410 54.8040 55.9660 57.4700 58.6320 59.7930 60.9550 62.1170 63.2780 64.4400 65.6010 66.7630 67.9250 70.7880 71.9500 73.6400 74.8010 75.9630 78.8670 81.7710 84.6750 87.5790 90.4830 93.3870 96.2910 99.1950 102.099 105.003 107.907 110.811 113.715 116.619 119.523 122.427 125.331 128.235 131.139 134.043 136.831 137.992 139.154 140.315 143.179
21.6870 22.7270 19.8230 18.6610 17.5000 15.7860 14.6250 14.6360 14.6480 15.8090 18.7130 21.6170 24.5210 27.4250 30.3290 33.2330 36.1370 39.0410 41.5560 42.7180 43.8790 45.5520 46.7140 47.8750 50.7390 51.9000 53.4050 54.5660 55.7280 56.8890 58.0510 59.2130 60.3740 61.5360 62.6970 63.8590 66.7220 67.8840 69.5740 70.7360 71.8970 74.8010 77.7050 80.6090 83.5130 86.4170 89.3210 92.2250 95.1290 98.0330 100.937 103.841 106.745 109.649 112.553 115.457 118.361 121.265 124.169 127.073 129.977 132.765 133.927 135.088 136.250 139.113 140.275
18.7830 19.8230 18.6610 15.7570 14.5960 14.5840 11.7210 11.7320 11.7440 14.6480 17.5520 20.4560 23.3600 26.2640 29.1680 32.0720 34.9760 37.4910 38.6520 39.8140 41.4870 42.6480 43.8100 46.6730 47.8350 49.3390 50.5010 51.6620 52.8240 53.9850 55.1470 56.3090 57.4700 58.6320 59.7930 62.6570 63.8180 65.5080 66.6700 67.8320 70.7360 73.6400 76.5440 79.4480 82.3520 85.2560 88.1600 91.0640 93.9680 96.8720 99.7760 102.680 105.584 108.488 111.392 114.296 117.200 120.104 123.008 125.912 128.699 129.861 131.023 132.184 135.048 136.209 139.113
15.8790 18.6610 15.7570 14.5960 11.6920 11.6800 11.6920 11.7030 11.7320 14.6360 17.5400 20.4440 23.3480 26.2520 29.1560 32.0600 33.4250 34.5870 35.7480 37.4210 38.5830 39.7440 42.6070 43.7690 45.2730 46.4350 47.5970 48.7580 49.9200 51.0810 52.2430 53.4050 54.5660 55.7280 58.5910 59.7530 61.4430 62.6040 63.7660 66.6700 69.5740 72.4780 75.3820 78.2860 81.1900 84.0940 86.9980 89.9020 92.8060 95.7100 98.6140 101.518 104.422 107.326 110.230 113.134 116.038 118.942 121.846 124.634 125.795 126.957 128.119 130.982 132.144 135.048 137.952
15.8500 17.5000 14.5960 11.6920 11.6620 11.6510 11.6620 14.5660 14.6360 15.7980 18.7020 21.6060 24.5100 27.0360 28.1980 29.3590 30.5210 31.6830 33.3550 34.5170 35.6790 38.5420 39.7030 41.2080 42.3690 43.5310 44.6930 45.8540 47.0160 48.1770 49.3390 50.5010 51.6620 54.5260 55.6870 57.3770 58.5390 59.7000 62.6040 65.5080 68.4120 71.3160 74.2200 77.1240 80.0280 82.9320 85.8360 88.7400 91.6440 94.5480 97.4520 100.356 103.260 106.164 109.068 111.972 114.876 117.780 120.568 121.730 122.891 124.053 126.916 128.078 130.982 133.886 136.790
18.7130 15.8090 14.6070 11.7030 14.5260 11.6220 14.5260 15.7280 17.5400 18.7020 19.8630 22.7670 22.9710 24.1320 25.2940 26.4550 27.6170 29.2900 30.4510 31.6130 34.4760 35.6380 37.1420 38.3040 39.4650 40.6270 41.7890 42.9500 44.1120 45.2730 46.4350 47.5970 50.4600 51.6220 53.3120 54.4730 55.6350 58.5390 61.4430 64.3470 67.2510 70.1550 73.0590 75.9630 78.8670 81.7710 84.6750 87.5790 90.4830 93.3870 96.2910 99.1950 102.099 105.003 107.907 110.811 113.715 116.503 117.664 118.826 119.987 122.851 124.012 126.916 129.820 132.724 135.628
17.5520 14.6480 11.7440 11.7320 14.4970 11.5930 14.4560 15.6180 18.4810 19.6430 20.1250 20.0960 20.0670 21.2280 22.3900 23.5510 25.2240 26.3860 27.5470 30.4110 31.5720 33.7560 34.2380 35.4000 36.5610 37.7230 38.8850 40.0460 41.2080 42.3690 43.5310 46.3940 47.5560 49.2460 50.4080 51.5690 54.4730 57.3770 60.2810 63.1850 66.0890 68.9930 71.8970 74.8010 77.7050 80.6090 83.5130 86.4170 89.3210 92.2250 95.1290 98.0330 100.937 103.841 106.745 109.649 112.437 113.599 114.760 115.922 118.785 119.947 122.851 125.755 128.659 131.563 134.467
15.8790 14.6770 11.7730 14.6360 14.4850 11.5810 11.5520 14.4150 15.5770 17.2500 17.2210 17.1920 17.1630 18.3240 19.4860 21.1590 22.3200 23.4820 26.3450 27.5070 29.6900 30.8520 31.3340 32.4960 33.6570 34.8190 35.9810 37.1420 38.3040 39.4650 42.3290 43.4900 45.1800 46.3420 47.5040 50.4080 53.3120 56.2160 59.1200 62.0240 64.9280 67.8320 70.7360 73.6400 76.5440 79.4480 82.3520 85.2560 88.1600 91.0640 93.9680 96.8720 99.7760 102.680 105.584 108.371 109.533 110.695 111.856 114.720 115.881 118.785 121.689 124.593 127.497 130.401 133.305
14.7170 11.8130 14.6770 15.8380 15.6470 14.4440 11.5400 11.5110 14.3750 14.3460 14.3170 14.2880 14.2590 15.4200 17.0930 18.2550 19.4160 22.2790 23.4410 25.6250 26.7860 27.9480 28.4300 29.5920 30.7530 31.9150 33.0770 34.2380 35.4000 38.2630 39.4250 41.1150 42.2760 43.4380 46.3420 49.2460 52.1500 55.0540 57.9580 60.8620 63.7660 66.6700 69.5740 72.4780 75.3820 78.2860 81.1900 84.0940 86.9980 89.9020 92.8060 95.7100 98.6140 101.518 104.306 105.467 106.629 107.791 110.654 111.816 114.720 117.624 120.528 123.432 126.336 129.240 132.144
11.8540 14.7170 11.8540 14.7580 15.9600 15.6060 14.4440 14.3750 11.4710 11.4420 11.4130 11.3840 11.3550 14.2180 14.1890 15.3510 18.2140 19.3750 22.2390 22.7210 23.8820 25.0440 25.5260 26.6880 27.8490 29.0110 30.1730 31.3340 34.1980 35.3590 37.0490 38.2110 39.3720 42.2760 45.1800 48.0840 50.9880 53.8920 56.7960 59.7000 62.6040 65.5080 68.4120 71.3160 74.2200 77.1240 80.0280 82.9320 85.8360 88.7400 91.6440 94.5480 97.4520 100.240 101.402 102.563 103.725 106.588 107.750 110.654 113.558 116.462 119.366 122.270 125.174 128.078 130.982
11.8830 11.8950 11.8830 11.8950 14.7990 17.7030 17.3480 15.5360 14.3750 14.3460 14.3170 14.2880 14.2180 11.3140 11.2850 14.1480 15.3100 18.1730 19.3350 19.8170 20.9780 22.1400 22.6220 23.7840 24.9450 26.1070 27.2690 30.1320 31.2940 32.9840 34.1450 35.3070 38.2110 41.1150 44.0190 46.9230 49.8270 52.7310 55.6350 58.5390 61.4430 64.3470 67.2510 70.1550 73.0590 75.9630 78.8670 81.7710 84.6750 87.5790 90.4830 93.3870 96.1750 97.3360 98.4980 99.6590 102.523 103.684 106.588 109.492 112.396 115.300 118.204 121.108 124.012 126.916 129.820
14.7870 11.9240 11.9120 11.9240 14.8280 17.7320 19.6020 18.4400 17.2790 17.2500 17.2210 17.1920 15.3800 14.2180 14.1480 11.2440 14.1080 15.2690 16.9420 16.9130 18.0740 19.2360 19.7180 20.8800 22.0410 23.2030 26.0660 27.2280 28.9180 30.0800 31.2410 34.1450 37.0490 39.9530 42.8570 45.7610 48.6650 51.5690 54.4730 57.3770 60.2810 63.1850 66.0890 68.9930 71.8970 74.8010 77.7050 80.6090 83.5130 86.4170 89.3210 92.1090 93.2710 94.4320 95.5940 98.4570 99.6190 102.523 105.427 108.331 111.235 114.139 117.043 119.947 122.851 125.755 128.659
15.9890 14.8280 14.8160 11.9530 14.8570 17.7610 20.6650 21.3440 20.1830 20.1540 20.1250 19.4450 18.2840 17.0410 14.1370 11.2330 11.2040 14.0670 14.0380 14.0090 15.1700 16.8430 16.8140 17.9760 19.1370 22.0010 23.1620 24.8520 26.0140 27.1760 30.0800 32.9840 35.8880 38.7920 41.6960 44.6000 47.5040 50.4080 53.3120 56.2160 59.1200 62.0240 64.9280 67.8320 70.7360 73.6400 76.5440 79.4480 82.3520 85.2560 88.0430 89.2050 90.3670 91.5280 94.3920 95.5530 98.4570 101.361 104.265 107.169 110.073 112.977 115.881 118.785 121.689 124.593 127.497
18.8930 17.7320 16.0180 14.8570 16.0180 18.9220 21.8260 24.2480 23.0870 23.0580 23.0290 22.3490 21.1060 18.2020 15.2980 14.0960 11.1920 11.1630 11.1340 11.1050 13.9680 13.9390 13.9100 15.0720 17.9350 19.0970 20.7870 21.9480 23.1100 26.0140 28.9180 31.8220 34.7260 37.6300 40.5340 43.4380 46.3420 49.2460 52.1500 55.0540 57.9580 60.8620 63.7660 66.6700 69.5740 72.4780 75.3820 78.2860 81.1900 83.9780 85.1390 86.3010 87.4630 90.3260 91.4880 94.3920 97.2960 100.200 103.104 106.008 108.912 111.816 114.720 117.624 120.528 123.432 126.336
21.7970 20.0840 18.9220 17.7610 18.9220 20.0840 22.9880 25.8920 25.9910 25.9620 25.9330 25.1720 22.2680 19.3640 18.1620 15.2580 14.0960 14.0670 14.0380 13.9680 11.0640 11.0350 11.0060 13.8700 15.0310 16.7210 17.8830 19.0440 21.9480 24.8520 27.7560 30.6600 33.5640 36.4680 39.3720 42.2760 45.1800 48.0840 50.9880 53.8920 56.7960 59.7000 62.6040 65.5080 68.4120 71.3160 74.2200 77.1240 79.9120 81.0740 82.2350 83.3970 86.2600 87.4220 90.3260 93.2300 96.1340 99.0380 101.942 104.846 107.750 110.654 113.558 116.462 119.366 122.270 125.174
24.1500 22.9880 21.8260 20.6650 21.8260 22.9880 24.1500 27.0540 28.8950 28.8660 28.8370 26.3330 23.4290 22.2270 19.3230 18.1620 17.0000 16.9710 16.9420 15.1300 13.9680 13.8990 10.9950 10.9660 13.8290 13.8170 14.9790 17.8830 20.7870 23.6910 26.5950 29.4990 32.4030 35.3070 38.2110 41.1150 44.0190 46.9230 49.8270 52.7310 55.6350 58.5390 61.4430 64.3470 67.2510 70.1550 73.0590 75.8470 77.0080 78.1700 79.3310 82.1950 83.3560 86.2600 89.1640 92.0680 94.9720 97.8760 100.780 103.684 106.588 109.492 112.396 115.300 118.204 121.108 124.012
27.0540 25.8920 24.7300 23.5690 24.7300 25.8920 27.0540 28.2150 31.1190 31.7700 30.3990 27.4950 26.2930 23.3890 22.2270 21.0660 19.9040 19.8750 19.1950 18.0340 16.8720 15.0600 13.8990 13.8290 10.9250 10.9130 13.8170 16.7210 19.6250 22.5290 25.4330 28.3370 31.2410 34.1450 37.0490 39.9530 42.8570 45.7610 48.6650 51.5690 54.4730 57.3770 60.2810 63.1850 66.0890 68.9930 71.7810 72.9430 74.1040 75.2660 78.1290 79.2910 82.1950 85.0990 88.0030 90.9070 93.8110 96.7150 99.6190 102.523 105.427 108.331 111.235 114.139 117.043 119.947 122.851
29.9580 28.7960 27.6340 26.4730 27.6340 28.7960 29.9580 31.1190 32.2810 34.4650 31.5610 30.3580 27.4540 26.2930 25.1310 23.9700 22.8080 22.7790 21.8210 18.9170 17.7550 14.8680 13.7070 13.7180 13.7480 10.8840 13.7880 16.6920 19.5960 22.5000 25.4040 28.3080 31.2120 34.1160 37.0200 39.9240 42.8280 45.7320 48.6360 51.5400 54.4440 57.3480 60.2520 63.1560 66.0600 67.7150 68.8770 70.0390 71.2000 74.0640 75.2250 78.1290 81.0330 83.9370 86.8410 89.7450 92.6490 95.5530 98.4570 101.361 104.265 107.169 110.073 112.977 115.881 118.785 121.689
32.8620 31.7000 30.5380 29.3770 30.5380 31.7000 32.8620 34.0230 35.1850 35.6260 34.4240 31.5200 30.3580 29.1970 28.0350 26.8740 25.7120 23.5630 20.6590 17.7550 14.8510 13.6890 10.8030 10.8140 10.8440 10.8730 13.7770 16.6810 19.5850 22.4890 25.3930 28.2970 31.2010 34.1050 37.0090 39.9130 42.8170 45.7210 48.6250 51.5290 54.4330 57.3370 60.2410 62.4880 63.6500 64.8110 65.9730 67.1350 69.9980 71.1600 74.0640 76.9680 79.8720 82.7760 85.6800 88.5840 91.4880 94.3920 97.2960 100.200 103.104 106.008 108.912 111.816 114.720 117.624 120.528
