AppendixA/HikerMovements/data/dist_coronelle_1000.asc
ncols 271
nrows 294
xllcorner 698225
yllcorner 5141858
cellsize 30.00
nodata_value  225.477
[rows 232 to 260 of 294, columns 0 to 66 of 271]
5.74400 5.71500 5.68600 8.53200 5.62800 8.49100 8.42200 5.51800 5.48900 5.46000 5.43000 5.40100 5.37200 5.34300 8.20700 8.17800 9.33900 11.0120 12.1740 13.3350 13.8170 13.7880 14.9500 16.1110 17.2730 18.9460 19.4280 19.3990 20.5600 21.7220 22.8840 24.0450 25.2070 26.8790 28.0410 29.2030 31.3860 32.5480 33.7100 33.4890 33.4600 33.4310 33.4020 33.3730 33.3440 33.3150 33.2860 31.3110 28.4070 27.2450 26.0840 24.3990 21.4950 18.5910 15.6870 12.7830 9.87900 6.97500 4.07100 6.97500 9.87900 12.1560 15.0600 17.9640 20.8680 23.7720 26.6760
8.64800 8.57800 5.67400 5.64500 5.61600 5.58700 5.55800 8.42200 8.39300 8.34600 5.44200 8.30500 8.27600 8.24700 9.40900 11.0820 12.2430 13.4050 15.0780 16.2390 16.7210 16.6920 17.8540 19.0150 20.1770 21.3390 22.3320 22.3030 23.4640 24.6260 25.7880 26.9490 28.1110 29.2720 30.9450 32.1070 33.2680 35.4520 36.6140 36.3930 36.3640 36.3350 36.3060 36.2770 36.2480 36.2190 35.3770 32.4730 31.3110 30.1490 27.3320 24.4280 21.5240 18.6200 15.7160 12.8120 9.90800 7.00400 4.10000 7.00400 9.90800 12.3010 15.2050 18.1090 21.0130 23.9170 26.8210
5.74400 5.71500 5.68600 8.53200 5.62800 5.59900 8.46200 9.62400 11.2790 8.37500 5.47100 8.37500 11.1800 11.1510 12.3130 13.4750 15.1470 16.3090 17.4700 19.1430 19.6250 19.5960 20.7580 21.9190 23.0810 24.2430 25.2360 25.2070 26.3680 27.5300 28.6920 29.8530 31.0150 32.1760 33.3380 35.0110 36.1720 37.3340 39.5180 39.2970 39.2680 39.2390 39.2100 39.1810 39.1520 39.1230 36.5380 35.3770 33.1690 30.2650 27.3610 24.4570 21.5530 18.6490 15.7450 12.8410 9.93700 7.03300 4.12900 7.03300 8.23600 11.1400 14.0440 16.9480 19.8520 22.7560 25.6600
8.64800 8.61900 8.59000 9.69400 8.53200 8.50300 9.66500 12.5280 11.3080 8.40400 5.50000 8.40400 11.3080 14.0550 15.2170 16.3790 17.5400 19.2130 20.3740 21.5360 22.5290 22.5000 23.6620 24.8230 25.9850 27.1470 28.1400 28.1110 29.2720 30.4340 31.5960 32.7570 33.9190 35.0800 36.2420 37.4040 39.0760 40.2380 41.3990 42.2010 42.1720 42.1430 42.1140 42.0850 42.0560 40.6040 39.4420 37.2350 34.3310 31.4270 28.5230 25.6190 22.7150 19.8110 16.9070 14.0030 11.0990 8.19500 7.03300 4.17000 7.07400 9.97800 12.8820 15.7860 18.6900 21.5940 24.4980
11.5520 11.5230 11.4940 12.5980 11.4360 11.4070 12.5690 12.5390 9.63500 8.43300 5.52900 8.43300 11.3370 14.2410 17.1450 19.2830 20.4440 21.6060 23.2780 24.4400 25.4330 25.4040 26.5660 27.7270 28.8890 30.0510 31.0440 31.0150 32.1760 33.3380 34.5000 35.6610 36.8230 37.9840 39.1460 40.3080 41.4690 43.1420 44.3030 45.1050 45.0760 45.0470 45.0180 44.9890 44.6690 43.5080 41.3010 38.3970 35.4930 32.5890 29.6850 26.7810 23.8770 20.9730 18.0690 15.1650 12.2610 10.0070 7.10300 4.19900 7.10300 10.0070 12.9110 15.8150 18.7190 21.6230 24.5270
14.4560 14.4270 14.3980 15.5020 14.3400 14.3110 13.7710 11.3780 8.47400 5.57000 5.55800 8.46200 11.3660 14.2700 17.1740 20.0780 22.9820 24.5100 25.6710 27.3440 28.3370 28.3080 29.4700 30.6310 31.7930 32.9550 33.9480 33.9190 35.0800 36.2420 37.4040 38.5650 39.7270 40.8880 42.0500 43.2120 44.3730 45.5350 47.2070 48.0090 47.9800 47.9510 47.9220 47.8930 46.0860 43.1820 40.2780 37.3740 34.4700 31.5660 28.6620 25.7580 22.8540 19.9500 17.0460 14.1420 11.2380 8.33400 7.13200 4.22800 7.13200 10.0360 12.9400 15.8440 18.7480 21.6520 24.5560
17.3600 17.3310 17.3020 17.9180 16.7150 13.8110 12.6090 9.70500 8.50300 5.59900 8.46200 9.62400 12.5280 15.4320 18.3360 21.2400 24.1440 27.0480 28.5750 29.7370 31.2410 31.2120 32.3740 33.5350 34.6970 35.8590 36.8520 36.8230 37.9840 39.1460 40.3080 41.4690 42.6310 43.7920 44.9540 46.1160 47.2770 48.4390 49.6000 50.9130 50.8840 50.8550 50.7330 47.8290 44.9250 42.0210 39.1170 36.2130 33.3090 30.4050 27.5010 24.5970 21.6930 18.7890 15.8850 12.9810 10.0770 7.17300 4.26900 4.25700 7.16100 10.0650 12.9690 15.8730 18.7770 21.6810 24.5850
20.2640 20.2350 19.6600 16.7560 13.8520 12.6500 9.74600 8.54400 5.64000 8.50300 9.66500 12.5280 13.6890 16.5930 19.4970 22.4010 25.3050 28.2090 31.1130 32.6410 33.8030 34.1160 35.2780 36.4390 37.6010 38.7630 39.7560 39.7270 40.8880 42.0500 43.2120 44.3730 45.5350 46.6960 47.8580 49.0200 50.1810 51.3430 52.5040 53.6660 53.7880 53.6660 50.7620 47.8580 44.9540 42.0500 39.1460 36.2420 33.3380 30.4340 27.5300 24.6260 21.7220 18.8180 15.9140 13.0100 10.1060 7.20200 4.29800 7.16100 8.32300 11.2270 14.1310 17.0350 19.9390 22.8430 24.8060
23.1680 21.4020 18.4980 15.5940 12.6900 9.78600 8.58400 5.68000 5.66900 8.57300 11.4770 13.7300 16.5930 17.7550 20.6590 23.5630 26.4670 29.3710 32.2750 35.1790 36.7070 37.0200 38.1820 39.3430 40.5050 41.6670 42.6600 42.6310 43.7920 44.9540 46.1160 47.2770 48.4390 49.6000 50.7620 51.9240 53.0850 54.2470 55.4080 56.5700 56.5990 53.6950 50.7910 47.8870 44.9830 42.0790 39.1750 36.2710 33.3670 30.4630 27.5590 24.6550 21.7510 18.8470 15.9430 13.0390 10.1350 7.23100 4.32700 7.23100 10.1350 12.3880 15.2920 16.6340 19.5380 20.7400 23.6440
23.1450 20.2410 17.3370 14.4330 11.5290 8.62500 5.72100 5.70900 8.57300 9.73400 12.6380 15.5420 17.7960 20.6590 21.8210 24.7250 27.6290 30.5330 33.4370 36.3410 39.2450 39.9240 41.0860 42.2470 43.4090 44.5710 45.5640 45.5350 46.6960 47.8580 49.0200 50.1810 51.3430 52.5040 53.6660 54.8280 55.9890 57.1510 58.3120 59.4740 56.6280 53.7240 50.8200 47.9160 45.0120 42.1080 39.2040 36.3000 33.3960 30.4920 27.5880 24.6840 21.7800 18.8760 15.9720 13.0680 10.1640 7.26000 4.35600 7.26000 8.46200 11.3660 12.5690 15.4730 16.6750 19.5790 20.7810
22.1520 19.7590 16.8550 13.9510 11.5580 8.65400 5.75000 8.61300 9.77500 12.6380 13.8000 16.7040 19.6080 21.8610 24.7250 25.8860 28.7900 31.6940 34.5980 37.5020 40.4060 42.8280 43.9900 45.1510 46.3130 47.4750 48.4680 48.4390 49.6000 50.7620 51.9240 53.0850 54.2470 55.4080 56.5700 57.7320 58.8930 60.0550 61.2160 59.5610 56.6570 53.7530 50.8490 47.9450 45.0410 42.1370 39.2330 36.3290 33.4250 30.5210 27.6170 24.7130 21.8090 18.9050 16.0010 13.0970 10.1930 7.28900 4.38500 4.39700 7.30100 8.50300 11.4070 12.6090 15.5130 16.7150 19.6190
19.8980 18.0860 15.6930 12.7890 9.88500 8.68300 5.77900 8.68300 11.5870 13.8400 16.7040 17.8650 20.7690 23.6730 25.9270 28.7900 29.9520 32.8560 35.7600 38.6640 41.5680 44.4720 46.8940 48.0550 49.2170 50.3790 51.3720 51.3430 52.5040 53.6660 54.8280 55.9890 57.1510 58.3120 59.4740 60.6360 61.7970 62.9590 63.6270 60.7230 57.8190 54.9150 52.0110 49.1070 46.2030 43.2990 40.3950 37.4910 34.5870 31.6830 28.7790 25.8750 22.9710 20.0670 17.1630 14.2590 11.3550 8.45100 7.28900 4.42600 4.43700 7.34100 8.54400 11.4480 12.6500 15.5540 16.7560
16.9940 15.8330 14.0210 11.6280 8.72400 5.82000 8.68300 9.84500 12.7490 15.6530 17.9060 20.7690 21.9310 24.8350 27.7390 29.9930 32.8560 34.0170 36.9210 39.8250 42.7290 45.6330 48.5370 50.9590 52.1210 53.2830 54.2760 54.2470 55.4080 56.5700 57.7320 58.8930 60.0550 61.2160 62.3780 63.5400 64.7010 65.8630 64.7880 61.8840 58.9800 56.0760 53.1720 50.2680 47.3640 44.4600 41.5560 38.6520 35.7480 32.8440 29.9400 27.0360 24.1320 21.2280 18.3240 15.4200 12.5160 11.3550 8.49100 7.33000 7.34100 4.47800 7.38200 8.58400 11.4880 12.6900 15.5940
14.0900 12.9290 11.7670 9.95500 8.75300 5.84900 8.75300 11.6570 13.9100 16.8140 19.7180 21.9720 24.8350 25.9970 28.9010 31.8050 34.0580 36.9210 38.0830 40.9870 43.8910 46.7950 49.6990 52.6030 55.0250 56.1870 57.1800 57.1510 58.3120 59.4740 60.6360 61.7970 62.9590 64.1200 65.2820 66.4440 67.6050 68.7670 65.9500 63.0460 60.1420 57.2380 54.3340 51.4300 48.5260 45.6220 42.7180 39.8140 36.9100 34.0060 31.1020 28.1980 25.2940 22.3900 19.4860 16.5820 15.4200 12.5570 11.3950 10.2340 8.54400 7.38200 4.51900 7.42300 8.62500 11.5290 12.7310
11.8370 10.0250 8.86300 8.79300 5.88900 8.75300 9.91400 12.8180 15.7220 17.9760 20.8800 23.7840 26.0370 28.9010 30.0620 32.9660 35.8700 38.1240 40.9870 42.1490 45.0530 47.9570 50.8610 53.7650 56.6690 59.0910 60.0840 60.0550 61.2160 62.3780 63.5400 64.7010 65.8630 67.0240 68.1860 69.3480 70.5090 70.0150 67.1110 64.2070 61.3030 58.3990 55.4950 52.5910 49.6870 46.7830 43.8790 40.9750 38.0710 35.1670 32.2630 29.3590 26.4550 23.5510 20.6470 19.4860 16.6220 15.4610 14.2990 12.6090 10.3560 7.45200 4.54800 4.55900 7.46300 8.66600 11.5580
8.93300 8.86300 5.95900 5.93000 5.91800 8.82200 11.7260 13.9800 16.8840 19.7880 22.0410 24.9450 27.8490 30.1030 32.9660 34.1280 37.0320 39.9360 42.1890 45.0530 46.2140 49.1180 52.0220 54.9260 57.8300 60.7340 62.9880 62.9590 64.1200 64.3410 64.3290 65.4910 66.6530 67.8140 68.9760 70.1370 71.2990 71.1770 68.2730 65.3690 62.4650 59.5610 56.6570 53.7530 50.8490 47.9450 45.0410 42.1370 39.2330 36.3290 33.4250 30.5210 27.6170 24.7130 23.5510 20.6880 19.5260 18.3650 16.6750 14.4210 11.5170 8.61300 7.45200 7.46300 4.60000 7.49200 8.65400
6.02900 6.00000 5.97100 8.83400 8.82200 9.98400 12.8880 15.7920 18.0450 20.9490 23.8530 26.1070 29.0110 31.9150 34.1680 37.0320 38.1930 41.0970 44.0010 46.2550 49.1180 50.2800 53.1840 56.0880 58.9920 61.0420 61.5240 61.4950 61.4660 61.4370 61.4250 62.5870 63.7490 64.9100 66.0720 67.2330 68.3950 69.2310 68.0700 66.4550 63.5510 60.6470 57.7430 54.8390 51.9350 49.0310 46.1270 43.2230 40.3190 37.4150 34.5870 31.6830 28.7790 27.6170 24.7540 23.5920 22.4300 20.7400 18.4870 15.5830 12.6790 11.5170 10.3560 8.66600 7.49200 4.58800 7.45200
8.93300 8.90400 8.87500 10.0360 11.7260 12.8880 14.0500 16.9540 19.8580 22.1110 25.0150 27.9190 30.1730 33.0770 35.9810 38.2340 41.0970 42.2590 45.1630 48.0670 50.3210 53.1840 54.3450 55.8150 56.9760 58.1380 58.6200 58.5910 58.5620 58.5330 58.5210 59.6830 60.8450 62.0060 63.1680 64.3290 65.4910 66.3270 65.1660 64.0040 62.3900 59.4860 56.5820 53.6780 50.7740 47.8700 44.9660 42.0620 39.1580 36.2540 33.3500 32.1470 29.2430 28.0820 26.9200 25.7580 24.5970 22.5520 19.6480 16.7440 15.5830 14.4210 12.7310 11.5580 8.65400 7.45200 4.54800
11.8370 11.8080 11.7790 12.9400 14.1020 15.7920 16.9540 18.1150 21.0190 23.9230 26.1770 29.0810 31.9850 34.2380 37.1420 40.0460 42.3000 45.1630 46.3250 49.2290 50.1060 51.2670 52.4290 52.9110 54.0720 55.2340 55.7160 55.6870 55.6580 55.6290 55.6170 56.7790 57.9410 59.1020 60.2640 61.4250 62.5870 63.4230 62.2620 61.1000 61.0710 58.3240 55.4200 52.5160 49.6120 46.7080 43.8040 40.9000 37.9960 35.0920 32.1880 29.2840 28.0820 25.1780 24.0160 22.8540 21.6930 20.5310 19.3700 19.3410 18.4870 16.7970 15.6240 12.7200 11.5170 8.61300 7.43400
14.7410 14.7120 14.6830 15.8440 17.0060 18.1670 19.8580 21.0190 22.1810 25.0850 27.9890 30.2420 33.1460 36.0500 38.3040 39.5180 42.3810 43.5430 46.4060 47.2310 47.2020 48.3630 49.5250 50.0070 51.1680 52.3300 52.8120 52.7830 52.7540 52.7250 52.7130 53.8750 55.0370 56.1980 57.3600 58.5210 59.6830 60.5190 59.3580 58.1960 58.1670 57.1620 54.2580 51.3540 48.4500 45.5460 42.6420 39.7380 36.8340 33.9300 31.0260 28.1220 25.2180 24.0160 21.1120 19.9500 18.7890 17.6270 16.4660 16.4370 15.7570 14.5960 12.7830 11.6220 10.4600 8.64800 7.44600
13.0620 14.2240 15.3850 17.0760 18.2370 19.3990 22.2330 23.9230 25.0850 26.2460 29.1500 31.9670 33.1290 34.2900 35.4520 38.3150 39.4770 42.3400 43.5020 44.3270 44.2980 45.4590 46.6210 47.1030 48.2640 49.4260 49.9080 49.8790 49.8500 49.8210 49.8090 50.9710 52.1330 53.2940 54.4560 55.6170 56.7790 57.6150 56.4540 55.2920 55.2630 55.2340 53.0970 50.1930 47.2890 44.3850 41.4810 38.5770 35.6730 32.7690 29.8650 26.9610 24.0570 21.1530 19.9500 17.0460 15.8850 14.7230 13.5620 13.5330 12.8530 11.6920 10.5300 8.71800 7.55600 7.48700 4.58300
10.1580 11.3200 13.0100 14.1720 15.3330 18.2370 21.0600 22.2210 23.3830 26.2870 27.9020 29.0630 30.2250 31.3860 34.2500 35.4110 38.2750 39.4360 40.9410 41.4230 41.3940 42.5550 43.7170 44.1990 45.3600 46.5220 47.0040 46.9750 46.9460 46.9170 46.9050 48.0670 49.2290 50.3900 51.5520 52.7130 53.8750 54.7110 53.5500 52.3880 52.3590 52.3300 51.6510 49.0310 46.1270 43.2230 40.3190 37.4150 34.5110 31.6070 28.7030 25.7990 22.8950 19.9910 17.0870 15.8850 12.9810 11.8190 10.6580 10.6290 10.6000 8.78800 7.62600 7.55600 4.65200 4.62300 7.48700
7.25400 10.1180 10.1060 11.2680 14.1720 16.9940 18.1560 19.3170 22.2210 23.8360 24.9980 26.1590 27.3210 30.1840 31.3460 34.2090 35.3710 36.8750 38.0370 38.5190 38.4900 39.6510 40.8130 41.2950 42.4560 43.6180 44.1000 44.0710 44.0420 44.0130 44.0010 45.1630 46.3250 47.4860 48.6480 49.8090 50.9710 51.8070 50.6460 49.4840 49.4550 49.4260 48.7470 47.5850 44.9660 42.0620 39.1580 36.2540 33.3500 30.4460 27.5420 24.6380 21.7340 18.8300 15.9260 13.0220 11.8190 8.91500 7.75400 7.72500 7.69600 7.62600 4.72200 4.69300 4.66400 7.52700 8.68900
7.24300 7.21400 7.20200 10.1060 12.9290 14.0900 15.2520 18.1560 19.7700 20.9320 22.0940 23.2550 26.1190 27.2800 30.1440 31.3050 32.8090 33.9710 35.1330 35.6150 35.5860 36.7470 37.9090 38.3910 39.5520 40.7140 41.1960 41.1670 41.1380 41.1090 41.0970 42.2590 43.4210 44.5820 45.7440 46.9050 48.0670 48.9030 47.7420 46.5800 46.5510 46.5220 45.8430 44.6810 43.5190 40.9000 37.9960 35.0920 32.1880 29.2840 26.3800 23.4760 20.5720 17.6680 14.7640 11.8600 8.95600 7.75400 4.85000 4.82100 4.79200 4.76300 4.73400 7.59700 7.56800 8.72900 11.5930
10.1060 7.20200 7.17300 10.0360 10.0250 11.1860 14.0900 15.7050 16.8660 18.0280 19.1900 22.0530 23.2150 26.0780 27.2400 29.4230 29.9050 31.0670 32.2290 32.7110 32.6820 33.8430 35.0050 35.4870 36.6480 37.8100 38.2920 38.2630 38.2340 38.2050 38.1930 39.3550 40.5170 41.6780 42.8400 44.0010 45.1630 45.9990 44.8380 43.6760 43.6470 43.6180 42.9390 41.7770 40.6150 39.7380 36.8340 33.9300 31.0260 28.1220 25.2180 22.3140 19.4100 16.5060 13.6020 10.6980 7.79400 4.89000 4.86100 7.72500 7.69600 7.66700 7.63800 8.79900 10.4720 11.6330 12.7950
10.1120 10.1060 10.0360 7.13200 7.12100 10.0250 12.8300 12.8010 13.9620 15.1240 17.9870 19.1490 22.0120 23.1740 25.3580 26.5190 27.0010 28.1630 29.3250 29.8070 29.7780 30.9390 32.1010 32.5830 33.7440 34.9060 35.3880 35.3590 35.3300 35.3010 35.2890 36.4510 37.6130 38.7740 39.9360 41.0970 42.2590 43.0950 41.9340 40.7720 40.7430 40.7140 40.0350 38.8730 37.7110 37.6820 36.3350 33.4310 30.5270 27.6230 24.7190 21.8150 18.9110 16.0070 13.1030 10.7100 7.80600 4.90200 4.89000 7.79400 10.6000 10.5710 10.5420 11.7030 12.8650 14.5370 15.6990
7.20800 10.0710 10.0420 9.99600 7.09200 9.95500 9.92600 9.89700 11.0580 13.9220 15.0830 17.9470 19.1080 21.2920 22.4540 23.6150 24.0970 25.2590 26.4210 26.9030 26.8740 28.0350 29.1970 29.6790 30.8400 32.0020 32.4840 32.4550 32.4260 32.3970 32.3850 33.5470 34.7090 35.8700 37.0320 38.1930 39.3550 40.1910 39.0300 37.8680 37.8390 37.8100 37.1310 35.9690 34.8070 34.7780 34.7490 32.2690 29.3650 26.4610 23.5570 20.6530 17.7490 14.8450 11.9410 9.03700 7.83500 4.93100 7.79400 8.95600 11.8600 13.4750 13.4460 14.6070 15.7690 16.9300 18.6030
7.19600 7.16700 7.13800 7.10900 7.08000 7.05100 7.02200 6.99300 9.85600 11.0180 13.8810 15.0430 17.9060 18.3880 19.5500 20.7110 21.1930 22.3550 23.5170 23.9990 23.9700 25.1310 26.2930 26.7750 27.9360 29.0980 29.5800 29.5510 29.5220 29.4930 29.4810 30.6430 31.8050 32.9660 34.1280 35.2890 36.4510 37.2870 36.1260 34.9640 34.9350 34.9060 34.2270 33.0650 31.9030 31.8740 31.8450 31.1080 28.2040 25.3000 22.3960 19.4920 16.5880 13.6840 10.7800 7.87600 4.97200 4.96000 7.86400 10.7680 13.0220 15.9260 16.3500 17.5110 18.6730 19.8340 20.9960
10.1000 10.0540 7.15000 10.0130 9.98400 9.95500 9.88500 6.98100 6.95200 9.81600 10.9770 13.8400 15.0020 15.4840 16.6460 17.8070 18.2890 19.4510 20.6130 21.0950 21.0660 22.2270 23.3890 23.8710 25.0320 26.1940 26.6760 26.6470 26.6180 26.5890 26.5770 27.7390 28.9010 30.0620 31.2240 32.3850 33.5470 34.3830 33.2220 32.0600 32.0310 32.0020 31.3230 30.1610 28.9990 28.9700 28.9410 28.9120 28.2330 25.3290 22.4250 19.5210 16.6170 13.7130 10.8090 7.90500 5.00100 7.86400 9.02600 11.9300 14.8340 17.0870 19.2540 20.4150 21.5770 22.7380 23.9000
