AppendixA/HikerMovements/data/dist_ega_1000.asc
ncols 271
nrows 294
xllcorner 698225
yllcorner 5141858
cellsize 30.00
nodata_value  557.514
[rows 116 to 144 of 294, columns 134 to 200 of 271]
220.489 217.585 214.681 211.777 208.873 205.969 203.065 200.161 197.257 194.353 191.449 188.545 185.641 182.737 179.833 178.672 177.510 175.698 174.536 173.375 173.346 173.317 174.478 175.640 177.312 178.474 179.636 182.499 183.661 185.333 186.495 187.656 189.347 190.508 191.670 194.574 197.379 198.541 199.702 201.392 202.554 203.716 204.523 204.494 204.465 204.436 204.407 204.378 204.349 203.768 202.606 201.445 202.606 203.768 204.929 206.091 207.253 208.414 209.576 210.737 211.899 213.061 214.222 215.384 218.288 221.111 221.082
219.328 216.424 213.520 210.616 207.712 204.808 201.904 199.000 196.096 193.192 190.288 187.384 184.480 181.576 178.672 175.768 174.606 173.444 171.632 170.471 170.442 170.413 171.574 173.247 174.408 175.570 178.433 179.595 181.268 182.429 183.591 185.281 186.443 187.604 190.508 193.313 194.475 195.637 197.327 198.488 199.650 201.648 201.619 201.590 201.561 201.532 201.503 201.474 201.445 200.864 199.702 198.541 199.702 200.864 202.025 203.187 204.349 205.510 206.672 207.833 208.995 210.157 211.318 214.222 217.126 218.207 218.178
218.166 215.262 212.358 209.454 206.550 203.646 200.742 197.838 194.934 192.030 189.126 186.222 183.318 180.414 177.510 174.606 171.702 170.540 170.471 167.567 167.538 167.509 170.372 170.343 171.504 174.368 175.529 177.202 178.364 179.525 181.215 182.377 183.539 186.443 189.248 190.409 191.571 193.261 194.423 195.584 198.448 198.744 198.715 198.686 198.657 198.628 198.599 198.570 198.541 197.960 196.798 195.637 196.798 197.960 199.121 200.283 201.445 202.606 203.768 204.929 206.091 207.253 210.157 213.061 215.332 215.303 215.274
217.004 214.100 211.196 208.292 205.388 202.484 199.580 196.676 193.772 190.868 187.964 185.060 182.156 179.252 176.348 173.444 170.540 167.636 167.607 170.471 170.442 170.372 167.468 167.439 170.302 171.464 173.136 174.298 175.460 177.150 178.311 179.473 182.377 185.182 186.344 187.505 189.196 190.357 191.519 194.382 195.544 195.840 195.811 195.782 195.753 195.724 195.695 195.666 195.637 195.056 193.894 192.733 193.894 195.056 196.217 197.379 198.541 199.702 200.864 202.025 203.187 206.091 208.995 211.899 212.428 212.399 212.370
218.166 215.262 212.358 209.454 206.550 203.646 200.742 197.838 194.934 192.030 189.126 186.222 183.318 180.414 177.510 174.606 171.702 170.540 170.511 171.673 173.346 171.533 170.372 170.302 167.398 170.262 170.232 171.394 173.084 174.246 175.407 178.311 181.117 182.278 183.440 185.130 186.292 187.453 190.317 191.478 192.965 192.936 192.907 192.878 192.849 192.820 192.791 192.762 192.733 192.152 190.990 189.829 190.990 192.152 193.313 194.475 195.637 196.798 197.960 199.121 202.025 204.929 207.833 209.553 209.524 209.495 209.466
219.328 216.424 213.520 210.616 207.712 204.808 201.904 199.000 196.096 193.192 190.288 187.384 184.480 181.576 178.672 175.768 174.606 173.444 173.415 174.577 175.599 174.437 173.276 171.464 170.262 167.358 167.328 170.192 170.180 171.342 174.246 177.051 178.213 179.374 181.064 182.226 183.388 186.251 187.413 190.090 190.061 190.032 190.003 189.974 189.945 189.916 189.887 189.858 189.829 189.248 188.086 186.925 188.086 189.248 190.409 191.571 192.733 193.894 195.056 197.960 200.864 203.768 206.672 206.649 206.620 206.591 206.562
220.489 217.585 214.681 211.777 208.873 205.969 203.065 200.161 197.257 194.353 191.449 188.545 185.641 182.737 179.833 178.672 177.510 176.348 176.319 177.481 178.503 177.341 175.529 174.327 171.423 170.221 167.317 167.288 167.276 170.180 172.985 174.147 175.309 176.999 178.160 179.322 182.185 183.347 186.251 187.186 187.157 187.128 187.099 187.070 187.041 187.012 186.983 186.954 186.925 186.344 185.182 184.021 185.182 186.344 187.505 188.667 189.829 190.990 193.894 196.798 199.702 202.606 203.774 203.745 203.716 203.687 203.658
221.651 218.747 215.843 212.939 210.035 207.131 204.227 201.323 198.419 195.515 192.611 189.707 186.803 183.899 182.737 181.576 180.414 179.252 179.223 180.385 181.407 179.595 178.393 175.489 174.286 171.382 170.221 170.151 167.247 170.111 170.081 171.243 172.933 174.095 175.256 178.120 179.281 182.185 184.311 184.282 184.253 184.224 184.195 184.166 184.137 184.108 184.079 184.050 184.021 183.440 182.278 181.117 182.278 183.440 184.601 185.763 186.925 189.829 192.733 195.637 198.541 200.899 200.870 200.841 200.812 200.783 200.754
222.812 219.908 217.004 214.100 211.196 208.292 205.388 202.484 199.580 196.676 193.772 190.868 187.964 186.803 185.641 184.480 183.318 182.156 182.127 183.289 183.661 182.458 179.554 178.352 175.448 174.286 173.044 170.140 167.236 167.207 167.177 170.041 170.029 171.191 174.054 175.216 178.120 180.925 181.407 181.378 181.349 181.320 181.291 181.262 181.233 181.204 181.175 181.146 181.117 180.536 179.374 178.213 179.374 180.536 181.697 182.859 185.763 188.667 191.571 194.475 197.379 197.995 197.966 197.937 197.908 197.879 197.850
223.974 221.070 218.166 215.262 212.358 209.454 206.550 203.646 200.742 197.838 194.934 192.030 190.868 189.707 188.545 187.384 186.222 185.060 185.031 186.193 186.524 183.620 182.418 179.514 178.352 177.109 174.205 171.301 170.140 170.111 170.041 167.137 167.125 169.989 171.150 174.054 176.859 178.021 178.503 178.474 178.445 178.416 178.387 178.358 178.329 178.300 178.271 178.242 178.213 177.632 176.470 175.309 176.470 177.632 178.793 181.697 184.601 187.505 190.409 193.313 195.120 195.091 195.062 195.033 195.004 194.975 194.946
225.136 222.232 219.328 216.424 213.520 210.616 207.712 204.808 201.904 199.000 196.096 194.934 193.772 192.611 191.449 190.288 189.126 187.964 187.935 189.097 187.686 186.483 183.579 182.418 181.175 178.271 175.367 174.205 173.044 173.015 171.202 170.000 167.096 167.085 169.989 172.794 173.955 175.117 175.599 175.570 175.541 175.512 175.483 175.454 175.425 175.396 175.367 175.338 175.309 174.728 173.566 172.405 173.566 174.728 177.632 180.536 183.440 186.344 189.248 192.152 192.216 192.187 192.158 192.129 192.100 192.071 192.042
226.297 223.393 220.489 217.585 214.681 211.777 208.873 205.969 203.065 200.161 199.000 197.838 196.676 195.515 194.353 193.192 192.030 190.868 190.839 191.751 190.549 187.645 186.483 185.240 182.336 179.432 178.271 177.109 175.948 175.268 174.066 171.162 169.960 167.056 169.919 169.890 171.051 172.724 172.695 172.666 172.637 172.608 172.579 172.550 172.521 172.492 172.463 172.434 172.405 172.376 170.662 169.501 170.662 173.566 176.470 179.374 182.278 185.182 188.086 190.473 189.312 189.283 189.254 189.225 189.196 189.167 189.138
227.459 224.555 221.651 218.747 215.843 212.939 210.035 207.131 204.227 203.065 201.904 200.742 199.580 198.419 197.257 196.096 194.934 193.772 193.743 194.614 191.710 190.549 189.306 186.402 183.498 182.336 181.175 180.013 178.852 178.131 175.227 174.025 171.121 169.919 167.015 166.986 169.849 169.820 169.791 169.762 169.733 169.704 169.675 169.646 169.617 169.588 169.559 169.530 169.501 169.472 169.460 166.597 169.501 172.405 175.309 178.213 181.117 184.021 186.925 187.569 186.408 186.379 186.350 186.321 186.292 186.263 186.234
228.620 225.716 222.812 219.908 217.004 214.100 211.196 208.292 207.131 205.969 204.808 203.646 202.484 201.323 200.161 199.000 197.838 196.676 196.647 195.776 194.614 193.372 190.468 187.564 186.402 185.240 184.079 182.917 181.756 179.293 178.091 175.187 173.984 171.080 169.878 166.974 166.945 166.916 166.887 166.858 166.829 166.800 166.771 166.742 166.713 166.684 166.655 166.626 166.597 166.568 166.556 166.568 169.472 172.376 175.280 178.184 181.088 183.614 184.776 184.665 183.504 183.475 183.446 183.417 183.388 183.359 183.330
229.782 226.878 223.974 221.070 218.166 215.262 212.358 211.196 210.035 208.873 207.712 206.550 205.388 204.227 203.065 201.904 200.742 199.580 199.551 198.680 197.437 194.533 191.629 190.468 189.306 188.144 186.983 185.821 183.359 182.156 179.252 178.050 175.146 173.944 171.040 169.878 169.849 169.820 169.791 169.762 169.733 169.704 169.675 169.646 169.617 169.588 169.559 169.530 169.501 169.431 166.527 169.431 170.633 173.537 176.441 178.555 180.228 180.710 181.872 181.761 180.600 180.571 180.542 180.513 180.484 180.455 180.426
230.944 228.040 225.136 222.232 219.328 216.424 215.262 214.100 212.939 211.777 210.616 209.454 208.292 207.131 205.969 204.808 203.646 202.484 202.455 201.503 198.599 195.695 194.533 193.372 192.210 191.048 189.887 187.424 186.222 183.318 182.116 179.212 178.009 175.105 173.944 172.782 172.753 172.724 172.695 172.666 172.637 172.608 172.579 172.550 172.521 172.492 172.463 172.434 170.523 169.361 166.498 169.402 172.167 173.328 174.490 176.162 177.324 177.806 178.968 178.857 177.696 177.667 177.638 177.609 177.580 177.551 177.522
232.105 229.201 226.297 223.393 220.489 219.328 218.166 217.004 215.843 214.681 213.520 212.358 211.196 210.035 208.873 207.712 206.550 205.388 205.359 202.664 199.760 198.599 197.437 196.276 195.114 193.952 191.490 190.288 187.384 186.181 183.277 182.075 179.171 178.009 176.848 175.686 175.657 175.628 175.599 175.570 175.541 175.512 175.483 175.454 175.425 175.396 175.169 172.265 169.361 166.457 169.321 169.292 169.263 170.424 172.097 173.258 174.420 174.902 176.064 175.953 174.792 174.763 174.734 174.705 174.676 174.647 174.618
233.267 230.363 227.459 224.555 223.393 222.232 221.070 219.908 218.747 217.585 216.424 215.262 214.100 212.939 211.777 210.616 209.454 208.292 206.730 203.826 202.664 201.503 200.341 199.180 198.018 195.555 194.353 191.449 190.247 187.343 186.141 183.237 182.075 180.913 179.752 178.590 178.561 178.532 178.503 178.474 178.445 178.416 178.387 178.358 178.329 178.062 175.158 172.254 169.350 166.446 166.417 166.388 166.359 169.222 169.193 170.354 172.027 171.998 173.160 173.049 171.888 171.859 171.830 171.801 171.772 171.743 171.714
234.428 231.524 228.620 227.459 226.297 225.136 223.974 222.812 221.651 220.489 219.328 218.166 217.004 215.843 214.681 213.520 212.358 210.796 207.892 206.730 205.568 204.407 203.245 202.084 199.621 198.419 195.515 194.312 191.408 190.206 187.302 186.141 184.979 183.817 182.656 181.494 181.465 181.436 181.407 181.378 181.349 181.320 181.291 181.262 181.233 179.223 176.319 173.415 170.511 169.350 169.321 169.292 169.222 166.318 166.289 169.152 169.123 169.094 170.256 170.145 168.984 168.955 168.926 168.897 168.868 168.839 168.810
235.590 232.686 231.524 230.363 229.201 228.040 226.878 225.716 224.555 223.393 222.232 221.070 219.908 218.747 217.585 216.424 214.861 211.957 210.796 209.634 208.472 207.311 206.149 203.687 202.484 199.580 198.378 195.474 194.272 191.368 190.206 189.045 187.883 186.721 185.560 184.398 184.369 184.340 184.311 184.282 184.253 184.224 184.195 184.166 183.289 180.385 177.481 174.577 173.415 172.254 172.225 172.196 170.383 169.222 169.152 166.248 166.219 166.190 169.053 168.984 166.080 166.051 166.022 165.993 165.964 165.935 165.906
236.752 235.590 234.428 233.267 232.105 230.944 229.782 228.620 227.459 226.297 225.136 223.974 222.812 221.651 220.489 218.927 216.023 214.861 213.700 212.538 211.376 210.215 207.752 206.550 203.646 202.444 199.540 198.337 195.433 194.272 193.110 191.949 190.787 189.625 188.464 187.302 187.273 187.244 187.215 187.186 187.157 187.128 187.099 187.070 184.450 181.546 178.642 177.481 176.319 175.158 175.129 174.449 173.287 172.126 170.314 169.152 169.082 166.178 166.149 166.120 168.984 168.955 168.926 168.897 168.868 168.839 168.810
239.656 238.494 237.332 236.171 235.009 233.848 232.686 231.524 230.363 229.201 228.040 226.878 225.716 224.555 222.992 220.088 218.927 217.765 216.604 215.442 214.280 211.818 210.616 207.712 206.509 203.605 202.403 199.499 198.337 197.176 196.014 194.853 193.691 192.529 191.368 190.206 190.177 190.148 190.119 190.090 190.061 190.032 190.003 188.516 185.612 182.708 181.546 180.385 179.223 178.062 178.033 177.353 176.191 174.379 173.218 172.056 170.244 169.082 169.053 169.024 170.186 171.859 171.830 171.801 171.772 171.743 171.714
242.560 241.398 240.236 239.075 237.913 236.752 235.590 234.428 233.267 232.105 230.944 229.782 228.620 227.058 224.154 222.992 221.831 220.669 219.508 218.346 215.883 214.681 211.777 210.575 207.671 206.469 203.565 202.403 201.241 200.080 198.918 197.757 196.595 195.433 194.272 193.110 193.081 193.052 193.023 192.994 192.965 192.936 192.582 189.678 186.774 185.612 184.450 183.289 182.127 180.966 180.937 180.257 178.445 177.283 176.122 174.310 173.148 171.986 171.957 171.928 173.090 174.252 174.734 174.705 174.676 174.647 174.618
245.464 244.302 243.140 241.979 240.817 239.656 238.494 237.332 236.171 235.009 233.848 232.686 231.124 228.220 227.058 225.896 224.735 223.573 222.412 219.949 218.747 215.843 214.640 211.736 210.534 207.630 206.469 205.307 204.145 202.984 201.822 200.661 199.499 198.337 197.176 196.014 195.985 195.956 195.927 195.898 195.869 195.840 193.743 190.839 189.678 188.516 187.354 186.193 185.031 183.870 183.841 182.511 181.349 180.187 178.375 177.214 176.052 174.890 174.861 174.832 175.994 177.156 177.638 177.609 177.580 177.551 177.522
248.368 247.206 246.044 244.883 243.721 242.560 241.398 240.236 239.075 237.913 236.752 235.189 232.285 231.124 229.962 228.800 227.639 226.477 224.015 222.812 219.908 218.706 215.802 214.600 211.696 210.534 209.373 208.211 207.049 205.888 204.726 203.565 202.403 201.241 200.080 198.918 198.889 198.860 198.831 198.802 198.773 197.809 194.905 193.743 192.582 191.420 190.258 189.097 187.935 186.774 186.576 185.415 184.253 182.441 181.279 180.118 178.956 177.794 177.765 177.736 178.898 180.060 180.542 180.513 180.484 180.455 180.426
251.272 250.110 248.948 247.787 246.625 245.464 244.302 243.140 241.979 240.817 239.255 236.351 235.189 234.028 232.866 231.704 230.543 228.080 226.878 223.974 222.772 219.868 218.665 215.761 214.600 213.438 212.277 211.115 209.953 208.792 207.630 206.469 205.307 204.145 202.984 201.822 201.793 201.764 201.735 201.706 201.677 198.970 197.809 196.647 195.486 194.324 193.162 192.001 190.839 189.678 189.480 188.319 186.506 185.345 184.183 183.022 181.860 180.698 180.669 180.640 181.802 182.964 183.446 183.417 183.388 183.359 183.330
254.176 253.014 251.852 250.691 249.529 248.368 247.206 246.044 244.883 243.320 240.416 239.255 238.093 236.932 235.770 234.608 232.146 230.944 228.040 226.837 223.933 222.731 219.827 218.665 217.504 216.342 215.181 214.019 212.857 211.696 210.534 209.373 208.211 207.049 205.888 204.726 204.697 204.668 204.639 204.610 203.036 201.874 200.713 199.551 198.390 197.228 196.066 194.905 193.743 192.582 192.384 190.572 189.410 188.249 187.087 185.926 184.764 183.602 183.573 183.544 184.706 185.868 186.350 186.321 186.292 186.263 186.234
257.080 255.918 254.756 253.595 252.433 251.272 250.110 248.948 247.386 244.482 243.320 242.159 240.997 239.836 238.674 236.211 235.009 232.105 230.903 227.999 226.797 223.893 222.731 221.569 220.408 219.246 218.085 216.923 215.761 214.600 213.438 212.277 211.115 209.953 208.792 207.630 207.601 207.572 207.543 207.102 205.940 204.778 203.617 202.455 201.294 200.132 198.970 197.809 196.647 195.486 194.638 193.476 192.314 191.153 189.991 188.830 187.668 186.506 186.477 186.448 187.610 188.772 189.254 189.225 189.196 189.167 189.138
259.984 258.822 257.660 256.499 255.337 254.176 253.014 251.452 248.548 247.386 246.224 245.063 243.901 242.740 240.277 239.075 236.171 234.968 232.064 230.862 227.958 226.797 225.635 224.473 223.312 222.150 220.989 219.827 218.665 217.504 216.342 215.181 214.019 212.857 211.696 210.534 210.505 210.476 210.447 210.006 208.844 207.682 206.521 205.359 204.198 203.036 201.874 200.713 199.551 198.390 197.542 196.380 195.218 194.057 192.895 191.734 190.572 189.410 189.381 189.352 190.514 191.676 192.158 192.129 192.100 192.071 192.042
