AppendixA/HikerMovements/data/dist_fassa_1000.asc
ncols 271
nrows 294
xllcorner 698225
yllcorner 5141858
cellsize 30.00
nodata_value  546.543
[rows 261 to 289 of 294, columns 67 to 133 of 271]
35.7310 36.8920 38.0540 39.2160 40.3770 41.5390 42.7000 43.8620 45.0240 46.1850 49.0490 50.2100 53.1140 56.0180 58.2720 59.9620 61.1230 62.2850 63.9460 62.7840 61.6230 60.4610 59.3000 58.1380 58.1090 58.0800 58.0510 59.2130 60.3740 61.5360 62.6970 63.8590 65.0210 66.1820 67.3440 68.5050 69.0220 67.8610 66.6990 65.5370 64.3760 63.2140 63.1850 63.1560 63.1270 63.1160 64.2770 65.4390 66.6000 67.7620 68.9240 70.0850 71.2470 70.7300 69.5680 68.4070 68.3780 68.3490 68.3200 69.4810 67.8960 64.9920 62.0880 59.1840 56.2800 53.3760 50.4720
32.8270 33.9880 35.1500 36.3120 37.4730 38.6350 39.7960 40.9580 42.1200 44.9830 46.1450 49.0490 51.9530 54.2060 55.8960 57.0580 58.2190 61.0830 61.0420 59.8800 58.7190 57.5570 56.3960 55.2340 55.2050 55.1760 55.1470 56.3090 57.4700 58.6320 59.7930 60.9550 62.1170 63.2780 64.4400 65.6010 66.1180 64.9570 63.7950 62.6330 61.4720 60.3100 60.2810 60.2520 60.2230 60.2120 61.3730 62.5350 63.6960 64.8580 66.0200 67.1810 68.3430 67.8260 66.6640 65.5030 65.4740 65.4450 65.4160 66.5770 66.7340 63.8300 60.9260 58.0220 55.1180 52.2140 49.3100
29.9230 31.0840 32.2460 33.4080 34.5690 35.7310 36.8920 38.0540 40.9170 42.0790 44.9830 47.8870 50.1400 51.8310 52.9920 54.1540 57.0170 58.1790 58.1380 56.9760 55.8150 54.6530 53.4920 52.3300 52.3010 52.2720 52.2430 53.4050 54.5660 55.7280 56.8890 58.0510 59.2130 60.3740 61.5360 62.6970 63.2140 62.0530 60.8910 59.7290 58.5680 57.4060 57.3770 57.3480 57.3190 57.3080 58.4690 59.6310 60.7920 61.9540 63.1160 64.2770 65.4390 64.9220 63.7600 62.5990 62.5700 62.5410 62.5120 63.6730 64.8350 62.6680 59.7640 56.8600 53.9560 51.0520 48.1480
27.0190 28.1800 29.3420 30.5040 31.6650 32.8270 33.9880 36.8520 38.0130 40.9170 43.8210 46.0750 47.7650 48.9270 50.0880 52.9520 54.1130 55.4320 55.2340 54.0720 52.9110 51.7490 50.5880 49.4260 49.3970 49.3680 49.3390 50.5010 51.6620 52.8240 53.9850 55.1470 56.3090 57.4700 58.6320 59.7930 60.3100 59.1490 57.9870 56.8250 55.6640 54.5020 54.4730 54.4440 54.4150 54.4040 55.5650 56.7270 57.8880 59.0500 60.2120 61.3730 62.5350 62.0180 60.8560 59.6950 59.6660 59.6370 59.6080 60.7690 61.9310 61.5070 58.6030 55.6990 52.7950 49.8910 46.9870
24.1150 25.2760 26.4380 27.6000 28.7610 29.9230 32.7860 33.9480 36.8520 39.7560 42.0090 43.6990 44.8610 46.0230 48.8860 50.0480 52.5570 52.5280 52.3300 51.1680 50.0070 48.8450 47.6840 46.5220 46.4930 46.4640 46.4350 47.5970 48.7580 49.9200 51.0810 52.2430 53.4050 54.5660 55.7280 56.8890 57.4060 56.2450 55.0830 53.9210 52.7600 51.5980 51.5690 51.5400 51.5110 51.5000 52.6610 53.8230 54.9840 56.1460 57.3080 58.4690 59.6310 59.1140 57.9520 56.7910 56.7620 56.7330 56.7040 57.8650 59.0270 60.1880 57.4410 54.5370 51.6330 48.7290 45.8250
21.2110 22.3720 23.5340 24.6960 25.8570 28.7210 29.8820 32.7860 35.6900 37.9440 39.6340 40.7950 41.9570 44.8200 45.9820 48.8860 49.6530 49.6240 49.4260 48.2640 47.1030 45.9410 44.7800 43.6180 43.5890 43.5600 43.5310 44.6930 45.8540 47.0160 48.1770 49.3390 50.5010 51.6620 52.8240 53.9850 54.5020 53.3410 52.1790 51.0170 49.8560 48.6940 48.6650 48.6360 48.6070 48.5960 49.7570 50.9190 52.0800 53.2420 54.4040 55.5650 56.7270 56.2100 55.0480 53.8870 53.8580 53.8290 53.8000 54.9610 56.1230 57.2840 56.2800 53.3760 50.4720 47.5680 44.6640
18.3070 19.4680 20.6300 21.7920 24.6550 25.8170 28.7210 31.6250 33.8780 35.5680 36.7300 37.8910 40.7550 41.9160 44.8200 46.7780 46.7490 46.7200 46.5220 45.3600 44.1990 43.0370 41.8760 40.7140 40.6850 40.6560 40.6270 41.7890 42.9500 44.1120 45.2730 46.4350 47.5970 48.7580 49.9200 51.0810 51.5980 50.4370 49.2750 48.1130 46.9520 45.7900 45.7610 45.7320 45.7030 45.6920 46.8530 48.0150 49.1760 50.3380 51.5000 52.6610 53.8230 53.3060 52.1440 50.9830 50.9540 50.9250 50.8960 52.0570 53.2190 54.3800 55.1180 52.2140 49.3100 46.4060 43.5020
15.4030 16.5640 17.7260 20.5890 21.7510 24.6550 27.5590 29.8120 31.5030 32.6640 33.8260 36.6890 37.8510 40.7550 43.6590 43.8740 43.8450 43.8160 43.6180 42.4560 41.2950 40.1330 38.9720 37.8100 37.7810 37.7520 37.7230 38.8850 40.0460 41.2080 42.3690 43.5310 44.6930 45.8540 47.0160 48.1770 48.6940 47.5330 46.3710 45.2090 44.0480 42.8860 42.8570 42.8280 42.7990 42.7880 43.9490 45.1110 46.2720 47.4340 48.5960 49.7570 50.9190 50.4020 49.2400 48.0790 48.0500 48.0210 47.9920 49.1530 50.3150 51.4760 52.6380 51.0520 48.1480 45.2440 42.3400
12.4990 13.6600 16.5240 17.6850 20.5890 23.4930 25.7470 27.4370 28.5990 29.7600 32.6240 33.7850 36.6890 39.5930 40.9990 40.9700 40.9410 40.9120 40.7140 39.5520 38.3910 37.2290 36.0680 34.9060 34.8770 34.8480 34.8190 35.9810 37.1420 38.3040 39.4650 40.6270 41.7890 42.9500 44.1120 45.2730 45.7900 44.6290 43.4670 42.3050 41.1440 39.9820 39.9530 39.9240 39.8950 39.8840 41.0450 42.2070 43.3680 44.5300 45.6920 46.8530 48.0150 47.4980 46.3360 45.1750 45.1460 45.1170 45.0880 46.2490 47.4110 48.5720 49.7340 49.8910 46.9870 44.0830 41.1790
9.59500 12.4580 13.6200 16.5240 19.4280 21.6810 23.3710 24.5330 25.6950 28.5580 29.7200 32.6240 35.5280 37.7810 38.0950 38.0660 38.0370 38.0080 37.8100 36.6480 35.4870 34.3250 33.1640 32.0020 31.9730 31.9440 31.9150 33.0770 34.2380 35.4000 36.5610 37.7230 38.8850 40.0460 41.2080 44.0480 42.8860 41.7250 40.5630 39.4010 38.2400 37.0780 37.0490 37.0200 36.9910 36.9800 38.1410 39.3030 40.4640 41.6260 42.7880 43.9490 45.1110 44.5940 43.4320 42.2710 42.2420 42.2130 42.1840 43.3450 44.5070 45.6680 46.8300 47.9920 46.9290 44.0940 41.1900
9.56600 9.55400 12.4580 15.3620 17.6160 19.3060 20.4670 21.6290 24.4920 25.6540 28.5580 31.4620 33.7150 35.2200 35.1910 35.1620 35.1330 35.1040 34.9060 33.7440 32.5830 31.4210 30.2600 29.0980 29.0690 29.0400 29.0110 30.1730 31.3340 32.4960 33.6570 34.8190 35.9810 37.1420 40.0060 41.1440 39.9820 38.8210 37.6590 36.4970 35.3360 34.1740 34.1450 34.1160 34.0870 34.0760 35.2370 36.3990 37.5600 38.7220 39.8840 41.0450 42.2070 41.6900 40.5280 39.3670 39.3380 39.3090 39.2800 40.4410 41.6030 42.7640 43.9260 45.0880 44.0250 42.8630 41.2190
12.4290 9.52500 12.3880 13.5500 15.2400 16.4020 17.5630 20.4270 21.5880 24.4920 27.3960 29.6500 31.8340 32.3160 32.2870 32.2580 32.2290 32.2000 32.0020 30.8400 29.6790 28.5170 27.3560 26.1940 26.1650 26.1360 26.1070 27.2690 28.4300 29.5920 30.7530 31.9150 33.0770 35.9400 37.1020 38.2400 37.0780 35.9170 34.7550 33.5930 32.4320 31.2700 31.2410 31.2120 31.1830 31.1720 32.3330 33.4950 34.6560 35.8180 36.9800 38.1410 39.3030 38.7860 37.6240 36.4630 36.4340 36.4050 36.3760 37.5370 38.6990 39.8600 41.0220 42.1840 41.1210 39.9590 38.7970
13.5910 12.3880 9.48400 12.3480 12.3360 13.4980 16.3610 17.5230 20.4270 23.3310 25.5840 27.7680 28.9300 29.4120 29.3830 29.3540 29.3250 29.2960 29.0980 27.9360 26.7750 25.6130 24.4520 23.2900 23.2610 23.2320 23.2030 24.3650 25.5260 26.6880 27.8490 29.0110 31.8740 33.0360 35.8990 35.3360 34.1740 33.0130 31.8510 30.6890 29.5280 28.3660 28.3370 28.3080 28.2790 28.2680 29.4290 30.5910 31.7520 32.9140 34.0760 35.2370 36.3990 35.8820 34.7200 33.5590 33.5300 33.5010 33.4720 34.6330 35.7950 36.9560 38.1180 39.2800 38.2170 37.0550 35.8930
15.2810 12.3770 9.47300 9.44400 9.43200 12.2960 13.4570 16.3610 19.2650 21.5190 23.7020 24.8640 26.0260 26.5080 26.4790 26.4500 26.4210 26.3920 26.3630 25.0320 23.8710 22.7090 21.5480 20.3860 20.3570 20.3280 20.2990 21.4610 22.6220 23.7840 24.9450 27.8090 28.9700 31.8340 32.9950 32.4320 31.2700 30.1090 28.9470 27.7850 26.6240 25.4620 25.4330 25.4040 25.3750 25.3640 26.5250 27.6870 28.8480 30.0100 31.1720 32.3330 34.1390 32.9780 31.8160 30.6550 30.6260 30.5970 30.5680 31.7290 32.8910 34.0520 35.2140 36.3760 35.3130 34.1510 32.9890
16.4420 13.5380 12.3770 12.3070 9.40300 9.39200 12.2960 15.2000 17.4530 20.3160 20.7980 21.9600 23.1220 23.6040 23.5750 23.5460 23.5170 23.4880 23.4590 22.7790 20.9670 19.8050 18.6440 17.4820 17.4530 17.4240 17.3950 18.5570 19.7180 20.8800 23.7430 24.9050 27.7680 28.9300 31.8340 31.2700 28.3660 27.2050 26.0430 24.8810 23.7200 22.5580 22.5290 22.5000 22.4710 22.4600 23.6210 24.7830 25.9440 27.1060 28.2680 31.1720 31.2350 30.0740 28.9120 27.7510 27.7220 27.6930 27.6640 28.8250 29.9870 31.1480 32.3100 33.4720 34.1510 31.2470 30.0850
17.6040 16.4420 15.2810 13.4690 12.2660 9.36200 12.2260 13.3870 16.2510 17.4120 17.8940 19.0560 20.2180 20.7000 20.6710 20.6420 20.6130 20.5840 20.5550 19.8750 18.7130 16.9010 15.7400 14.5780 14.5490 14.5200 14.4910 15.6530 16.8140 19.6780 20.8390 23.7020 24.8640 27.7680 30.6720 28.4070 27.2050 24.3010 23.1390 21.9770 20.8160 19.6540 19.6250 19.5960 19.5670 19.5560 20.7170 21.8790 23.0400 24.2020 27.1060 29.4930 28.3310 27.1700 26.0080 24.8470 24.8180 24.7890 24.7600 25.9210 27.0830 28.2440 29.4060 30.5680 31.2880 30.0850 27.1810
20.5080 19.3460 17.5340 15.1590 12.2550 9.35100 9.32200 12.1850 13.3470 15.0190 14.9900 16.1520 17.3140 17.7960 17.7670 17.7380 17.7090 17.6800 17.6510 16.9710 15.8090 14.6480 12.8360 11.6740 11.6450 11.6160 11.5870 12.7490 15.6120 16.7740 19.6370 20.7980 23.7020 26.6060 28.4480 27.2450 24.3410 23.1390 20.2350 19.0730 17.9120 16.7500 16.7210 16.6920 16.6630 16.6520 17.8130 18.9750 20.1360 23.0400 25.9440 26.5890 25.4270 24.2660 23.1040 21.9430 21.9140 21.8850 21.8560 23.0170 24.1790 25.3400 26.5020 27.6640 29.3360 27.2220 26.0200
23.4120 21.6000 19.2240 16.3200 13.4160 12.2550 12.1850 9.28100 12.1450 12.1150 12.0860 13.2480 14.9210 14.8920 14.8630 14.8340 14.8050 14.7760 14.7470 14.7170 12.9050 11.7440 11.6740 8.77000 8.74100 8.71200 8.68300 11.5460 12.7080 15.5710 16.7330 19.6370 22.5410 25.4450 27.2860 24.3820 23.1800 20.2760 19.0730 16.1690 15.0080 13.8460 13.8170 13.7880 13.7590 13.7480 14.9090 16.0710 18.9750 21.8790 24.7830 23.6850 22.5230 21.3620 20.2000 19.0390 19.0100 18.9810 18.9520 20.1130 21.2750 22.4360 23.5980 25.2710 26.4320 26.0600 23.1560
25.6660 23.2900 20.3860 17.4820 16.3200 15.1590 13.3470 12.1450 9.24100 9.21100 9.18200 12.0460 12.0170 11.9880 11.9590 11.9300 11.9010 11.8720 11.8430 11.8130 11.7440 8.84000 8.81100 11.6740 11.6450 11.6160 11.5460 8.64200 11.5060 12.6670 15.5710 18.4750 21.3790 24.2830 25.7580 23.2200 20.3160 19.1140 16.2100 15.0080 12.1040 10.9420 10.9130 10.8840 10.8550 10.8440 12.0050 14.9090 17.8130 20.7170 23.6210 22.5230 19.6190 18.4580 17.2960 16.1350 16.1060 16.0770 16.0480 17.2090 18.3710 19.5320 21.2050 22.3670 23.5280 23.1970 21.9950
27.3560 24.4520 21.5480 20.3860 19.2240 17.4120 16.2100 13.3060 12.1450 12.0750 9.17100 9.14200 9.11300 9.08400 9.05500 9.02600 8.99700 8.96800 8.93900 8.90900 8.88000 11.7440 11.7150 12.8760 14.5490 14.5200 12.7080 11.5060 8.60200 11.5060 14.4100 17.3140 20.2180 22.8840 22.8540 22.0590 19.1550 16.2510 15.0490 12.1450 10.9420 8.03800 8.00900 7.98000 7.95100 7.94000 10.8440 13.7480 16.6520 19.5560 22.4600 21.3620 18.4580 15.5540 14.3920 13.2310 13.2020 13.1730 13.1440 14.3050 15.4670 17.1390 18.3010 19.4630 22.3260 22.0360 19.1320
28.5170 25.6130 24.4520 23.2900 21.4780 20.2760 17.3720 16.2100 15.0490 13.2360 12.0750 12.0460 12.0170 11.9880 11.9590 11.9300 11.9010 11.8720 11.8430 11.8130 11.7840 12.9460 14.6190 15.7800 16.9420 16.7740 14.3810 11.4770 8.57300 11.4770 14.3810 16.6340 19.4970 19.9800 19.9500 19.9210 17.9930 15.0890 12.1850 10.9830 8.07900 10.9420 10.9130 10.8840 10.8140 7.91000 10.8140 13.7180 15.9720 18.8350 19.9970 20.2000 17.2960 14.3920 11.4880 10.3270 10.2980 10.2690 10.2400 11.4010 13.0740 14.2350 15.3970 18.2600 19.4220 19.1720 17.9700
29.6790 28.5170 27.3560 25.5440 24.3410 21.4370 20.2760 19.1140 17.3020 16.1400 14.9790 14.9500 14.9210 14.8920 14.8630 14.8340 14.8050 14.7760 14.7470 14.7170 14.6880 15.8500 17.0120 18.6840 19.8460 17.2560 14.3520 11.4480 8.54400 11.4070 12.5690 15.4320 16.5930 17.0760 17.0460 17.0170 16.8320 13.9280 11.0240 8.12000 10.9830 12.1450 13.8170 13.6890 10.7850 7.88100 10.7450 11.9060 14.7700 15.9310 18.7950 19.0390 16.1350 13.2310 10.3270 7.42300 7.39400 7.36500 7.33600 10.1990 10.1700 11.3310 14.1950 15.3560 18.2200 18.0110 15.1070
32.5830 31.4210 29.6090 28.4070 25.5030 24.3410 23.1800 21.3680 20.2060 19.0440 17.8830 17.8540 17.8250 17.7960 17.7670 17.7380 17.7090 17.6800 17.6510 17.6210 17.5920 18.7540 19.9160 21.0770 21.3210 18.4170 15.5130 12.6090 11.4070 8.50300 11.3660 12.5280 14.2010 14.1720 14.1420 14.1130 14.0840 13.9570 11.0530 8.14900 11.0530 13.9570 16.2100 13.6780 10.7740 7.87000 7.84100 10.7040 11.8660 14.7290 15.8910 16.3730 16.1460 13.2420 10.3380 7.43400 10.2980 10.2690 10.1990 7.29500 7.26600 10.1290 11.2910 14.1540 15.3160 15.1470 13.9450
35.4870 33.6750 32.4730 29.5690 28.4070 27.2450 25.4330 24.2720 23.1100 21.9480 20.7870 20.7580 20.7290 20.7000 20.6710 20.6420 20.6130 20.5840 20.5550 20.5250 20.4960 21.6580 22.8200 23.9810 22.4830 19.5790 16.6750 14.2990 11.3950 8.49100 8.46200 11.3260 11.2970 11.2680 11.2380 11.2090 11.1800 11.1510 11.0820 8.17800 11.0820 13.9860 16.8900 14.8390 11.9350 10.7740 10.7040 7.80000 10.6630 11.8250 13.4980 13.4690 14.6300 13.2710 10.3670 7.46300 10.3670 13.1730 11.3600 10.1580 7.25400 7.22500 10.0880 11.2500 12.9230 12.8940 11.0820
37.7400 36.5380 33.6340 32.4730 31.3110 29.4990 28.3370 27.1760 26.0140 24.8520 23.6910 23.6620 23.6330 23.6040 23.5750 23.5460 23.5170 23.4880 23.4590 23.4290 23.4000 24.5620 25.7240 26.5480 23.6440 20.7400 18.3650 15.4610 12.5570 11.3950 11.3260 8.42200 8.39300 8.36400 8.33400 8.30500 8.27600 8.24700 8.21800 8.20700 11.1110 14.0150 16.9190 16.0010 14.8390 13.5970 10.6930 7.78900 7.75900 10.6230 10.5940 10.5650 11.7260 13.3000 10.3960 7.49200 10.3960 13.3000 14.2240 11.3200 10.1180 7.21400 7.18400 10.0480 10.0190 9.99000 9.92000
40.6040 37.7000 36.5380 35.3770 33.5640 32.4030 31.2410 30.0800 28.9180 27.7560 26.5950 26.5660 26.5370 26.5080 26.4790 26.4500 26.4210 26.3920 26.3630 26.3330 26.3040 27.4660 28.6280 27.7100 24.8060 22.4300 19.5260 16.6220 15.4610 14.2990 12.4870 11.3260 11.2970 11.2680 11.2380 11.2090 11.1800 11.1510 11.1220 11.1110 12.2720 15.1760 18.0800 18.9050 17.6620 14.7580 11.8540 10.6520 7.74800 7.71900 7.69000 7.66100 10.5240 10.4950 10.4250 7.52100 10.4250 13.3290 15.3850 14.1830 11.2790 10.1180 10.0480 7.14400 7.11500 7.08600 7.05700
41.7650 40.6040 39.4420 37.6300 36.4680 35.3070 34.1450 32.9840 31.8220 30.6600 29.4990 29.4700 29.4410 29.4120 29.3830 29.3540 29.3250 29.2960 29.2670 29.2370 29.2080 30.3700 31.5320 28.8720 26.4960 23.5920 20.6880 19.5260 18.3650 16.5530 15.3910 14.2300 14.2010 14.1720 14.1420 14.1130 14.0840 14.0550 14.0260 14.0150 15.1760 16.3380 19.2420 21.7280 18.8240 15.9200 14.7170 11.8130 10.6520 10.6230 10.5940 10.5240 7.62000 7.59100 7.56200 10.4250 11.5870 14.4910 17.3950 15.3450 14.1830 13.0220 11.2090 10.0480 10.0190 9.99000 9.96100
44.6690 43.5080 41.6960 40.5340 39.3720 38.2110 37.0490 35.8880 34.7260 33.5640 32.4030 32.3740 32.3450 32.3160 32.2870 32.2580 32.2290 32.2000 32.1710 32.1410 32.1120 33.2740 32.9370 30.5620 27.6580 24.7540 23.5920 22.4300 20.6180 19.4570 18.2950 17.1340 17.1050 17.0760 17.0460 17.0170 16.9880 16.9590 16.9300 16.9190 18.0800 19.2420 20.4040 22.8890 19.9850 18.7830 15.8790 14.7170 13.5560 13.5270 13.4980 11.6860 10.5240 10.4950 10.4660 11.6280 14.4910 15.6530 18.5570 18.2490 17.0870 15.2750 14.1130 12.9520 12.9230 12.8940 12.8650
47.5730 45.7610 44.6000 43.4380 42.2760 41.1150 39.9530 38.7920 37.6300 36.4680 35.3070 35.2780 35.2490 35.2200 35.1910 35.1620 35.1330 35.1040 35.0750 35.0450 35.0160 36.1780 34.6270 31.7230 28.8190 27.6580 26.4960 24.6840 23.5220 22.3610 21.1990 20.0380 20.0090 19.9800 19.9500 19.9210 19.8920 19.8630 19.8340 19.8230 20.9840 22.1460 23.3080 24.0510 22.8490 19.9450 18.7830 17.6210 16.4600 16.4310 15.7510 14.5900 13.4280 13.3990 13.3700 14.5320 15.6930 18.5570 19.7180 21.1530 19.3410 18.1790 17.0170 15.8560 15.8270 15.7980 15.7690
