AppendixA/HikerMovements/data/dist_vajolet_1000.asc
ncols 271
nrows 294
xllcorner 698225
yllcorner 5141858
cellsize 30.00
nodata_value  226.319
[rows 174 to 202 of 294, columns 0 to 66 of 271]
24.2540 25.4160 23.0520 21.8900 19.0270 17.8650 15.0020 13.8400 10.9770 9.81600 9.82700 9.85600 6.99300 9.89700 12.8010 15.7050 17.1570 14.2530 13.0510 10.1470 8.94400 6.04000 8.94400 8.79300 5.88900 8.75300 8.68300 5.77900 5.79100 5.77900 8.68300 8.71200 8.74100 8.77000 9.93200 11.7440 12.9050 14.0670 15.8790 17.0410 16.1170 13.2130 10.3090 9.14800 9.15900 6.29600 6.32500 9.22900 12.1330 14.5080 17.4120 20.3160 23.2200 26.1240 29.0280 31.9320 34.8360 37.7400 40.6440 43.5480 46.4520 49.3560 52.2600 54.8800 51.9760 49.0720 46.1680
21.3500 22.5120 21.8900 18.9860 17.8250 14.9610 13.8000 10.9360 9.77500 6.91200 6.92300 6.95200 9.85600 11.0580 13.9620 16.8660 15.9950 13.0910 10.1870 8.98500 6.08100 8.94400 10.1060 9.95500 8.75300 5.84900 5.82000 8.68300 8.69500 8.68300 9.84500 11.6160 11.6450 11.6740 12.8360 13.9970 15.8090 16.9710 18.1330 19.9450 17.2790 14.3750 13.2130 12.0520 10.3610 9.20000 6.33700 9.24100 10.4430 13.3470 16.2510 19.1550 22.0590 24.9630 27.8670 30.7710 33.6750 36.5790 39.4830 42.3870 45.2910 48.1950 51.0990 54.0030 53.1370 50.2330 47.3290
18.4460 19.6080 20.7290 17.8250 14.9210 13.7590 10.8960 9.73400 6.87100 6.88200 9.78600 9.85600 11.0180 13.9220 15.1240 17.2270 14.3230 11.9300 9.02600 6.12200 8.98500 9.09500 9.12400 9.15300 9.18200 8.75300 8.72400 9.88500 11.5990 11.5870 12.7490 13.9100 14.5490 14.5780 15.7400 16.9010 18.0630 19.8750 21.0370 21.3440 18.4400 17.2790 16.1170 14.4270 12.1740 9.27000 6.36600 6.37700 9.28100 12.1850 15.0890 17.9930 20.8970 23.8010 26.7050 29.6090 32.5130 35.4170 38.3210 41.2250 44.1290 47.0330 49.9370 52.8410 53.8170 50.9130 48.0090
15.5420 16.7040 17.8650 16.6630 13.7590 10.8550 9.69400 6.83000 6.84200 9.74600 10.9480 12.7600 13.9220 15.0830 15.0430 14.3630 13.1610 10.2570 9.05500 6.15100 6.16200 6.19100 6.22000 6.24900 6.27800 6.30700 9.21100 12.1150 13.9510 14.4910 15.6530 16.8140 17.4530 17.4820 18.6440 19.8050 20.9670 22.1280 23.9410 22.5060 21.3440 20.1830 18.4930 16.2390 13.3350 10.4310 9.27000 6.40600 9.31000 12.2140 15.1180 18.0220 20.9260 23.8300 26.7340 29.6380 32.5420 35.4460 38.3500 41.2540 44.1580 47.0620 49.9660 52.8700 53.8460 50.9420 48.0380
12.6380 13.8000 14.9610 14.8510 12.5980 9.69400 6.79000 6.80100 9.70500 10.9070 13.8110 15.0140 14.4620 13.3000 12.1390 12.1100 10.2980 9.09500 6.19100 9.05500 9.06600 9.09500 9.12400 9.15300 9.18200 9.21100 10.3730 13.2770 16.1810 17.3950 18.5570 19.7180 20.3570 20.3860 21.5480 22.7090 23.8710 25.0320 26.1940 25.4100 24.2480 22.5580 20.3050 17.4010 14.4970 12.2430 9.33900 6.43500 9.33900 12.2430 14.6360 17.5400 20.4440 22.8370 25.7410 28.6450 31.5490 34.4530 37.3570 40.2610 43.1650 46.0690 48.9730 51.8770 53.3640 50.4600 47.5560
9.73400 10.8960 12.5690 12.5390 10.7850 9.62400 6.76100 9.66500 10.8670 12.3190 12.2900 13.3700 12.2080 10.3960 9.23500 9.20600 9.13600 6.23200 6.22000 9.12400 11.9700 11.9990 12.0280 12.0570 12.0860 12.1150 13.2770 14.4390 17.3430 20.2470 21.4610 22.6220 23.2610 23.2900 24.4520 25.6130 26.7750 27.9360 29.0980 28.3140 26.6240 23.8880 20.9840 18.0800 15.1760 12.2720 9.36800 6.46400 9.36800 10.5710 13.4750 16.3790 18.7710 21.6750 24.5790 27.4830 30.3870 33.2910 36.1950 39.0990 42.0030 44.9070 47.8110 50.7150 52.2020 49.2980 46.3940
6.83000 9.69400 9.66500 9.63500 9.60600 6.72000 9.62400 10.6050 9.44400 9.41500 9.38600 10.4660 9.30400 9.23500 6.33100 6.30200 6.27300 6.26100 9.12400 10.2860 13.1900 14.9030 14.9320 14.9610 14.9900 15.0190 16.1810 17.3430 18.5040 21.4080 24.3120 25.5260 26.1650 26.1940 27.3560 28.5170 29.6790 30.8400 32.0020 29.7250 26.8210 23.9170 21.0130 18.1090 15.2050 12.3010 9.39700 6.49300 6.50500 9.40900 12.3130 14.7060 17.6100 20.5140 23.4180 26.3220 29.2260 32.1300 35.0340 37.9380 40.8420 43.7460 46.6500 49.5540 51.0410 48.1370 45.2330
6.81900 6.79000 6.76100 6.73100 6.70200 6.69100 9.59500 9.44400 6.54000 6.51100 6.48200 9.30400 6.40000 6.37100 9.23500 9.20600 9.17700 9.16500 10.3270 13.1900 14.3520 17.2560 17.8360 17.8650 17.8940 17.9230 19.0850 20.2470 21.4080 22.5700 25.4740 28.3780 29.0690 29.0980 30.2600 31.4210 32.5830 33.7440 33.7910 30.8870 27.9830 25.0790 22.1750 19.2710 16.3670 13.4630 10.5590 9.39700 6.53400 9.43800 10.6400 13.5440 16.4480 19.3520 22.2560 25.1600 28.0640 30.9680 33.8720 36.7760 39.6800 42.5840 45.4880 48.3920 51.0700 48.1660 45.2620
9.72300 9.69400 9.66500 9.59500 6.69100 6.66200 9.48400 6.58000 6.55100 9.37400 6.47000 6.44100 9.30400 9.27500 10.4370 12.1100 12.0810 12.0690 13.2310 14.3920 17.2560 18.4170 20.7400 20.7690 20.7980 20.8270 21.9890 23.1510 24.3120 25.4740 26.6350 29.5390 31.9730 32.0020 33.1640 34.3250 35.4870 36.6480 34.9530 32.0490 29.1450 26.2410 23.3370 20.4330 17.5290 14.6250 12.3710 9.46700 6.56300 6.57500 9.47900 12.3830 15.2870 18.1910 21.0950 23.9990 26.9030 29.8070 32.7110 35.6150 38.5190 41.4230 44.3270 47.2310 50.1350 48.1950 45.2910
12.6270 12.5980 12.5690 10.7560 9.55400 6.65000 6.62100 6.59200 9.45500 10.5360 9.37400 9.34500 10.5070 12.1790 13.3410 14.5030 14.9850 14.9730 16.1350 17.2960 18.4580 21.3210 22.4830 23.6730 23.7020 23.7310 24.8930 26.0550 27.2160 28.3780 29.5390 30.7010 33.6050 34.9060 36.0680 37.2290 38.3910 39.0180 36.1140 33.2100 30.3060 27.4020 24.4980 21.5940 18.6900 16.4370 13.5330 10.6290 9.46700 6.60400 9.50800 12.4120 15.3160 18.2200 21.1240 24.0280 26.9320 29.8360 32.7400 35.6440 38.5480 41.4520 44.3560 47.2600 50.1640 48.2240 45.3200
15.5310 15.5020 14.8220 13.6200 10.7160 9.53700 6.63300 6.62100 9.52500 12.4290 12.2780 12.2490 13.4110 14.5720 16.2450 17.4070 17.8890 17.8770 19.0390 20.2000 21.3620 22.5230 25.3870 26.5480 26.6060 26.6350 27.7970 28.9590 30.1200 31.2820 32.4430 33.6050 34.7670 37.6710 38.9720 40.1330 41.2950 40.1800 37.2760 34.3720 31.4680 28.5640 25.6600 22.7560 20.5020 17.5980 14.6940 12.4410 9.53700 6.63300 9.53700 12.4410 15.3450 18.2490 21.1530 24.0570 26.9610 29.8650 32.7690 35.6730 38.5770 41.4810 44.3850 47.2890 50.1930 48.2530 45.3490
18.4350 18.4060 17.6850 14.7810 13.6020 10.6980 9.53700 6.65000 9.55400 12.4580 15.1820 15.1530 16.3150 17.4760 18.6380 20.3110 20.7930 20.7810 21.9430 23.1040 24.2660 25.4270 26.5890 29.4520 29.5100 29.5390 30.7010 31.8630 33.0240 34.1860 35.3470 36.5090 37.6710 38.8320 41.7360 43.0370 44.1990 41.3410 38.4370 35.5330 32.6290 29.7250 26.8210 24.0860 21.1820 18.2780 15.3740 12.4700 9.56600 6.66200 9.56600 12.4700 15.3740 18.2780 21.1820 24.0860 26.9900 29.8940 32.7980 35.7020 38.6060 41.5100 44.4140 47.3180 50.2220 48.2820 45.3780
19.0100 17.8070 14.9030 13.7010 10.7970 9.59500 6.69100 6.67900 9.58300 12.4870 15.3910 18.0570 19.2190 20.3800 21.5420 22.7030 23.6970 23.6850 24.8470 26.0080 27.1700 28.3310 29.4930 30.6550 32.4140 32.4430 33.6050 34.7670 35.9280 37.0900 38.2510 39.4130 40.5750 41.7360 42.8980 45.8020 43.9320 41.0280 38.1240 35.2200 32.3160 29.4120 26.5080 23.6040 20.7000 17.7960 14.8920 12.4990 9.59500 6.69100 9.59500 12.4990 15.4030 18.3070 21.2110 24.1150 27.0190 29.9230 32.8270 35.7310 38.6350 41.5390 44.4430 47.3470 50.2510 49.4440 46.5400
17.8480 14.9440 13.7420 10.8380 9.63500 6.73100 6.72000 9.58300 10.7450 13.6490 16.5530 19.4570 22.1230 23.2840 24.4460 25.6070 26.6010 26.5890 27.7510 28.9120 30.0740 31.2350 32.3970 33.5590 34.7200 35.3470 36.5090 37.6710 38.8320 39.9940 41.1550 42.3170 43.4790 44.6400 45.8020 45.6740 42.7700 39.8660 36.9620 34.0580 31.1540 28.2500 25.3460 22.4420 19.5380 16.6340 13.7300 10.8260 9.62400 6.72000 9.62400 12.5280 15.4320 18.3360 21.2400 24.1440 27.0480 29.9520 32.8560 35.7600 38.6640 41.5680 44.4720 47.3760 50.2800 50.6050 47.7010
14.9850 13.7820 10.8780 9.67600 6.77200 6.76100 9.62400 10.7850 13.6490 14.8100 17.7140 20.6180 23.5220 26.1880 27.3500 28.5110 29.5050 29.4930 30.6550 31.8160 32.9780 34.1390 35.3010 36.4630 37.6240 38.2510 39.4130 40.5750 41.7360 42.8980 44.0590 45.2210 46.3830 47.5440 47.4170 44.5130 41.6090 38.7050 35.8010 32.8970 29.9930 27.0890 24.1850 21.2810 18.3770 15.4730 12.5690 9.66500 6.76100 6.74900 9.65300 12.5570 15.4610 18.3650 21.2690 24.1730 27.0770 29.9810 32.8850 35.7890 38.6930 41.5970 44.5010 47.4050 50.3090 51.7670 48.8630
13.8230 10.9190 9.71700 6.81300 6.80100 9.66500 10.8260 13.6890 14.8510 17.7140 18.8760 21.7800 24.6840 27.5880 30.2540 31.4150 32.4090 32.3970 33.5590 34.7200 35.8820 37.0430 38.2050 39.3670 40.5280 41.1550 42.3170 43.4790 44.6400 45.8020 46.9630 48.1250 49.2870 50.0070 47.1030 44.1990 41.2950 38.3910 35.4870 33.1110 30.2070 27.3030 25.3460 22.4420 19.5380 16.6340 13.7300 10.8260 9.66500 6.77800 9.68200 12.5860 15.4900 18.3940 21.2980 24.2020 27.1060 30.0100 32.9140 35.8180 38.7220 41.6260 44.5300 47.4340 50.3380 51.3370 48.4330
10.9600 9.75700 6.85300 6.84200 9.70500 10.8670 13.7300 14.8920 17.7550 18.9170 21.7800 22.9420 25.8460 28.7500 31.6540 34.3190 35.3130 35.3010 36.4630 37.6240 38.7860 39.9470 41.1090 42.2710 43.4320 44.0590 45.2210 46.3830 47.5440 48.7060 49.8670 51.0290 51.7490 48.8450 45.9410 43.0370 40.1330 37.2290 34.3250 31.4210 29.0460 26.1420 23.2380 21.3390 18.4350 15.5310 12.6270 9.72300 6.81900 6.80700 9.71100 12.6150 15.5190 18.4230 21.3270 24.2310 27.1350 30.0390 32.9430 35.8470 38.7510 41.6550 44.5590 47.4630 50.3670 51.3660 48.4620
9.79800 6.89400 6.88200 9.74600 10.9070 13.7710 14.9320 17.7960 18.9570 21.8210 22.9820 25.8460 27.0070 29.9110 32.8150 35.7190 38.2170 38.2050 39.3670 40.5280 41.6900 42.8510 44.0130 45.1750 46.3360 46.9630 48.1250 49.2870 50.4480 51.6100 52.7710 53.4920 50.5880 47.6840 44.7800 41.8760 38.9720 36.0680 33.1640 30.2600 27.3560 24.9800 22.0760 19.1720 18.0110 15.5600 12.6560 9.75200 6.84800 9.71100 10.8730 13.7770 16.6810 19.5850 22.4890 25.3930 28.2970 31.2010 34.1050 37.0090 39.9130 42.8170 45.7210 48.6250 51.5290 51.3950 48.4910
6.93500 6.92300 9.78600 10.9480 13.8110 14.9730 17.8360 18.9980 21.8610 23.0230 25.8860 27.0480 29.9110 31.0730 33.9770 36.8810 39.7850 41.1090 42.2710 43.4320 44.5940 45.7550 46.9170 48.0790 49.2400 49.8670 51.0290 52.1910 53.3520 54.5140 55.2340 52.3300 49.4260 46.5220 43.6180 40.7140 37.8100 34.9060 32.0020 29.0980 26.1940 23.2900 20.9150 18.0110 15.1070 13.9450 12.6850 9.78100 6.87700 9.78100 12.6850 14.9380 17.8420 20.7460 23.6500 26.5540 29.4580 32.3620 35.2660 38.1700 41.0740 43.9780 46.8820 49.7860 52.6900 51.4240 48.5200
6.96400 9.82700 10.9890 13.8520 15.0140 17.8770 19.0390 21.9020 23.0640 25.9270 27.0890 29.9520 31.1130 33.9770 35.1380 38.0420 40.9460 43.7400 44.9020 46.0630 47.2250 48.3860 49.5480 50.7100 51.8710 52.7710 53.9330 55.0950 56.2560 56.9760 54.0720 51.1680 48.2640 45.3600 42.4560 39.5520 36.6480 33.7440 30.8400 27.9360 25.0320 22.1280 19.2240 16.8490 13.9450 11.0410 9.87900 9.81000 6.90600 9.81000 12.7140 15.6180 18.5220 21.4260 24.3300 27.2340 30.1380 33.0420 35.9460 38.8500 41.7540 44.6580 47.5620 50.4660 53.3700 51.4530 48.5490
9.86800 11.0290 13.8930 15.0540 17.9180 19.0790 21.9430 23.1040 25.3640 26.5250 27.6870 28.8480 31.7120 32.8730 35.7770 38.5130 39.6740 40.8360 41.9980 43.1590 44.3210 45.4820 46.6440 47.8060 48.9670 51.8540 53.0150 55.9190 58.7190 55.8150 52.9110 50.0070 47.1030 44.1990 41.2950 38.3910 35.4870 32.5830 29.6790 26.7750 23.8710 20.9670 18.0630 15.1590 12.7830 9.87900 6.97500 6.94600 6.93500 9.83900 12.7430 15.6470 18.5510 21.4550 24.3590 27.2630 30.1670 33.0710 35.9750 38.8790 41.7830 44.6870 47.5910 50.4950 53.3990 50.9710 48.0670
8.72400 11.5870 12.7490 15.6120 16.7740 19.6370 20.1360 21.2980 22.4600 23.6210 24.7830 27.6460 28.8080 31.7120 34.4470 35.6090 36.7700 37.9320 39.0940 40.2550 41.4170 42.5780 43.7400 44.9020 47.7880 48.9500 51.8540 54.7580 57.5570 54.6530 51.7490 48.8450 45.9410 43.0370 40.1330 37.2290 34.3250 31.4210 28.5170 25.6130 22.7090 19.8050 16.9010 13.9970 11.0930 9.89100 6.98700 9.85000 9.83900 11.0000 13.9040 16.8080 19.7120 22.6160 25.5200 28.4240 31.3280 34.2320 37.1360 40.0400 42.9440 45.8480 48.7520 51.6560 52.7130 49.8090 46.9050
8.71200 8.68300 11.5460 12.7080 15.5710 16.7330 17.2320 18.3940 19.5560 20.7170 23.5800 24.7420 27.6460 30.4510 31.5430 32.7050 33.8660 35.0280 36.1900 37.3510 38.5130 39.6740 40.8360 43.7230 44.8840 47.7880 50.6920 53.5960 56.3960 53.4920 50.5880 47.6840 44.7800 41.8760 38.9720 36.0680 33.1640 30.2600 27.3560 24.4520 21.5480 18.6440 15.7400 12.8360 9.93200 7.02800 7.01600 9.92000 12.7430 13.9040 15.0660 17.9700 20.8740 23.7780 26.6820 29.5860 32.4900 35.3940 38.2980 41.2020 44.1060 47.0100 49.9140 52.8180 51.5520 48.6480 45.7440
11.5750 8.67100 8.64200 11.5060 12.6670 14.3400 14.3280 15.4900 16.6520 19.5150 20.6760 23.5800 26.3860 27.5470 28.6390 29.8010 30.9620 32.1240 33.2860 34.4470 35.6090 36.7700 39.6570 40.8190 43.7230 46.6270 49.5310 52.4350 55.3390 54.6530 51.7490 48.8450 45.9410 43.0370 40.1330 37.2290 34.3250 31.4210 28.5170 25.6130 22.7090 19.8050 16.9010 13.9970 11.0930 9.93200 7.04500 9.94900 12.8530 15.7570 17.9700 19.1320 22.0360 24.9400 27.8440 30.7480 33.6520 36.5560 39.4600 42.3640 45.2680 48.1720 51.0760 53.9800 51.5810 48.6770 45.7730
12.7370 11.5350 8.63100 8.60200 11.4650 11.4360 11.4240 12.5860 15.4490 16.6110 19.5150 22.3200 23.4820 24.6430 25.7350 26.8970 28.0580 29.2200 30.3820 31.5430 32.7050 35.5910 36.7530 39.6570 42.5610 45.4650 48.3690 51.2730 54.1770 55.8150 52.9110 50.0070 47.1030 44.1990 41.2950 38.3910 35.4870 32.5830 29.6790 26.7750 23.8710 20.9670 18.0630 15.1590 12.8820 9.97800 7.07400 9.97800 12.8820 15.7860 18.6900 21.5940 23.1970 26.1010 29.0050 31.9090 34.8130 37.7170 40.6210 43.5250 46.4290 49.3330 52.2370 55.1410 52.7420 49.8380 46.9340
15.6000 12.6960 11.4940 8.59000 8.56100 8.53200 8.52000 11.3840 12.5450 15.4490 18.2550 19.4160 20.5780 22.2680 22.8310 23.9930 25.1540 26.3160 27.4780 28.6390 31.5260 32.6870 35.5910 38.4950 41.3990 44.3030 47.2070 50.1110 53.0150 54.7690 51.8650 48.9610 46.0570 43.1530 40.2490 37.3450 34.4410 31.5370 28.6330 25.7290 22.8250 19.9210 17.0170 14.1130 11.2090 10.0070 7.10300 10.0070 12.9110 15.8150 18.7190 21.6230 24.5270 27.2630 30.1670 33.0710 35.9750 38.8790 41.7830 44.6870 47.5910 50.4950 53.3990 56.2500 53.3460 50.4420 48.0960
16.7620 15.5600 12.6560 11.4940 11.4650 11.3950 8.49100 8.48000 11.3840 14.1890 15.3510 16.5120 18.2020 19.3640 19.9270 21.0890 22.2500 23.4120 24.5740 27.4600 28.6220 31.5260 34.4300 37.3340 40.2380 43.1420 46.0460 48.9500 51.8540 53.6080 50.7040 47.8000 44.8960 41.9920 39.0880 36.1840 33.2800 30.3760 27.4720 24.5680 21.6640 18.7600 15.8560 12.9520 10.0480 7.14400 10.0070 11.1690 14.0730 16.9770 19.8810 22.7850 25.6890 28.5930 31.3280 34.2320 37.1360 40.0400 42.9440 45.8480 48.7520 51.6560 54.5600 53.4280 52.1850 49.2810 46.3770
19.6250 16.7210 15.5600 14.3980 14.3690 12.5570 11.3550 8.45100 11.3140 11.2850 12.4470 14.1370 15.2980 16.4600 17.0230 18.1850 19.3460 20.5080 23.3950 24.5560 27.4600 30.3640 33.2680 36.1720 39.0760 41.9800 44.8840 47.7880 50.6920 53.0210 50.1170 47.2130 44.3090 41.4050 38.5010 35.5970 32.6930 29.7890 26.8850 23.9810 21.0770 18.1730 15.2690 12.9810 10.0770 7.17300 10.0770 12.9810 15.2340 18.1380 21.0420 23.9460 26.8500 29.7540 32.6580 35.3940 38.2980 41.2020 43.4670 46.3710 49.2750 51.5290 53.4280 50.5240 49.3620 48.1190 45.2150
20.7870 19.6250 18.4640 17.3020 16.6220 14.2470 11.3430 8.43900 8.41000 8.38100 11.2440 11.2330 12.3940 15.2810 14.1190 15.2810 16.4420 19.3290 20.4910 23.3950 26.2990 29.2030 32.1070 35.0110 37.9150 40.8190 43.7230 46.6270 49.5310 51.8600 48.9560 46.0520 43.1480 40.2440 37.3400 34.4360 31.5320 28.6280 25.7240 22.8200 19.9160 17.0120 14.1080 11.2040 10.0420 7.17900 10.0830 12.9870 15.8910 18.7950 21.6990 24.6030 27.5070 30.4110 33.3150 35.3770 38.2400 39.4010 42.3050 45.2090 47.4630 50.3670 51.2150 49.3620 46.4580 45.2970 44.0540
