AppendixA/HikerMovements/data/dist_zigolade_1000.asc
ncols 271
nrows 294
xllcorner 698225
yllcorner 5141858
cellsize 30.00
nodata_value  224.303
[rows 116 to 144 of 294, columns 134 to 200 of 271]
31.4100 31.3280 28.4240 25.5200 22.6160 19.7120 18.5510 17.3890 16.2280 15.0660 13.1730 10.2690 7.36500 6.16200 3.25800 3.22900 3.21800 6.12200 9.02600 10.1700 9.00800 7.33600 6.17400 6.20300 7.36500 9.17700 10.3380 11.5000 14.4040 15.1240 16.2860 17.4470 18.1270 19.2880 20.4500 21.1300 21.1590 21.1880 21.2170 21.2460 20.2520 19.0910 17.9290 16.7680 15.6060 15.6350 15.6640 15.6930 16.8550 18.0160 18.6960 19.8580 21.0190 21.6990 21.7280 21.7570 21.7860 21.8150 20.3400 17.4360 14.5320 11.6280 8.72400 7.56200 4.69900 7.60300 8.80500
28.5060 28.5350 28.5640 26.6820 23.7780 22.6160 21.4550 20.2930 19.1320 17.2380 14.3340 11.4300 10.2280 7.32400 6.16200 6.09300 3.18900 6.05200 7.21400 7.26600 6.10400 6.13300 3.27000 3.29900 6.20300 6.27300 7.43400 10.3380 11.5400 12.2200 13.3820 14.5430 15.2230 16.3840 17.5460 18.2260 18.2550 18.2840 18.3130 18.3420 17.8600 16.1870 15.0250 13.8640 12.7020 12.7310 12.7600 12.7890 13.9510 15.1120 15.7920 16.9540 18.1150 18.7950 18.8240 18.8530 18.8820 18.9110 18.9400 16.2740 13.3700 10.4660 7.56200 4.65800 4.67000 7.57400 10.4780
25.6020 25.6310 25.6600 25.6890 25.7180 25.5200 24.3590 23.1970 21.3040 18.4000 15.4960 14.2930 11.3890 10.2280 8.96800 6.06400 3.16000 3.14800 6.03500 6.06400 3.20000 3.22900 3.25800 6.16200 3.34000 3.36900 6.27300 7.47500 9.28700 9.31600 10.4780 11.6390 12.3190 13.4800 14.6420 15.3220 15.3510 15.3800 15.4090 15.4380 14.9560 13.7940 12.1210 10.9600 9.79800 9.82700 9.85600 9.88500 11.0470 12.2080 12.8880 14.0500 15.2110 15.8910 15.9200 15.9490 15.9780 16.0070 16.0360 15.5540 12.6900 10.4370 7.53300 4.62900 7.53300 8.73500 11.6390
22.6980 22.7270 22.7560 22.7850 22.8140 22.8430 22.8720 22.9010 22.4650 19.5610 18.3590 15.4550 14.2930 13.0330 10.1290 7.22500 6.02300 3.11900 3.13100 3.16000 3.18900 6.09300 6.16200 7.32400 6.24400 3.38000 3.40900 6.31300 6.38300 6.41200 7.57400 9.38600 9.41500 10.5760 11.7380 12.4180 12.4470 12.4760 12.5050 12.5340 12.0520 10.8900 9.72800 8.05600 6.89400 6.92300 6.95200 6.98100 8.14300 9.95500 9.98400 11.1460 12.3070 12.9870 13.0160 13.0450 13.0740 13.1030 13.1320 12.6500 11.4880 8.62500 7.46300 4.60000 7.50400 10.4080 12.8010
19.7940 19.8230 19.8520 19.8810 19.9100 19.9390 19.9680 19.9970 21.1590 22.3200 19.5210 18.3590 17.0990 14.1950 11.2910 8.89800 5.99400 3.09000 5.95300 6.06400 6.09300 7.25400 9.06600 10.2280 7.44600 6.28400 6.31300 3.45000 3.47900 3.50800 6.41200 6.48200 6.51100 7.67200 9.48400 9.51400 9.54300 9.57200 9.60100 9.63000 9.65900 7.98600 6.82400 6.85300 3.99000 4.01900 4.04800 4.07700 6.98100 7.05100 7.08000 8.24200 10.0540 10.0830 10.1120 10.1410 10.1700 10.1990 10.2280 10.2570 8.58400 7.42300 4.55900 4.58800 7.49200 10.3960 13.3000
16.8900 16.9190 16.9480 16.9770 17.0060 17.0350 17.0640 17.0930 18.2550 19.4160 19.0730 17.9120 16.7500 15.3560 12.9630 10.0590 7.15500 5.95300 3.04900 5.91300 7.07400 9.97800 11.3200 11.5110 10.3500 9.18800 7.51600 6.35400 6.38300 6.41200 3.54900 3.57800 3.60700 6.51100 6.58000 6.61000 6.63900 6.66800 6.69700 6.72600 6.75500 6.78400 3.92000 3.94900 3.97800 6.88200 6.95200 4.08900 4.11800 4.14700 4.17600 7.08000 7.15000 7.17900 7.20800 7.23700 7.26600 7.29500 7.32400 7.35300 7.38200 4.51900 4.54800 7.45200 8.65400 11.5580 14.4620
13.9860 14.0150 14.0440 14.0730 14.1020 14.1310 14.1600 14.1890 15.3510 16.5120 17.1920 15.0080 13.8460 12.6850 11.5230 11.2210 8.82800 5.92400 3.02000 3.00900 5.91300 8.81700 11.7210 14.4150 13.2540 11.5810 10.4200 9.25800 9.28700 7.61400 6.45300 6.48200 6.51100 3.64700 3.67600 3.70600 3.73500 3.76400 3.79300 3.82200 3.85100 3.88000 3.90900 6.81300 6.88200 8.04400 8.15400 6.99300 7.02200 7.05100 7.08000 4.21700 4.24600 4.27500 4.30400 4.33300 4.36200 4.39100 4.42000 4.44900 4.47800 4.50700 7.41100 8.61300 11.5170 12.7200 15.6240
11.0820 11.1110 11.1400 11.1690 11.1980 11.2270 11.2560 11.2850 12.4470 13.6080 14.2880 13.8060 10.9420 9.78100 8.61900 8.64800 8.67700 7.00400 5.84300 2.98000 5.88400 8.78800 11.6920 14.5960 15.6470 14.4850 13.3240 12.1620 11.6800 10.5180 9.35700 9.38600 7.71300 6.55100 6.58000 6.61000 3.74600 3.77500 6.67900 6.72600 6.75500 6.78400 6.81300 7.97400 9.78600 10.9480 11.0580 9.89700 9.92600 9.95500 8.28200 7.12100 7.15000 7.17900 7.20800 7.23700 7.26600 7.29500 7.32400 7.35300 7.38200 7.41100 8.57300 11.4770 12.6790 15.5830 16.7850
8.17800 8.20700 8.23600 8.26500 8.29400 8.32300 8.35200 8.38100 9.54300 10.7040 11.3840 10.9020 9.74000 6.87700 5.71500 5.74400 5.77300 5.80200 2.93900 2.96800 5.87200 8.77600 11.6800 14.5840 17.4880 17.3890 16.2280 15.0660 14.5840 13.4220 12.2610 11.7790 10.6170 9.45500 9.48400 7.81200 6.65000 6.67900 7.84100 9.63000 9.65900 9.68800 9.71700 10.8780 12.0400 13.8520 13.9620 12.8010 12.8300 12.3480 11.1860 10.0250 10.0540 10.0830 10.1120 10.1410 10.1700 10.1990 10.2280 10.2570 10.2860 10.3150 11.4770 12.6380 15.5420 16.7440 19.6480
5.27400 5.30300 5.33200 5.36100 5.39000 5.41900 5.44800 5.47700 6.63900 8.45100 8.48000 8.50900 6.83600 5.67400 2.81100 2.84000 2.86900 2.89800 2.92700 5.83100 7.03300 9.93700 12.8410 15.7450 18.6490 20.2930 19.1320 17.9700 17.4880 16.3260 15.1650 14.6830 13.5210 12.3590 11.8770 10.7160 9.55400 9.58300 10.7450 11.9060 12.5630 12.5920 12.6210 13.7820 14.9440 16.1060 16.8660 15.7050 15.7340 15.2520 14.0900 12.9290 12.9580 12.9870 13.0160 13.0450 13.0740 13.1030 13.1320 13.1610 13.1900 13.2190 14.3810 15.5420 16.7040 19.6080 20.8100
2.37000 2.39900 2.42800 2.45700 2.48600 2.51500 2.54400 2.57300 5.47700 5.54700 5.57600 5.60500 5.63400 2.77000 2.79900 5.70300 5.77300 5.80200 2.93900 5.84300 7.04500 9.94900 12.8530 15.2460 18.1500 21.0540 22.0360 20.8740 20.3920 19.2300 18.0690 17.5870 16.4250 15.2630 14.7810 13.6200 12.4580 12.4870 13.6490 14.8100 15.4670 15.4960 15.5250 16.6860 17.8480 19.0100 19.7700 18.6090 18.6380 18.1560 16.9940 15.8330 15.8620 15.8910 15.9200 15.9490 15.9780 16.0070 16.0360 16.0650 16.0940 16.1230 17.2850 18.4460 19.6080 20.7690 23.6730
5.27400 5.30300 5.33200 5.36100 5.39000 5.41900 5.44800 2.58500 2.61400 2.64300 2.67200 2.70100 2.73000 2.75900 5.66300 6.86500 8.67700 7.00400 5.84300 2.98000 5.88400 8.78800 11.1800 14.0840 16.9880 19.3810 22.2850 23.4880 23.2960 22.1340 20.9730 20.4910 19.3290 18.1670 17.6850 16.5240 15.3620 15.3910 16.5530 17.7140 18.3710 18.4000 18.4290 19.5900 20.7520 21.9140 22.6740 21.5130 21.5420 21.0600 19.8980 18.7370 18.7660 18.7950 18.8240 18.8530 18.8820 18.9110 18.9400 18.9690 18.9980 19.0270 20.1890 21.3500 22.5120 23.6730 24.8350
8.17800 8.20700 8.23600 8.26500 8.29400 8.32300 6.65000 5.48900 5.51800 5.54700 5.57600 5.60500 5.63400 5.66300 6.82400 9.72800 10.9310 8.81700 5.91300 3.00900 5.91300 7.11500 10.0190 12.9230 15.3160 18.2200 19.4220 22.3260 23.5280 25.0380 23.8770 23.3950 22.2330 21.0710 20.5890 19.4280 18.2660 18.2950 19.4570 20.6180 21.2750 21.3040 21.3330 22.4940 23.6560 24.8180 25.5780 24.4170 24.4460 23.9640 22.8020 21.6410 21.6700 21.6990 21.7280 21.7570 21.7860 21.8150 21.8440 21.8730 21.9020 21.9310 23.0930 24.2540 25.4160 26.5770 27.7390
10.4310 11.1110 11.1400 11.1690 11.1980 10.7160 9.55400 8.39300 8.42200 8.45100 8.48000 8.50900 8.53800 8.56700 9.72800 10.8900 12.8820 9.97800 7.07400 5.91300 3.04900 5.95300 8.85700 11.2500 14.1540 15.3560 18.2600 19.4630 21.2750 22.4360 23.5980 26.2990 25.1370 23.9750 23.4930 22.3320 21.1700 21.1990 22.3610 23.5220 24.1790 24.2080 24.2370 25.3980 26.5600 27.7220 28.4820 27.3210 27.3500 26.8680 25.7060 24.5450 24.5740 24.6030 24.6320 24.6610 24.6900 24.7190 24.7480 24.7770 24.8060 24.8350 25.9970 27.1580 28.3200 29.4810 30.6430
13.3350 14.0150 14.0440 14.0730 14.1020 13.6200 12.4580 11.2970 11.3260 11.3550 11.3840 11.4130 11.4420 11.4710 12.6320 13.7940 11.8020 8.89800 5.99400 3.09000 3.07800 5.98200 7.18400 10.0880 11.2910 14.1950 15.3970 17.2090 18.3710 19.5320 22.4360 23.6390 25.4510 26.6120 26.3970 25.2360 24.0740 24.1030 25.2650 26.4260 27.0830 27.1120 27.1410 28.3020 29.4640 30.6260 31.3860 30.2250 30.2540 29.7720 28.6100 27.4490 27.4780 27.5070 27.5360 27.5650 27.5940 27.6230 27.6520 27.6810 27.7100 27.7390 28.9010 30.0620 31.2240 32.3850 33.5470
16.2390 16.9190 16.9480 16.9770 17.0060 16.5240 15.3620 14.2010 14.2300 14.2590 14.2880 14.3170 14.3460 14.3750 15.5360 15.8670 12.9630 10.0590 7.15500 5.99400 3.10700 3.11900 6.02300 7.22500 10.1290 11.3310 13.1440 14.3050 15.4670 18.3710 19.5730 21.3850 22.5470 23.7080 25.5200 26.6820 26.9780 27.0070 28.1690 29.3300 29.9870 30.0160 30.0450 31.2060 32.3680 33.5300 34.2900 33.1290 33.1580 32.6760 31.5140 30.3530 30.3820 30.4110 30.4400 30.4690 30.4980 30.5270 30.5560 30.5850 30.6140 30.6430 31.8050 32.9660 34.1280 35.2890 36.4510
18.4930 19.8230 19.8520 19.8810 19.9100 19.4280 18.2660 17.1050 17.1340 17.1630 17.1920 17.2210 17.2500 17.2790 18.4400 17.0290 14.1250 11.2210 10.0590 7.17300 6.01100 3.14800 3.16000 6.06400 7.26600 9.07800 10.2400 11.4010 14.3050 15.5070 17.3190 18.4810 19.6430 21.4550 22.6160 23.7780 26.6820 27.8840 29.6960 30.8580 31.1370 29.9750 30.0040 30.0330 31.1950 32.3560 33.5180 34.6800 35.8410 35.5800 34.4180 33.2570 33.2860 33.3150 33.3440 33.3730 33.4020 33.4310 33.4600 33.4890 33.5180 33.5470 34.7090 35.8700 37.0320 38.1930 39.3550
21.3560 22.5580 22.7560 22.7850 22.8140 22.3320 21.1700 20.0090 20.0380 20.0670 20.0960 20.1250 20.1540 20.1830 21.0950 18.1910 15.2870 14.1250 11.2380 10.0770 7.21400 6.05200 3.18900 3.20000 6.10400 6.17400 7.33600 10.2400 11.4420 13.2540 14.4150 15.5770 17.3890 18.5510 19.7120 22.6160 23.8190 25.6310 26.7920 27.9540 28.2330 27.0710 27.1000 27.1290 28.2910 29.4520 30.6140 31.7760 32.9370 34.0990 35.2600 36.1610 36.1900 36.2190 36.2480 36.2770 36.3060 36.3350 36.3640 36.3930 36.4220 36.4510 37.6130 38.7740 39.9360 41.0970 42.2590
22.5180 25.4220 25.6600 25.6890 25.7180 25.2360 24.0740 22.9130 22.9420 22.9710 23.0000 23.0290 23.0580 23.0870 22.2560 19.3520 18.1910 15.3040 14.1420 11.2790 10.1180 7.25400 6.09300 6.10400 3.24100 3.27000 6.17400 7.37600 9.18800 10.3500 11.5110 13.3240 14.4850 15.6470 18.5510 19.7530 21.5650 22.7270 23.8880 26.3510 25.3290 24.1670 24.1960 24.2250 25.3870 26.5480 27.7100 28.8720 30.0330 31.1950 32.3560 35.2600 36.4630 38.2750 39.1230 39.1520 39.2100 39.2390 39.2680 39.2970 39.3260 39.3550 40.5170 41.6780 42.8400 44.0010 45.1630
25.4220 26.5830 28.5640 28.5930 28.6220 28.1400 26.9780 25.8170 25.8460 25.8750 25.9040 25.9330 25.9620 25.9910 23.4180 22.2560 19.3700 18.2080 15.3450 14.1830 11.3200 10.1580 8.99700 7.30600 6.14500 6.17400 3.31100 6.21500 6.28400 7.44600 9.25800 10.4200 11.5810 14.4850 15.6870 17.5000 18.6610 19.8230 22.2850 23.4470 22.4250 21.2630 21.2920 21.3210 22.4830 23.6440 24.8060 25.9680 27.1290 28.2910 31.1950 32.3970 34.2090 35.3710 36.2190 36.2480 37.4090 38.5710 39.2500 39.2800 39.3090 40.4700 41.6320 42.7930 43.9550 45.1170 46.2780
28.3260 29.4870 30.6490 31.4970 31.5260 31.0440 29.8820 28.7210 28.7500 28.7790 28.8080 28.8370 28.8660 27.4830 26.3220 23.4350 22.2740 19.4100 18.2490 15.3850 14.2240 13.0620 11.3720 10.2100 9.04900 7.37600 6.21500 3.35100 3.38000 6.28400 6.35400 7.51600 10.4200 11.6220 13.4340 14.5960 15.7570 18.2200 19.3810 20.5430 19.5210 18.3590 18.3880 18.4170 19.5790 20.7400 21.9020 23.0640 24.2250 27.1290 28.3310 30.1440 31.3050 32.4670 33.3150 33.3440 34.5050 35.6670 36.3460 36.3760 36.4050 37.5660 38.7280 39.8890 41.0510 42.2130 43.3740
31.2300 32.3910 33.5530 34.4010 34.4300 33.9480 32.7860 31.6250 31.6540 31.6830 31.7120 31.7410 31.5490 30.3870 27.5010 26.3390 23.4760 22.3140 19.4510 18.2890 17.1280 15.4380 14.2760 13.1140 11.4420 10.2800 7.41700 6.25500 6.28400 3.42100 3.45000 6.35400 7.55600 9.36800 10.5300 11.6920 14.5960 15.3160 16.4770 17.6390 16.6170 15.4550 15.4840 15.5130 16.6750 17.8360 18.9980 20.1600 23.0640 24.2660 26.0780 27.2400 28.4010 30.2130 30.4110 30.4400 31.6010 32.7630 33.4420 33.4720 33.5010 34.6620 35.8240 36.9850 38.1470 39.3090 40.4700
34.1340 35.2950 36.4570 37.3050 37.3340 36.8520 35.6900 34.5290 34.5580 34.5870 34.6160 34.6450 34.4530 31.5660 30.4050 27.5420 26.3800 23.5170 22.3550 21.1930 19.5030 18.3420 17.1800 15.5070 14.3460 11.4820 10.3210 9.15900 7.48700 6.32500 6.35400 3.49100 6.39500 6.46400 7.62600 10.5300 11.7320 12.4120 13.5730 14.7350 13.7130 12.5510 12.5800 12.6090 13.7710 14.9320 16.0940 18.9980 20.2000 22.0120 23.1740 24.3360 26.1480 27.3090 27.5070 27.5360 28.6970 29.8590 30.5380 30.5680 30.5970 31.7580 32.9200 34.0810 35.2430 36.4050 37.5660
37.0380 38.1990 39.3610 40.2090 40.2380 39.7560 38.5940 37.4330 37.4620 37.4910 37.5200 37.5490 35.6320 34.4700 31.6070 30.4460 27.5820 26.4210 25.2590 23.5690 22.4070 21.2460 19.5730 18.4110 15.5480 14.3860 13.2250 11.5520 10.3910 9.22900 7.55600 6.39500 3.53100 3.56000 6.46400 7.66700 9.47900 9.50800 10.6690 11.8310 10.8090 9.64700 9.67600 9.70500 10.8670 12.0280 14.9320 16.1350 17.9470 19.1080 20.2700 22.0820 23.2440 24.4050 24.6030 24.6320 25.7930 26.9550 27.6340 27.6640 27.6930 28.8540 30.0160 31.1770 32.3390 33.5010 34.6620
39.9420 41.1030 42.2650 43.1130 43.1420 42.6600 41.4980 40.3370 40.3660 40.3950 40.4240 39.6980 38.5360 35.6730 34.5110 31.6480 30.4860 29.3250 27.6340 26.4730 25.3110 23.6390 22.4770 19.6140 18.4520 17.2900 15.6180 14.4560 13.2950 11.6220 10.4600 7.59700 6.43500 6.46400 3.60100 6.50500 6.57500 6.60400 7.76500 9.57700 7.90500 6.74300 6.77200 6.80100 7.96300 10.8670 12.0690 13.8810 15.0430 16.2040 18.0160 19.1780 20.3400 21.6700 21.6990 21.7280 22.8890 24.0510 24.7300 24.7600 24.7890 25.9500 27.1120 28.2730 29.4350 30.5970 31.7580
42.8460 44.0070 45.1690 46.0170 46.0460 45.5640 44.4020 43.2410 43.2700 43.2990 43.3280 42.6020 39.7380 38.5770 35.7130 34.5520 33.3900 31.7000 30.5380 29.3770 27.7040 26.5430 23.6790 22.5180 21.3560 19.6830 18.5220 17.3600 15.6870 14.5260 11.6620 10.5010 9.33900 6.53400 3.63000 3.64200 3.67100 3.70000 6.60400 6.67300 6.70200 3.83900 3.86800 3.89700 6.80100 8.00300 9.81600 10.9770 12.1390 13.9510 15.1120 16.2740 18.0860 18.7660 18.7950 18.8240 19.9850 21.1470 21.8260 21.8560 21.8850 23.0460 24.2080 25.3690 26.5310 27.6930 28.8540
41.1440 44.0070 45.1690 48.0320 48.9500 48.4680 47.3060 46.1450 46.1740 46.2030 46.2320 43.8040 42.6420 39.7790 38.6170 37.4560 35.7660 34.6040 33.4420 31.7700 30.6080 27.7450 26.5830 25.4220 23.7490 22.5870 21.4260 19.7530 18.5910 15.7280 14.5660 13.4050 10.6000 7.69600 6.53400 6.54600 6.57500 3.71100 3.74000 3.76900 3.79800 6.70200 6.77200 3.90900 3.93800 6.84200 6.91200 8.07300 9.88500 11.0470 12.2080 14.0210 15.1820 15.8620 15.8910 15.9200 17.0810 18.2430 18.9220 18.9520 18.9810 20.1420 21.3040 22.4650 23.6270 24.7890 26.1190
39.9420 41.1030 43.9670 45.1280 47.9920 49.1530 50.2100 49.0490 49.0780 49.1070 47.8700 46.7080 43.8450 42.6830 41.5210 39.8310 38.6700 37.5080 35.8350 34.6740 31.8100 30.6490 29.4870 27.8150 26.6530 25.4910 23.8190 22.6570 19.7940 18.6320 17.4700 14.6650 11.7610 10.6000 9.43800 9.45000 7.77700 6.61500 6.64400 6.67300 6.70200 7.86400 7.97400 6.81300 3.94900 3.97800 4.00800 6.91200 6.98100 8.14300 9.95500 11.1170 12.2780 12.9580 12.9870 13.0160 14.1770 15.3390 16.0180 16.0480 16.0770 17.2380 18.4000 19.5610 20.7230 22.0530 23.2150
37.0380 39.9010 41.0630 43.9260 45.0880 46.7780 47.9390 49.1010 51.9820 51.9350 50.7740 47.9100 46.7490 45.5870 43.8970 42.7350 41.5740 39.9010 38.7390 35.8760 34.7140 33.5530 31.8800 30.7190 29.5570 27.8840 26.7230 23.8590 22.6980 21.5360 18.7310 15.8270 14.6650 13.5040 12.3420 11.8430 10.6810 9.51900 9.54800 9.57700 9.60600 10.7680 10.8780 8.01500 6.85300 6.88200 6.91200 4.04800 4.07700 6.98100 7.05100 8.21300 10.0250 10.0540 10.0830 10.1120 11.2730 12.4350 13.1140 13.1440 13.1730 14.3340 15.4960 16.6570 18.4690 19.1490 20.3110
