AppendixA/HikerMovements/data/dist_busstop_1000.asc
ncols 271
nrows 294
xllcorner 698225
yllcorner 5141858
cellsize 30.00
nodata_value  225.622
[rows 58 to 86 of 294, columns 201 to 267 of 271]
20.0550 22.9590 25.8630 28.7670 31.6710 34.5750 37.4790 40.3830 43.2870 46.1910 49.0950 51.9990 54.9030 57.8070 60.7110 63.6150 66.5190 69.4230 72.3270 75.2310 78.1350 81.0390 83.9430 86.8470 89.7510 92.6550 95.5590 98.4630 101.367 104.271 107.175 110.079 112.983 115.887 118.791 121.695 124.599 127.503 130.407 133.311 136.215 139.119 142.023 142.749 141.587 138.724 137.562 134.699 133.538 130.674 128.607 125.703 122.799 119.895 116.991 114.087 111.183 108.279 105.375 102.471 100.217 97.3130 94.4090 93.2470 90.3840 93.2880 94.4900
20.0260 22.9300 25.8340 28.7380 31.6420 34.5460 37.4500 40.3540 43.2580 46.1620 49.0660 51.9700 54.8740 57.7780 60.6820 63.5860 66.4900 69.3940 72.2980 75.2020 78.1060 81.0100 83.9140 86.8180 89.7220 92.6260 95.5300 98.4340 101.338 104.242 107.146 110.050 112.954 115.858 118.762 121.666 124.570 127.474 130.378 133.282 136.186 139.090 141.994 144.898 142.790 141.628 138.765 137.603 134.740 132.672 129.768 126.864 123.960 121.056 118.152 115.248 112.344 109.440 106.536 104.283 101.379 98.4750 96.2210 93.3170 90.4130 90.4250 93.3290
21.1060 23.3600 26.2640 29.1680 32.0720 34.9760 37.8800 40.7840 43.5190 46.4230 49.3270 52.2310 55.1350 58.0390 60.9430 63.8470 66.7510 69.6550 72.5590 75.4630 78.3670 81.2710 84.1750 87.0790 89.9830 92.8870 95.7910 98.6950 101.599 104.503 107.407 110.311 113.215 116.119 119.023 121.927 124.831 127.735 130.639 133.543 136.447 139.351 142.255 145.159 145.694 142.830 141.669 138.805 136.738 133.834 130.930 128.026 125.122 122.218 119.314 116.410 113.506 110.602 108.348 105.444 102.540 100.287 97.3830 94.4790 93.3170 90.4540 93.3580
19.2940 22.1980 25.1020 28.0060 30.9100 33.8140 36.7180 39.4540 42.3580 45.2620 48.1660 51.0700 53.9740 56.8780 59.7820 62.6860 65.5900 68.4940 71.3980 74.3020 77.2060 80.1100 83.0140 85.9180 88.8220 91.7260 94.6300 97.5340 100.438 103.342 106.246 109.150 112.054 114.958 117.862 120.766 123.670 126.574 129.478 132.382 135.286 138.190 141.094 143.998 146.896 145.734 142.871 140.803 137.899 134.995 132.091 129.187 126.283 123.379 120.475 117.571 114.667 112.414 109.510 106.606 104.352 101.448 98.5440 96.2910 93.3870 90.4830 90.4940
18.1330 21.0370 23.9410 26.8450 29.7490 32.6530 35.3880 38.2920 41.1960 44.1000 47.0040 49.9080 52.8120 55.7160 58.6200 61.5240 64.4280 67.3320 70.2360 73.1400 76.0440 78.9480 81.8520 84.7560 87.6600 90.5640 93.4680 96.3720 99.2760 102.180 105.084 107.988 110.892 113.796 116.700 119.604 122.508 125.412 128.316 131.220 134.124 137.028 139.932 142.836 145.740 146.937 144.869 141.965 139.061 136.157 133.253 130.349 127.445 124.541 121.637 118.733 116.479 113.575 110.671 108.418 105.514 102.610 100.356 97.4520 94.5480 93.3870 93.3980
16.9710 19.8750 22.7790 25.6830 28.5870 31.3230 34.2270 37.1310 40.0350 42.9390 45.8430 48.7470 51.6510 54.5550 57.4590 60.3630 63.2670 66.1710 69.0750 71.9790 74.8830 77.7870 80.6910 83.5950 86.4990 89.4030 92.3070 95.2110 98.1150 101.019 103.923 106.827 109.731 112.635 115.539 118.443 121.347 124.251 127.155 130.059 132.963 135.867 138.771 141.675 144.579 147.483 146.031 143.127 140.223 137.319 134.415 131.511 128.607 125.703 122.799 120.545 117.641 114.737 112.484 109.580 106.676 104.422 101.518 98.6140 97.4520 96.2910 94.6010
16.9420 19.1950 22.0990 25.0030 27.2570 30.1610 33.0650 35.9690 38.8730 41.7770 44.6810 47.5850 50.4890 53.3930 56.2970 59.2010 62.1050 65.0090 67.9130 70.8170 73.7210 76.6250 79.5290 82.4330 85.3370 88.2410 91.1450 94.0490 96.9530 99.8570 102.761 105.665 108.569 111.473 114.377 117.281 120.185 123.089 125.993 128.897 131.801 134.705 137.609 140.513 143.417 146.321 147.192 144.288 141.384 138.480 135.576 132.672 129.768 126.864 124.611 121.707 118.803 116.549 113.645 110.741 108.488 105.584 102.680 101.518 100.356 98.6660 97.5050
15.1300 18.0340 20.9380 23.1910 26.0950 28.9990 31.9030 34.8070 37.7110 40.6150 43.5190 46.4230 49.3270 52.2310 55.1350 58.0390 60.9430 63.8470 66.7510 69.6550 72.5590 75.4630 78.3670 81.2710 84.1750 87.0790 89.9830 92.8870 95.7910 98.6950 101.599 104.503 107.407 110.311 113.215 116.119 119.023 121.927 124.831 127.735 130.639 133.543 136.447 139.351 142.255 145.159 148.063 145.450 142.546 139.642 136.738 133.834 130.930 128.676 125.772 122.868 120.615 117.711 114.807 112.553 109.649 106.745 105.584 104.422 102.732 101.570 100.409
13.9680 16.8720 19.1260 22.0300 24.9340 27.8380 30.7420 33.6460 36.5500 39.4540 42.3580 45.2620 48.1660 51.0700 53.9740 56.8780 59.7820 62.6860 65.5900 68.4940 71.3980 74.3020 77.2060 80.1100 83.0140 85.9180 88.8220 91.7260 94.6300 97.5340 100.438 103.342 106.246 109.150 112.054 114.958 117.862 120.766 123.670 126.574 129.478 132.382 135.286 138.190 141.094 143.998 146.902 146.611 143.707 140.803 137.899 134.995 132.742 129.838 126.934 124.680 121.776 118.872 116.619 113.715 110.811 109.649 108.488 106.798 105.636 104.474 102.802
13.8990 15.0600 17.9640 20.8680 23.7720 26.6760 29.5800 32.4840 35.3880 38.2920 41.1960 44.1000 47.0040 49.9080 52.8120 55.7160 58.6200 61.5240 64.4280 67.3320 70.2360 73.1400 76.0440 78.9480 81.8520 84.7560 87.6600 90.5640 93.4680 96.3720 99.2760 102.180 105.084 107.988 110.892 113.796 116.700 119.604 122.508 125.412 128.316 131.220 134.124 137.028 139.932 142.836 145.740 147.773 144.869 141.965 139.061 136.807 133.903 130.999 128.746 125.842 122.938 120.684 117.780 114.876 113.715 112.553 110.863 109.702 108.540 106.867 105.706
10.9950 13.8990 16.8030 19.7070 22.6110 25.5150 28.4190 31.3230 34.2270 37.1310 40.0350 42.9390 45.8430 48.7470 51.6510 54.5550 57.4590 60.3630 63.2670 66.1710 69.0750 71.9790 74.8830 77.7870 80.6910 83.5950 86.4990 89.4030 92.3070 95.2110 98.1150 101.019 103.923 106.827 109.731 112.635 115.539 118.443 121.347 124.251 127.155 130.059 132.963 135.867 138.771 141.675 144.579 147.483 146.031 143.127 140.873 137.969 135.065 132.812 129.908 127.004 124.750 121.846 118.942 117.780 116.619 114.929 113.767 112.606 110.933 109.771 108.610
10.9660 13.8700 16.7740 19.0270 21.9310 24.8350 27.7390 30.6430 33.5470 36.4510 39.3550 42.2590 45.1630 48.0670 50.9710 53.8750 56.7790 59.6830 62.5870 65.4910 68.3950 71.2990 74.2030 77.1070 80.0110 82.9150 85.8190 88.7230 91.6270 94.5310 97.4350 100.339 103.243 106.147 109.051 111.955 114.859 117.763 120.667 123.571 126.475 129.379 132.283 135.187 138.091 140.995 143.899 146.803 147.192 144.939 142.035 139.131 136.877 133.973 131.069 128.816 125.912 123.008 121.846 120.684 118.994 117.833 116.671 114.998 113.837 112.675 111.514
10.9360 13.8000 14.9610 17.8650 20.7690 23.6730 26.5770 29.4810 32.3850 35.2890 38.1930 41.0970 44.0010 46.9050 49.8090 52.7130 55.6170 58.5210 61.4250 64.3290 67.2330 70.1370 73.0410 75.9450 78.8490 81.7530 84.6570 87.5610 90.4650 93.3690 96.2730 99.1770 102.081 104.985 107.889 110.793 113.697 116.601 119.505 122.409 125.313 128.217 131.121 134.025 136.929 139.833 142.737 145.641 148.545 146.100 143.196 140.943 138.039 135.135 132.881 129.977 127.073 125.912 124.750 123.060 121.898 120.737 119.064 117.902 116.741 115.579 114.418
13.8000 10.8960 13.8000 16.7040 19.6080 22.5120 25.4160 28.3200 31.2240 34.1280 37.0320 39.9360 42.8400 45.7440 48.6480 51.5520 54.4560 57.3600 60.2640 63.1680 66.0720 68.9760 71.8800 74.7840 77.6880 80.5920 83.4960 86.4000 89.3040 92.2080 95.1120 98.0160 100.920 103.824 106.728 109.632 112.536 115.440 118.344 121.248 124.152 127.056 129.960 132.864 135.768 138.672 141.576 144.480 147.384 147.262 145.008 142.104 139.200 136.947 134.043 131.139 129.977 128.816 127.126 125.964 124.802 123.130 121.968 120.806 119.645 118.483 117.322
13.7710 10.8670 13.7710 16.6750 19.5790 22.4830 25.3870 28.2910 31.1950 34.0990 37.0030 39.9070 42.8110 45.7150 48.6190 51.5230 54.4270 57.3310 60.2350 63.1390 66.0430 68.9470 71.8510 74.7550 77.6590 80.5630 83.4670 86.3710 89.2750 92.1790 95.0830 97.9870 100.891 103.795 106.699 109.603 112.507 115.411 118.315 121.219 124.123 127.027 129.931 132.835 135.739 138.643 141.547 144.451 147.355 149.074 146.170 143.266 141.012 138.108 135.204 134.043 132.881 131.191 130.030 128.868 127.195 126.034 124.872 123.710 122.549 121.387 120.226
13.7420 10.8380 13.7420 16.6460 19.5500 22.4540 25.3580 28.2620 31.1660 34.0700 36.9740 39.8780 42.7820 45.6860 48.5900 51.4940 54.3980 57.3020 60.2060 63.1100 66.0140 68.9180 71.8220 74.7260 77.6300 80.5340 83.4380 86.3420 89.2460 92.1500 95.0540 97.9580 100.862 103.766 106.670 109.574 112.478 115.382 118.286 121.190 124.094 126.998 129.902 132.806 135.710 138.614 141.518 144.422 147.326 150.230 147.332 145.078 142.174 139.270 138.108 136.947 135.257 134.095 132.934 131.261 130.099 128.938 127.776 126.614 125.453 124.291 123.130
13.7130 10.8090 13.7130 16.6170 19.5210 22.4250 25.3290 28.2330 31.1370 34.0410 36.9450 39.8490 42.7530 45.6570 48.5610 51.4650 54.3690 57.2730 60.1770 63.0810 65.9850 68.8890 71.7930 74.6970 77.6010 80.5050 83.4090 86.3130 89.2170 92.1210 95.0250 97.9290 100.833 103.737 106.641 109.545 112.449 115.353 118.257 121.161 124.065 126.969 129.873 132.777 135.681 138.585 141.489 144.393 147.297 150.201 149.144 146.240 143.336 142.174 141.012 139.322 138.161 136.999 135.326 134.165 133.003 131.842 130.680 129.518 128.357 127.195 126.034
13.6840 10.7800 13.6840 16.5880 19.4920 22.3960 25.3000 28.2040 31.1080 34.0120 36.9160 39.8200 42.7240 45.6280 48.5320 51.4360 54.3400 57.2440 60.1480 63.0520 65.9560 68.8600 71.7640 74.6680 77.5720 80.4760 83.3800 86.2840 89.1880 92.0920 94.9960 97.9000 100.804 103.708 106.612 109.516 112.420 115.324 118.228 121.132 124.036 126.940 129.844 132.748 135.652 138.556 141.460 144.364 147.268 150.172 150.305 147.401 146.240 145.078 143.388 142.226 141.065 139.392 138.230 137.069 135.907 134.746 133.584 132.422 131.261 130.099 128.938
13.6140 10.7510 13.6550 16.5590 19.4630 22.3670 25.2710 28.1750 31.0790 33.9830 36.8870 39.7910 42.6950 45.5990 48.5030 51.4070 54.3110 57.2150 60.1190 63.0230 65.9270 68.8310 71.7350 74.6390 77.5430 80.4470 83.3510 86.2550 89.1590 92.0630 94.9670 97.8710 100.775 103.679 106.583 109.487 112.391 115.295 118.199 121.103 124.007 126.911 129.815 132.719 135.623 138.527 141.431 144.335 147.239 150.143 151.467 150.305 149.144 147.454 146.292 145.130 143.458 142.296 141.134 139.973 138.811 137.650 136.488 135.326 134.165 133.003 131.842
10.7100 13.6140 14.8160 17.7200 20.6240 23.5280 26.4320 29.3360 32.2400 35.1440 38.0480 40.9520 43.8560 46.7600 49.6640 52.5680 55.4720 58.3760 61.2800 64.1840 67.0880 69.9920 72.8960 75.8000 78.7040 81.6080 84.5120 87.4160 90.3200 93.2240 96.1280 99.0320 101.936 104.840 107.744 110.648 113.552 116.456 119.360 122.264 125.168 128.072 130.976 133.880 136.784 139.688 142.592 145.496 148.400 151.304 154.208 153.209 151.519 150.358 149.196 147.523 146.362 145.200 144.038 142.877 141.715 140.554 139.392 138.230 137.069 135.907 134.746
13.5730 14.7760 17.6800 18.8820 21.7860 24.6900 27.5940 30.4980 33.4020 36.3060 39.2100 42.1140 45.0180 47.9220 50.8260 53.7300 56.6340 59.5380 62.4420 65.3460 68.2500 71.1540 74.0580 76.9620 79.8660 82.7700 85.6740 88.5780 91.4820 94.3860 97.2900 100.194 103.098 106.002 108.906 111.810 114.714 117.618 120.522 123.426 126.330 129.234 132.138 135.042 137.946 140.850 143.754 146.658 149.562 152.466 155.370 155.585 154.423 153.262 151.589 150.427 149.266 148.104 146.942 145.781 144.619 143.458 142.296 141.134 139.973 138.811 137.650
14.7350 17.6390 18.8410 21.7450 22.9470 25.8510 28.7550 31.6590 34.5630 37.4670 40.3710 43.2750 46.1790 49.0830 51.9870 54.8910 57.7950 60.6990 63.6030 66.5070 69.4110 72.3150 75.2190 78.1230 81.0270 83.9310 86.8350 89.7390 92.6430 95.5470 98.4510 101.355 104.259 107.163 110.067 112.971 115.875 118.779 121.683 124.587 127.491 130.395 133.299 136.203 139.107 142.011 144.915 147.819 150.723 153.627 156.531 158.489 157.327 155.654 154.493 153.331 152.170 151.008 149.846 148.685 147.523 146.362 145.200 144.038 142.877 141.715 140.554
16.4080 18.8000 21.7040 22.9070 25.8110 27.0130 29.9170 32.8210 35.7250 38.6290 41.5330 44.4370 47.3410 50.2450 53.1490 56.0530 58.9570 61.8610 64.7650 67.6690 70.5730 73.4770 76.3810 79.2850 82.1890 85.0930 87.9970 90.9010 93.8050 96.7090 99.6130 102.517 105.421 108.325 111.229 114.133 117.037 119.941 122.845 125.749 128.653 131.557 134.461 137.365 140.269 143.173 146.077 148.981 151.885 154.789 157.693 160.597 159.720 158.558 157.397 156.235 155.074 153.912 152.750 151.589 150.427 149.266 148.104 146.942 145.781 144.619 143.458
17.5690 20.4730 22.8660 25.7700 26.9720 29.8760 31.0790 33.9830 36.8870 39.7910 42.6950 45.5990 48.5030 51.4070 54.3110 57.2150 60.1190 63.0230 65.9270 68.8310 71.7350 74.6390 77.5430 80.4470 83.3510 86.2550 89.1590 92.0630 94.9670 97.8710 100.775 103.679 106.583 109.487 112.391 115.295 118.199 121.103 124.007 126.911 129.815 132.719 135.623 138.527 141.431 144.335 147.239 150.143 153.047 155.951 158.855 161.759 162.624 161.462 160.301 159.139 157.978 156.816 155.654 154.493 153.331 152.170 151.008 149.846 148.685 147.523 146.362
18.7310 21.6350 24.5390 26.9320 29.8360 31.0380 33.9420 35.1440 38.0480 40.9520 43.8560 46.7600 49.6640 52.5680 55.4720 58.3760 61.2800 64.1840 67.0880 69.9920 72.8960 75.8000 78.7040 81.6080 84.5120 87.4160 90.3200 93.2240 96.1280 99.0320 101.936 104.840 107.744 110.648 113.552 116.456 119.360 122.264 125.168 128.072 130.976 133.880 136.784 139.688 142.592 145.496 148.400 151.304 154.208 157.112 160.016 162.920 165.528 164.366 163.205 162.043 160.882 159.720 158.558 157.397 156.235 155.074 153.912 152.750 151.589 150.427 149.266
21.5940 22.7960 25.7000 28.6040 30.5730 33.4770 35.1040 38.0080 39.2100 42.1140 45.0180 47.9220 50.8260 53.7300 56.6340 59.5380 62.4420 65.3460 68.2500 71.1540 74.0580 76.9620 79.8660 82.7700 85.6740 88.5780 91.4820 94.3860 97.2900 100.194 103.098 106.002 108.906 111.810 114.714 117.618 120.522 123.426 126.330 129.234 132.138 135.042 137.946 140.850 143.754 146.658 149.562 152.466 155.370 158.274 161.178 164.082 166.986 167.270 166.109 164.947 163.786 162.624 161.462 160.301 159.139 157.978 156.816 155.654 154.493 153.331 152.170
21.3620 24.1850 25.3460 26.5080 29.4120 32.3160 35.2200 38.1240 41.0280 43.2750 46.1790 49.0830 51.9870 54.8910 57.7950 60.6990 63.6030 66.5070 69.4110 72.3150 75.2190 78.1230 81.0270 83.9310 86.8350 89.7390 92.6430 95.5470 98.4510 101.355 104.259 107.163 110.067 112.971 115.875 118.779 121.683 124.587 127.491 130.395 133.299 136.203 139.107 142.011 144.915 147.819 150.723 153.627 156.531 159.435 162.339 165.243 168.147 170.174 169.013 167.851 166.690 165.528 164.366 163.205 162.043 160.882 159.720 158.558 157.397 156.235 155.074
20.1190 21.2810 22.4420 25.3460 28.2500 31.1540 34.0580 36.9620 39.8660 42.7700 45.6740 48.5780 51.4820 54.3860 57.2900 60.1940 63.0980 66.0020 68.9060 71.8100 74.7140 77.6180 80.5220 83.4260 86.3300 89.2340 92.1380 95.0420 97.9460 100.850 103.754 106.658 109.562 112.466 115.370 118.274 121.178 124.082 126.986 129.890 132.794 135.698 138.602 141.506 144.410 147.314 150.218 153.122 156.026 158.930 161.834 164.738 167.642 170.546 171.917 170.755 169.594 168.432 167.270 166.109 164.947 163.786 162.624 161.462 160.301 159.139 157.978
17.2150 18.3770 21.2810 24.1850 27.0890 29.9930 32.8970 35.8010 38.7050 41.6090 44.5130 47.4170 50.3210 53.2250 56.1290 59.0330 61.9370 64.8410 67.7450 70.6490 73.5530 76.4570 79.3610 82.2650 85.1690 88.0730 90.9770 93.8810 96.7850 99.6890 102.593 105.497 108.401 111.305 114.209 117.113 120.017 122.921 125.825 128.729 131.633 134.537 137.441 140.345 143.249 146.153 149.057 151.961 154.865 157.769 160.673 163.577 166.481 169.385 172.289 173.659 172.498 171.336 170.174 169.013 167.851 166.690 165.528 164.366 163.205 162.043 160.882
