AppendixA/HikerMovements/data/dist_gardeccia_1000.asc
ncols 271
nrows 294
xllcorner 698225
yllcorner 5141858
cellsize 30.00
nodata_value  224.692
[rows 203 to 231 of 294, columns 201 to 267 of 271]
26.7920 27.9540 29.1160 30.2770 31.4390 33.2510 34.4120 35.5740 37.3860 38.5480 39.7090 41.0220 38.7680 35.8640 32.9600 31.7990 28.9350 27.7740 26.6120 25.4510 24.2890 22.7150 19.8110 16.9070 14.6540 11.7500 8.84600 7.68400 4.82100 7.72500 7.79400 8.95600 11.8600 13.0620 15.9660 18.8700 21.2630 24.1670 25.3690 27.1810 28.3430 29.5050 31.3170 32.4780 33.6400 36.5440 39.4480 42.3520 45.2560 48.1600 49.1590 47.9970 46.8360 45.6740 44.5130 43.3510 42.1890 41.0280 39.8660 39.8950 41.0570 42.2180 43.3800 44.5420 45.7030 46.8650 48.0260
23.8880 25.0500 26.2120 27.3730 29.1850 30.3470 31.5080 33.3200 34.4820 35.6440 38.5480 39.7500 39.9300 37.0260 35.8640 33.0010 31.8390 30.6780 29.5160 28.3550 26.7810 23.8770 20.9730 18.7190 15.8150 12.9110 11.7500 8.88600 7.72500 4.86100 4.89000 7.79400 8.99700 11.9010 14.8050 17.1970 20.1010 21.3040 23.1160 24.2770 25.4390 27.2510 28.4130 29.5740 32.4780 35.3820 38.2860 41.1900 44.0940 46.9980 49.9020 50.9010 49.7400 48.5780 47.4170 46.2550 45.0930 43.9320 42.7700 42.7990 43.9610 45.1220 46.2840 47.4460 48.6070 49.7690 50.9300
20.9840 22.1460 23.3080 25.1200 26.2810 27.4430 29.2550 30.4160 31.5780 34.4820 35.6840 38.5880 41.0920 39.9300 37.0670 35.9050 34.7430 33.5820 32.4200 30.8460 27.9420 25.0380 22.7850 19.8810 16.9770 15.8150 12.9520 11.7900 8.92700 7.76500 7.79400 4.93100 7.83500 10.7390 13.1320 16.0360 17.2380 19.0500 20.2120 21.3730 23.1860 24.3470 25.5090 28.4130 31.3170 34.2210 37.1250 40.0290 42.9330 45.8370 48.7410 51.6450 52.6440 51.4820 50.3210 49.1590 47.9970 46.8360 45.6740 45.7030 46.8650 48.0260 49.1880 50.3500 51.5110 52.6730 53.8340
18.0800 19.2420 21.0540 22.2160 23.3770 25.1890 26.3510 27.5120 30.4160 31.6190 34.5230 37.4270 39.8020 41.1320 39.9710 38.8090 37.6470 36.4860 34.9120 32.0080 29.1040 26.8500 23.9460 21.0420 19.8810 17.0170 15.8560 12.9920 11.8310 10.6690 7.86400 4.96000 7.86400 9.06600 11.9700 13.1730 14.9850 16.1460 17.3080 19.1200 20.2820 21.4430 24.3470 27.2510 30.1550 33.0590 35.9630 38.8670 41.7710 44.6750 47.5790 50.4830 53.3870 54.3860 53.2250 52.0630 50.9010 49.7400 48.5780 48.6070 49.7690 50.9300 52.0920 53.2540 54.4150 55.5770 56.7380
15.1760 16.9880 18.1500 19.3120 21.1240 22.2850 23.4470 26.3510 27.5530 30.4570 33.3610 35.7370 38.6410 41.5450 42.8750 41.7130 40.5510 38.9770 36.0730 33.1690 30.9160 28.0120 25.1080 23.9460 21.0830 19.9210 17.0580 15.8960 14.7350 11.9300 9.02600 7.86400 5.00100 7.90500 9.10700 10.9190 12.0810 13.2420 15.0540 16.2160 17.3780 20.2820 23.1860 26.0900 28.9940 31.8980 34.8020 37.7060 40.6100 43.5140 46.4180 49.3220 52.2260 55.1300 56.1290 54.9670 53.8050 52.6440 51.4820 51.5110 52.6730 53.8340 54.9960 56.1580 57.3190 58.4810 59.6420
12.9230 14.0840 15.2460 17.0580 18.2200 19.3810 22.2850 23.4880 26.3920 29.2960 31.6710 34.5750 37.4790 40.3830 43.2870 44.6170 43.0430 40.1390 37.2350 34.9820 32.0780 29.1740 28.0120 25.1490 23.9870 21.1240 19.9620 18.8000 15.9950 13.0910 11.9300 9.06600 7.90500 5.04100 7.94500 8.01500 9.17700 10.9890 12.1500 13.3120 16.2160 19.1200 22.0240 24.9280 27.8320 30.7360 33.6400 36.5440 39.4480 42.3520 45.2560 48.1600 51.0640 53.9680 56.8720 57.8710 56.7090 55.5480 54.3860 54.4150 55.5770 56.7380 57.9000 59.0620 60.2230 61.3850 62.5460
10.0190 11.1800 12.9920 14.1540 15.3160 18.2200 19.4220 22.3260 25.2300 27.6050 30.5090 33.4130 36.3170 39.2210 42.1250 43.4900 42.3290 41.1670 39.0470 36.1430 33.2390 32.0780 29.2140 28.0530 25.1890 24.0280 22.8660 20.0610 17.1570 15.9950 13.1320 11.9700 9.10700 7.94500 5.08200 5.11100 8.01500 8.08500 9.24600 12.1500 15.0540 17.9580 20.8620 23.7660 26.6700 29.5740 32.4780 35.3820 38.2860 41.1900 44.0940 46.9980 49.9020 52.8060 55.7100 58.6140 59.6130 58.4520 57.2900 57.3190 58.4810 59.6420 60.8040 61.9660 63.1270 64.2890 65.4500
7.11500 10.0190 10.0880 11.2500 14.1540 15.3560 18.2600 21.1640 23.5400 26.4440 29.3480 32.2520 35.1560 38.0600 40.9640 40.5860 39.4250 38.2630 37.1020 35.9400 34.7780 33.2800 32.1180 29.2550 28.0930 26.9320 24.1260 21.2220 20.0610 17.1970 16.0360 13.1730 12.0110 9.14800 7.98600 8.01500 5.15200 5.18100 8.08500 10.9890 13.8930 16.7970 19.7010 22.6050 25.5090 28.4130 31.3170 34.2210 37.1250 40.0290 42.9330 45.8370 48.7410 51.6450 54.5490 57.4530 60.3570 61.3560 60.1940 60.2230 61.3850 62.5460 63.7080 64.8700 66.0310 67.1930 68.3540
7.12600 7.15500 7.18400 10.0880 11.2910 14.1950 17.0990 19.4740 22.3780 25.2820 28.1860 31.0900 33.9940 36.8980 39.1870 38.0250 36.5210 35.3590 34.1980 33.0360 31.8740 30.7130 29.5510 28.3900 28.4190 28.1920 25.2880 24.1260 21.2630 20.1010 17.2380 16.0770 13.2130 12.0520 10.8900 9.21700 8.05600 8.08500 9.24600 12.1500 15.0540 17.9580 20.8620 23.7660 26.6700 29.5740 32.4780 35.3820 38.2860 41.1900 44.0940 46.9980 49.9020 52.8060 55.7100 58.6140 61.5180 64.2600 63.0980 63.1270 64.2890 65.4500 66.6120 67.7740 68.9350 70.0970 71.2580
10.0300 10.0590 7.19600 7.22500 10.1290 13.0330 15.4090 18.3130 21.2170 24.1210 27.0250 29.9290 32.8330 35.7370 36.2830 35.1210 33.9590 32.4550 31.2940 30.1320 28.9700 27.8090 26.6470 25.4860 25.5150 25.5440 25.5730 25.3290 24.1670 21.3040 20.1420 17.2790 16.1170 14.9560 13.2830 12.1210 10.9600 10.9890 12.1500 13.3120 16.2160 19.1200 22.0240 24.9280 27.8320 30.7360 33.6400 36.5440 39.4480 42.3520 45.2560 48.1600 51.0640 53.9680 56.8720 59.7760 62.6800 65.5840 66.0020 66.0310 67.1930 68.3540 69.5160 70.6780 71.8390 73.0010 74.1620
12.9340 11.2620 10.1000 7.23700 10.1410 11.3430 14.2470 17.1510 20.0550 22.9590 25.8630 28.7670 31.6710 33.6690 33.3790 32.2170 31.0550 30.0620 28.3900 27.2280 26.0660 24.9050 23.7430 22.5820 22.6110 22.6400 22.6690 22.6980 22.7270 23.8880 21.3440 20.1830 19.0210 17.3480 16.1870 15.0250 13.8640 13.8930 15.0540 16.2160 17.3780 20.2820 23.1860 26.0900 28.9940 31.8980 34.8020 37.7060 40.6100 43.5140 46.4180 49.3220 52.2260 55.1300 58.0340 60.9380 63.8420 66.7460 68.9060 68.9350 70.0970 71.2580 72.4200 73.5820 74.7430 73.2620 72.1010
15.3270 13.0740 10.1700 7.26600 7.27700 10.1810 13.0850 15.9890 18.8930 21.7970 24.7010 27.6050 29.6030 30.7650 30.4750 29.3130 28.1510 27.1580 25.9970 24.3240 23.1620 22.0010 20.8390 19.6780 19.7070 19.7360 19.7650 19.7940 19.8230 20.9840 22.1460 23.0870 21.4140 20.2520 19.0910 17.9290 16.7680 16.7970 17.9580 19.1200 20.2820 21.4430 24.3470 27.2510 30.1550 33.0590 35.9630 38.8670 41.7710 44.6750 47.5790 50.4830 53.3870 56.2910 59.1950 62.0990 65.0030 67.9070 70.8110 68.9470 68.9760 69.0050 71.9090 72.0020 72.0310 72.0600 69.1970
16.0070 13.1030 10.1990 7.29500 10.1810 11.3430 14.2470 17.1510 19.6020 22.5060 24.3760 25.5380 26.6990 27.8610 27.5710 26.4090 25.2470 24.2540 23.0930 21.9310 20.2580 19.0970 17.9350 16.7740 16.8030 16.8320 16.8610 16.8900 16.9190 18.0800 19.2420 20.4040 23.3080 23.1560 21.9950 20.8330 19.6720 19.7010 20.8620 22.0240 23.1860 24.3470 25.5090 28.4130 31.3170 34.2210 37.1250 40.0290 42.9330 45.8370 48.7410 51.6450 54.5490 57.4530 60.3570 63.2610 66.1650 69.0690 71.9730 71.8510 71.8800 69.0160 71.9200 69.0980 69.1270 69.1560 69.1850
16.0360 13.1320 10.2280 7.32400 7.33600 10.2400 13.1440 15.5360 18.4400 20.3110 21.4720 22.6340 23.7950 25.8280 24.6670 23.5050 22.3430 21.8610 20.1890 19.0270 17.8650 16.1930 15.0310 13.8700 13.8990 13.9280 13.9570 13.9860 14.0150 15.1760 16.3380 19.2420 22.1460 25.0500 24.8990 23.7370 22.5760 22.6050 23.7660 24.9280 26.0900 27.2510 28.4130 29.5740 32.4780 35.3820 38.2860 41.1900 44.0940 46.9980 49.9020 52.8060 55.7100 58.6140 61.5180 64.4220 67.3260 70.2300 73.1340 74.7550 73.0820 71.9200 69.0570 71.9610 72.0310 69.1670 69.1970
17.1970 14.2930 11.3890 10.2280 7.36500 10.2690 11.4710 14.3750 16.2450 17.4070 18.5680 19.7300 22.6340 22.9240 21.7630 20.6010 19.4390 18.9570 17.7960 16.1230 14.9610 13.8000 12.1270 10.9660 10.9950 11.0240 11.0530 11.0820 11.1110 12.2720 15.1760 18.0800 20.9840 23.8880 26.7920 26.6410 25.4800 25.5090 26.6700 27.8320 28.9940 30.1550 31.3170 32.4780 33.6400 36.5440 39.4480 42.3520 45.2560 48.1600 51.0640 53.9680 56.8720 59.7760 62.6800 65.5840 68.4880 71.3920 74.2960 77.1480 75.9860 73.1230 71.9610 73.1230 72.1010 69.1970 72.1010
17.3080 14.4040 11.5000 10.2980 7.39400 7.40500 10.3090 13.2130 13.3410 14.5030 15.6640 18.5680 19.7700 20.0200 18.8590 17.6970 16.5350 16.0530 14.8920 13.7300 12.0570 10.8960 10.9250 8.06200 8.09100 8.12000 8.14900 8.17800 8.20700 11.1110 14.0150 16.9190 19.8230 22.7270 25.6310 28.5350 28.3840 28.4130 29.5740 30.7360 31.8980 33.0590 34.2210 35.3820 36.5440 37.7060 40.6100 43.5140 46.4180 49.3220 52.2260 55.1300 58.0340 60.9380 63.8420 66.7460 69.6500 72.5540 75.4580 78.3620 77.1880 76.0270 74.8650 75.0340 72.1300 69.2260 72.1300
16.1460 13.2420 10.3380 7.43400 7.42300 7.43400 10.3380 10.4080 10.4370 11.5990 14.5030 15.7050 18.6090 18.8180 15.9550 14.7930 13.6310 13.6600 11.9880 10.8260 10.8550 7.99200 8.02100 10.9250 10.9950 11.0240 11.0530 11.0820 11.1110 12.2720 15.1760 18.0800 20.9840 23.8880 26.7920 29.6960 31.2880 31.3170 32.4780 33.6400 34.8020 35.9630 37.1250 38.2860 39.4480 40.6100 41.7710 44.6750 47.5790 50.4830 53.3870 56.2910 59.1950 62.0990 65.0030 67.9070 70.8110 73.7150 76.6190 79.5230 80.0920 78.9310 77.7690 75.0630 72.1590 69.2550 72.1590
17.3080 14.4040 11.5000 10.3380 7.45200 7.46300 7.47500 7.50400 7.53300 10.4370 11.6390 14.5430 15.7450 15.9140 14.7520 11.8890 10.7270 10.7560 10.7850 7.92200 7.95100 10.8550 10.9250 12.0860 13.8990 13.9280 13.9570 13.9860 14.0150 15.1760 16.3380 19.2420 22.1460 25.0500 27.9540 30.8580 33.7620 34.2210 35.3820 36.5440 37.7060 38.8670 40.0290 41.1900 42.3520 43.5140 44.6750 45.8370 48.7410 51.6450 54.5490 57.4530 60.3570 63.2610 66.1650 69.0690 71.9730 74.8770 77.7810 80.6850 82.9960 81.8350 79.1280 76.2240 73.3200 72.1590 69.2950
18.4690 15.5650 14.4040 11.5170 10.3560 10.3670 10.3790 10.4080 10.4370 7.57400 10.4780 11.6800 13.4920 13.5210 11.8480 10.6870 7.82300 7.85200 7.88100 10.7850 10.8550 12.0170 13.8290 14.9900 16.1520 16.8320 16.8610 16.8900 16.9190 18.0800 19.2420 20.4040 23.3080 26.2120 29.1160 32.0200 34.9240 37.1250 38.2860 39.4480 40.6100 41.7710 42.9330 44.0940 45.2560 46.4180 47.5790 48.7410 49.9020 52.8060 55.7100 58.6140 61.5180 64.4220 67.3260 70.2300 73.1340 76.0380 78.9420 81.8460 84.7500 83.1940 80.2900 77.3860 75.1320 72.2280 69.3240
19.6310 18.4690 15.5830 14.4210 13.2600 13.2710 13.2830 13.3120 11.6390 10.4780 7.61400 10.5180 10.5880 10.6170 10.6460 7.78300 7.81200 10.7160 10.7850 11.9470 13.7590 14.9210 16.0820 17.8940 19.0560 19.7360 19.7650 19.7940 19.8230 20.9840 22.1460 23.3080 24.4690 27.3730 30.2770 33.1810 36.0850 38.9890 41.1900 42.3520 43.5140 44.6750 45.8370 46.9980 48.1600 49.3220 50.4830 51.6450 52.8060 53.9680 56.8720 59.7760 62.6800 65.5840 68.4880 71.3920 74.2960 77.2000 80.1040 83.0080 85.9120 83.8730 80.9690 78.0650 75.1610 72.2570 69.3530
22.5350 19.6480 18.4870 17.3250 16.1640 16.1750 16.1870 15.7050 14.5430 11.6800 10.5180 7.65500 7.68400 7.71300 7.74200 10.6460 10.7160 11.8770 13.6890 14.8510 16.0130 17.8250 18.9860 20.1480 21.9600 22.6400 22.6690 22.6980 22.7270 23.8880 25.0500 26.2120 27.3730 28.5350 31.4390 34.3430 37.2470 40.1510 43.0550 45.2560 46.4180 47.5790 48.7410 49.9020 51.0640 52.2260 53.3870 54.5490 55.7100 56.8720 58.0340 60.9380 63.8420 66.7460 69.6500 72.5540 75.4580 78.3620 81.2660 84.1700 86.8060 83.9020 80.9980 78.0940 75.1900 72.2860 69.3820
23.7140 22.5520 21.3910 20.2290 19.0680 19.0790 19.0910 18.6090 15.7450 14.5840 11.7210 10.5590 10.5880 10.6170 10.6460 11.8080 13.6200 14.7810 15.9430 17.7550 18.9170 20.0780 21.8900 23.0520 24.2140 25.5440 25.5730 25.6020 25.6310 26.7920 27.9540 29.1160 30.2770 31.4390 32.6000 35.5040 38.4080 41.3120 44.2160 47.1200 49.3220 50.4830 51.6450 52.8060 53.9680 55.1300 56.2910 57.4530 58.6140 59.7760 60.9380 62.0990 65.0030 67.9070 70.8110 73.7150 76.6190 79.5230 82.4270 85.3310 86.8350 83.9310 81.0270 78.1230 75.2190 72.3150 69.4110
26.6180 25.4560 24.2950 23.1330 21.9720 21.9830 21.9950 19.8110 18.6490 15.7860 14.6250 13.4630 13.4920 13.5210 13.5500 14.7120 15.8730 17.6850 18.8470 20.0090 21.8210 22.9820 24.1440 25.9560 27.1180 28.2790 28.4770 28.5060 28.5350 29.6960 30.8580 32.0200 33.1810 34.3430 35.5040 36.6660 39.5700 42.4740 45.3780 48.2820 51.1860 53.3870 54.5490 55.7100 56.8720 58.0340 59.1950 60.3570 61.5180 62.6800 63.8420 65.0030 66.1650 69.0690 71.9730 74.8770 77.7810 80.6850 83.5890 86.4930 86.8640 83.9600 81.0560 78.1520 75.2480 72.3440 69.4400
29.5220 28.3600 27.1990 26.0370 24.8760 24.8870 23.8770 22.7150 19.8520 18.6900 17.5290 16.3670 16.3960 16.4250 16.4540 17.6160 18.7770 19.9390 21.7510 22.9130 24.0740 25.8860 27.0480 28.2090 30.0220 31.1830 31.3810 31.4100 31.4390 32.6000 33.7620 34.9240 36.0850 37.2470 38.4080 39.5700 40.7320 43.6360 46.5400 49.4440 52.3480 55.2520 57.4530 58.6140 59.7760 60.9380 62.0990 63.2610 64.4220 65.5840 66.7460 67.9070 69.0690 70.2300 73.1340 76.0380 78.9420 81.8460 84.7500 87.6540 86.8930 83.9890 81.0850 78.1810 75.2770 72.3730 69.4690
32.4260 31.2640 30.1030 28.9410 27.7800 27.7910 26.7810 23.9170 22.7560 21.5940 20.4330 19.2710 19.3000 19.3290 19.3580 20.5200 21.6810 22.8430 24.0040 25.8170 26.9780 28.1400 29.9520 31.1130 32.2750 34.0870 34.2850 34.3140 34.3430 35.5040 36.6660 37.8280 38.9890 40.1510 41.3120 42.4740 43.6360 44.7970 47.7010 50.6050 53.5090 56.4130 59.3170 61.5180 62.6800 63.8420 65.0030 66.1650 67.3260 68.4880 69.6500 70.8110 71.9730 73.1340 74.2960 77.2000 80.1040 83.0080 85.9120 88.8160 86.9230 84.0190 81.1150 78.2110 75.3070 72.4030 69.4990
35.3300 34.1680 33.0070 31.8450 30.6840 30.6950 27.9830 26.8210 25.6600 24.4980 23.3370 22.1750 22.2040 22.2330 22.2620 23.4240 24.5850 25.7470 26.9080 28.0700 29.8820 31.0440 32.2050 34.0170 35.1790 36.3410 37.1890 37.2180 37.2470 38.4080 39.5700 40.7320 41.8930 43.0550 44.2160 45.3780 46.5400 47.7010 48.8630 51.7670 54.6710 57.5750 60.4790 63.3830 65.5840 66.7460 67.9070 69.0690 70.2300 71.3920 72.5540 73.7150 74.8770 76.0380 77.2000 78.3620 81.2660 84.1700 87.0740 89.9780 88.0840 85.1800 82.2760 79.3720 76.4680 73.5640 72.4030
38.2340 37.0720 35.9110 34.7490 33.5880 32.0490 30.8870 29.7250 28.5640 27.4020 26.2410 25.0790 25.1080 25.1370 25.1660 26.3280 27.4890 28.6510 29.8120 30.9740 32.1360 33.9480 35.1090 36.2710 38.0830 39.2450 40.0930 40.1220 40.1510 41.3120 42.4740 43.6360 44.7970 45.9590 47.1200 48.2820 49.4440 50.6050 51.7670 52.9280 55.8320 58.7360 61.6400 64.5440 67.4480 69.6500 70.8110 71.9730 73.1340 74.2960 75.4580 76.6190 77.7810 78.9420 80.1040 81.2660 82.4270 85.3310 88.2350 91.1390 89.2460 86.3420 83.4380 80.5340 77.6300 76.4680 73.6050
41.1380 39.9760 38.8150 37.6530 36.1140 34.9530 33.7910 32.6290 31.4680 30.3060 29.1450 27.9830 28.0120 28.0410 28.0700 29.2320 30.3930 31.5550 32.7160 33.8780 35.0400 36.2010 38.0130 39.1750 40.3370 42.1490 42.9970 43.0260 43.0550 44.2160 45.3780 46.5400 47.7010 48.8630 50.0240 51.1860 52.3480 53.5090 54.6710 55.8320 56.9940 59.8980 62.8020 65.7060 68.6100 71.5140 73.7150 74.8770 76.0380 77.2000 78.3620 79.5230 80.6850 81.8460 83.0080 84.1700 85.3310 86.4930 89.3970 92.3010 90.4070 87.5030 84.5990 81.6950 80.5340 77.6700 75.4170
44.0420 42.8800 41.7190 40.1800 39.0180 37.8570 36.6950 35.5330 34.3720 33.2100 32.0490 30.8870 30.9160 30.9450 30.9740 32.1360 33.2970 34.4590 35.6200 36.7820 37.9440 39.1050 40.2670 42.0790 43.2410 44.4020 45.9010 45.9300 45.9590 47.1200 48.2820 49.4440 50.6050 51.7670 52.9280 54.0900 55.2520 56.4130 57.5750 58.7360 59.8980 61.0600 63.9640 66.8680 69.7720 72.6760 75.5800 77.7810 78.9420 80.1040 81.2660 82.4270 83.5890 84.7500 85.9120 87.0740 88.2350 89.3970 90.5580 93.4620 91.5690 88.6650 85.7610 84.1580 81.2540 78.3500 75.4460
