AppendixA/HikerMovements/data/dist_gardeccia_1000.asc
ncols 271
nrows 294
xllcorner 698225
yllcorner 5141858
cellsize 30.00
nodata_value  224.692
[rows 0 to 28 of 294, columns 201 to 267 of 271]
8.78800 9.94900 12.8180 13.9800 14.4620 14.4330 14.4040 15.5650 13.8750 12.7140 11.5520 11.5810 11.6100 11.6390 12.8010 13.9620 14.6420 14.6710 15.8330 15.2000 12.2960 9.39200 6.48800 9.35100 10.5120 13.3760 14.5370 16.2280 17.3890 18.5510 21.4550 22.6160 25.5200 28.4240 31.3280 34.2320 37.1360 40.0400 42.9440 45.8480 48.7520 51.6560 54.5600 57.4640 60.3680 63.2720 66.1760 69.0800 71.9840 74.8880 77.7920 80.6960 83.6000 86.5040 84.9010 81.9970 84.9010 87.8050 90.7090 93.6130 96.5170 99.4210 102.325 105.229 108.133 111.037 113.941
5.88400 8.75300 9.91400 11.5870 11.5580 11.5290 11.5000 12.6610 12.6730 9.81000 8.64800 8.67700 8.70600 8.73500 9.89700 11.7090 11.7380 11.7670 12.9290 14.0900 13.4570 10.5530 9.35100 6.44700 9.31000 10.4720 12.1620 13.3240 14.4850 17.3890 18.5510 21.4550 24.3590 27.2630 30.1670 33.0710 35.9750 38.8790 41.7830 44.6870 47.5910 50.4950 53.3990 56.3030 59.2070 62.1110 65.0150 67.9190 70.8230 73.7270 76.6310 79.5350 82.4390 85.3430 84.8720 81.9680 84.8720 87.7760 90.6800 93.5840 96.4880 99.3920 102.296 105.200 108.104 111.008 113.912
8.75300 5.84900 8.71200 8.68300 8.65400 8.62500 8.59600 9.75700 9.76900 8.60700 5.74400 5.77300 5.80200 5.83100 8.73500 8.80500 8.83400 8.86300 10.0250 12.9290 14.1310 12.2430 9.33900 6.43500 6.40600 9.27000 9.25800 10.4200 13.3240 14.4850 17.3890 20.2930 23.1970 26.1010 29.0050 31.9090 34.8130 37.7170 40.6210 43.5250 46.4290 49.3330 52.2370 55.1410 58.0450 60.9490 63.8530 66.7570 69.6610 72.5650 75.4690 78.3730 81.2770 84.1810 84.8030 81.9390 84.8430 87.7470 90.6510 93.5550 96.4590 99.3630 102.267 105.171 108.075 110.979 113.883
9.91400 8.71200 5.80800 5.77900 5.75000 5.72100 5.69200 8.55500 8.56700 5.70300 5.73200 8.63600 8.70600 8.73500 5.87200 5.90100 5.93000 5.95900 8.86300 10.0650 12.9690 13.4050 10.5010 9.33900 9.27000 6.36600 6.35400 9.25800 10.4200 13.3240 16.2280 19.1320 22.0360 24.9400 27.8440 30.7480 33.6520 36.5560 39.4600 42.3640 45.2680 48.1720 51.0760 53.9800 56.8840 59.7880 62.6920 65.5960 68.5000 71.4040 74.3080 77.2120 80.1160 83.0200 81.8990 81.9280 84.8320 87.7360 90.6400 93.5440 96.4480 99.3520 102.256 105.160 108.064 110.968 113.872
12.7780 9.87400 8.71200 8.68300 8.65400 8.62500 8.55500 5.65100 5.66300 8.56700 8.63600 9.79800 11.6100 9.93700 8.77600 8.80500 8.83400 5.97100 6.00000 8.90400 10.1060 13.0100 13.4050 12.2430 10.3500 9.18800 6.32500 6.35400 9.25800 12.1620 15.0660 17.9700 20.8740 23.7780 26.6820 29.5860 32.4900 35.3940 38.2980 41.2020 44.1060 47.0100 49.9140 52.8180 55.7220 58.6260 61.5300 64.4340 67.3380 70.2420 73.1460 76.0500 78.9540 81.8580 81.8870 84.7910 85.9930 88.8970 91.8010 94.7050 97.6090 100.513 103.417 106.321 109.225 112.129 115.033
13.9390 12.7780 11.6160 11.5870 9.61800 8.45600 8.48500 5.62200 5.65100 8.55500 11.4590 12.7020 13.8640 12.8410 11.6800 11.7090 10.0360 8.87500 6.01100 6.04000 8.94400 11.8480 13.1730 10.3090 9.14800 6.28400 6.31300 6.34200 9.24600 12.1500 15.0540 17.9580 20.8620 23.7660 26.6700 29.5740 32.4780 35.3820 38.2860 41.1900 44.0940 46.9980 49.9020 52.8060 55.7100 58.6140 61.5180 64.4220 67.3260 70.2300 73.1340 76.0380 78.9420 81.8460 81.8750 84.7790 85.9820 88.8860 91.7900 94.6940 97.5980 100.502 103.406 106.310 109.214 112.118 115.022
11.1920 11.2210 11.2500 9.57700 8.41600 5.55200 5.58100 5.61100 8.51500 9.71700 12.6210 15.5250 16.7680 15.7450 14.5840 14.1020 12.9400 10.0770 8.91500 6.05200 8.95600 10.1580 10.2690 9.10700 6.24400 9.14800 9.21700 9.24600 10.4080 13.3120 16.2160 19.1200 22.0240 24.9280 27.8320 30.7360 33.6400 36.5440 39.4480 42.3520 45.2560 48.1600 51.0640 53.9680 56.8720 59.7760 62.6800 65.5840 68.4880 71.3920 74.2960 77.2000 80.1040 83.0080 81.8870 81.9160 84.8200 87.7240 90.6280 93.5320 96.4360 99.3400 102.244 105.148 108.052 110.956 113.860
8.28800 8.31700 8.34600 8.37500 5.51200 5.54100 8.44500 8.51500 9.67600 12.5800 13.7820 16.6860 19.5900 18.6490 17.4880 17.0060 14.1420 12.9810 10.1180 8.95600 6.09300 8.99700 9.06600 6.20300 9.10700 10.3090 12.1210 12.1500 13.3120 14.4740 17.3780 20.2820 23.1860 26.0900 28.9940 31.8980 34.8020 37.7060 40.6100 43.5140 46.4180 49.3220 52.2260 55.1300 58.0340 60.9380 63.8420 66.7460 69.6500 72.5540 75.4580 78.3620 81.2660 84.1700 84.7910 81.9280 84.8320 87.7360 90.6400 93.5440 96.4480 99.3520 102.256 105.160 108.064 110.968 113.872
5.38400 5.41300 5.44200 5.47100 5.50000 8.40400 9.60600 11.4190 12.5800 13.7420 16.6460 17.8480 20.7520 21.5530 20.3920 18.2080 17.0460 14.1830 13.0220 10.1580 8.99700 6.13300 6.16200 6.19100 9.09500 11.9990 14.3750 15.0540 16.2160 17.3780 18.5390 21.4430 24.3470 27.2510 30.1550 33.0590 35.9630 38.8670 41.7710 44.6750 47.5790 50.4830 53.3870 56.2910 59.1950 62.0990 65.0030 67.9070 70.8110 73.7150 76.6190 79.5230 82.4270 85.3310 84.8610 81.9570 84.8610 87.7650 90.6690 93.5730 96.4770 99.3810 102.285 105.189 108.093 110.997 113.901
5.37200 8.27600 8.34600 8.37500 8.40400 9.56600 12.4700 13.6720 15.4840 16.6460 17.8070 20.7110 21.9140 24.4570 22.2740 21.1120 18.2490 17.0870 14.2240 13.0620 10.1990 9.03700 9.06600 9.09500 10.2570 13.1610 16.0650 17.9580 19.1200 20.2820 21.4430 22.6050 25.5090 28.4130 31.3170 34.2210 37.1250 40.0290 42.9330 45.8370 48.7410 51.6450 54.5490 57.4530 60.3570 63.2610 66.1650 69.0690 71.9730 74.8770 77.7810 80.6850 83.5890 84.9010 81.9970 81.9860 84.8900 87.7940 90.6980 93.6020 96.5060 99.4100 102.314 105.218 108.122 111.026 113.930
8.27600 9.43800 11.2500 11.2790 11.3080 12.4700 13.6310 16.5350 17.7380 19.5500 20.7110 21.8730 24.7770 25.9790 25.1780 22.3140 21.1530 18.2890 17.1280 14.2640 13.1030 11.9410 11.9700 11.9990 13.1610 14.3230 17.2270 20.1310 22.0240 23.1860 24.3470 25.5090 26.6700 29.5740 32.4780 35.3820 38.2860 41.1900 44.0940 46.9980 49.9020 52.8060 55.7100 58.6140 61.5180 64.4220 67.3260 70.2300 73.1340 76.0380 78.9420 81.8460 84.7500 84.9300 82.0260 84.8900 86.0510 88.9550 91.8590 94.7630 97.6670 100.571 103.475 106.379 109.283 112.187 115.091
11.0820 12.3420 13.5040 14.1830 14.2120 15.3740 16.5350 17.6970 20.6010 21.8030 23.6150 24.7770 25.9390 28.8430 26.3800 25.2180 22.3550 21.1930 18.3300 17.1680 16.0070 14.8450 14.8740 14.9030 16.0650 17.2270 18.3880 21.2920 24.1960 26.0900 27.2510 28.4130 29.5740 30.7360 33.6400 36.5440 39.4480 42.3520 45.2560 48.1600 51.0640 53.9680 56.8720 59.7760 62.6800 65.5840 68.4880 71.3920 74.2960 77.2000 80.1040 83.0080 85.9120 84.9590 82.0550 84.9590 87.8630 90.1170 93.0210 95.9250 98.8290 101.733 104.637 107.541 110.445 113.349 116.253
12.2430 15.1470 16.4080 17.0870 17.1160 18.2780 19.4390 20.6010 21.7630 24.6670 25.8690 27.6810 28.8430 30.0040 29.2840 26.4210 25.2590 22.3960 21.2340 20.0720 18.9110 17.7490 17.7780 17.8070 18.9690 20.1310 21.2920 22.4540 25.3580 28.2620 30.1550 31.3170 32.4780 33.6400 34.8020 37.7060 40.6100 43.5140 46.4180 49.3220 52.2260 55.1300 58.0340 60.9380 63.8420 66.7460 69.6500 72.5540 75.4580 78.3620 81.2660 84.1700 87.0740 84.9880 82.0840 84.9880 87.8920 90.2850 93.1890 96.0930 98.9970 101.901 104.805 107.709 110.613 113.517 116.421
13.4050 16.3090 19.2130 19.9910 20.0200 21.1820 22.3430 23.5050 24.6670 25.8280 28.7320 29.9340 31.7470 32.9080 30.4860 29.3250 26.4610 25.3000 24.1380 22.9760 21.8150 20.6530 20.6820 20.7110 21.8730 23.0350 24.1960 25.3580 26.5190 29.4230 32.3270 34.2210 35.3820 36.5440 37.7060 38.8670 41.7710 44.6750 47.5790 50.4830 53.3870 56.2910 59.1950 62.0990 65.0030 67.9070 70.8110 73.7150 76.6190 79.5230 82.4270 85.3310 87.9220 85.0180 82.1140 85.0180 86.2200 89.1240 92.0280 94.9320 97.8360 100.740 103.644 106.548 109.452 112.356 115.260
16.2680 17.4700 20.3740 22.8950 22.9240 24.0860 25.2470 26.4090 27.5710 28.7320 29.8940 32.7980 34.0000 34.5520 33.3900 30.5270 29.3650 28.2040 27.0420 25.8800 24.7190 23.5570 23.5860 23.6150 24.7770 25.9390 27.1000 28.2620 29.4230 30.5850 33.4890 36.3930 38.2860 39.4480 40.6100 41.7710 42.9330 45.8370 48.7410 51.6450 54.5490 57.4530 60.3570 63.2610 66.1650 69.0690 71.9730 74.8770 77.7810 80.6850 83.5890 86.4930 87.9510 85.0470 82.1430 82.1540 85.0580 87.9620 90.8660 93.7700 96.6740 99.5780 102.482 105.386 108.290 111.194 114.098
17.4300 20.3340 21.5360 24.4400 25.8280 26.9900 28.1510 29.3130 30.4750 31.6360 32.7980 33.9590 36.8630 37.4560 34.5920 33.4310 32.2690 31.1080 29.9460 28.7840 27.6230 26.4610 26.4900 26.5190 27.6810 28.8430 30.0040 31.1660 32.3270 33.4890 34.6510 37.5550 40.4590 42.3520 43.5140 44.6750 45.8370 46.9980 49.9020 52.8060 55.7100 58.6140 61.5180 64.4220 67.3260 70.2300 73.1340 76.0380 78.9420 81.8460 84.7500 87.6540 89.1120 86.2080 85.0470 82.1830 85.0870 87.9910 90.8950 93.7990 96.7030 99.6070 102.511 105.415 108.319 111.223 114.127
20.3340 21.4950 24.3990 25.6020 28.5060 29.8940 31.0550 32.2170 33.3790 34.5400 35.7020 36.8630 38.0250 38.6580 37.4960 36.3350 35.1730 34.0120 32.8500 31.6880 30.5270 29.3650 29.3940 29.4230 30.5850 31.7470 32.9080 34.0700 35.2310 36.3930 37.5550 38.7160 41.6200 44.5240 46.4180 47.5790 48.7410 49.9020 51.0640 53.9680 56.8720 59.7760 62.6800 65.5840 68.4880 71.3920 74.2960 77.2000 80.1040 83.0080 85.9120 88.8160 90.2740 88.0200 85.1160 82.2120 85.1160 88.0200 90.9240 93.8280 96.7320 99.6360 102.540 105.444 108.348 111.252 114.156
23.2380 24.3990 25.5610 28.4650 29.6670 32.5710 33.9590 35.1210 36.2830 37.4440 38.6060 39.7670 40.9290 41.5620 40.4000 39.2390 38.0770 36.9160 35.7540 34.5920 33.4310 32.2690 32.2980 32.3270 33.4890 34.6510 35.8120 36.9740 38.1350 39.2970 40.4590 41.6200 42.7820 45.6860 48.5900 50.4830 51.6450 52.8060 53.9680 55.1300 58.0340 60.9380 63.8420 66.7460 69.6500 72.5540 75.4580 78.3620 81.2660 84.1700 87.0740 89.9780 90.4420 88.0490 85.1450 82.2410 85.1450 88.0490 90.9530 93.8570 96.7610 99.6650 102.569 105.473 108.377 111.281 114.185
24.8290 27.3030 28.4650 29.6270 32.5310 33.7330 36.6370 38.0250 39.1870 40.3480 41.5100 42.6710 43.8330 44.4660 43.3040 42.1430 40.9810 39.8200 38.6580 37.4960 36.3350 35.1730 35.2020 35.2310 36.3930 37.5550 38.7160 39.8780 41.0390 42.2010 43.3630 44.5240 45.6860 46.8470 49.7510 52.6550 54.5490 55.7100 56.8720 58.0340 59.1950 62.0990 65.0030 67.9070 70.8110 73.7150 76.6190 79.5230 82.4270 85.3310 88.2350 91.1390 89.2810 86.3770 85.1740 82.2700 85.1740 88.0780 90.9820 93.8860 96.7900 99.6940 102.598 105.502 108.406 111.310 114.214
25.9910 28.8950 31.3690 32.5310 33.6920 36.5960 37.7980 40.7020 42.0910 43.2520 44.4140 45.5750 46.7370 47.3700 46.2080 45.0470 43.8850 42.7240 41.5620 40.4000 39.2390 38.0770 38.1060 38.1350 39.2970 40.4590 41.6200 42.7820 43.9430 45.1050 46.2670 47.4280 48.5900 49.7510 50.9130 53.8170 56.7210 58.6140 59.7760 60.9380 62.0990 63.2610 66.1650 69.0690 71.9730 74.8770 77.7810 80.6850 83.5890 86.4930 89.3970 91.0230 88.1190 85.2150 82.3110 82.2990 85.2030 88.1070 91.0110 93.9150 96.8190 99.7230 102.627 105.531 108.435 111.339 114.243
27.1520 30.0560 32.9600 35.4350 36.5960 37.7580 40.6620 41.8640 44.7680 46.1560 47.3180 48.4790 49.6410 50.2740 49.1120 47.9510 46.7890 45.6280 44.4660 43.3040 42.1430 40.9810 41.0100 41.0390 42.2010 43.3630 44.5240 45.6860 46.8470 48.0090 49.1710 50.3320 51.4940 52.6550 53.8170 54.9790 57.8830 60.7870 62.6800 63.8420 65.0030 66.1650 67.3260 70.2300 73.1340 76.0380 78.9420 81.8460 84.7500 87.6540 90.5580 91.0520 88.1480 85.2440 82.3400 85.2030 86.3650 89.2690 92.1730 95.0770 97.9810 100.885 103.789 106.693 109.597 112.501 115.405
28.3140 31.2180 34.1220 37.0260 39.5000 40.6620 41.8230 44.7270 45.9300 48.8340 50.2220 51.3830 52.5450 53.1780 52.0160 50.8550 49.6930 48.5320 47.3700 46.2080 45.0470 43.8850 43.9140 43.9430 45.1050 46.2670 47.4280 48.5900 49.7510 50.9130 52.0750 53.2360 54.3980 55.5590 56.7210 57.8830 59.0440 61.9480 64.8520 66.7460 67.9070 69.0690 70.2300 71.3920 74.2960 77.2000 80.1040 83.0080 85.9120 88.8160 91.7200 92.2140 89.3100 86.4060 85.2440 82.3810 85.2850 88.1890 91.0930 93.9970 96.9010 99.8050 102.709 105.613 108.517 111.421 114.325
29.4760 32.3800 35.2840 38.1880 41.0920 43.5660 44.7270 45.8890 48.7930 49.9950 52.8990 54.2870 55.4490 56.0820 54.9200 53.7590 52.5970 51.4360 50.2740 49.1120 47.9510 46.7890 46.8180 46.8470 48.0090 49.1710 50.3320 51.4940 52.6550 53.8170 54.9790 56.1400 57.3020 58.4630 59.6250 60.7870 61.9480 63.1100 66.0140 68.9180 70.8110 71.9730 73.1340 74.2960 75.4580 78.3620 81.2660 84.1700 87.0740 89.9780 92.8820 93.3750 90.4710 88.2180 85.3140 82.4100 85.3140 88.2180 91.1220 94.0260 96.9300 99.8340 102.738 105.642 108.546 111.450 114.354
32.3800 33.5410 36.4450 39.3490 42.2530 45.1570 47.6310 48.7930 49.9550 52.8590 54.0610 56.9650 58.3530 58.9860 57.8240 56.6630 55.5010 54.3400 53.1780 52.0160 50.8550 49.6930 49.7220 49.7510 50.9130 52.0750 53.2360 54.3980 55.5590 56.7210 57.8830 59.0440 60.2060 61.3670 62.5290 63.6910 64.8520 66.0140 67.1750 70.0790 72.9830 74.8770 76.0380 77.2000 78.3620 79.5230 82.4270 85.3310 88.2350 91.1390 93.5550 90.6510 89.4490 86.5450 85.3430 82.4390 85.3430 88.2470 91.1510 94.0550 96.9590 99.8630 102.767 105.671 108.575 111.479 114.383
33.9940 36.4450 37.6070 40.5110 43.4150 46.3190 49.2230 51.6970 52.8590 54.0200 56.9240 58.1260 61.0300 61.8900 60.7280 59.5670 58.4050 57.2440 56.0820 54.9200 53.7590 52.5970 52.6260 52.6550 53.8170 54.9790 56.1400 57.3020 58.4630 59.6250 60.7870 61.9480 63.1100 64.2710 65.4330 66.5950 67.7560 68.9180 70.0790 71.2410 74.1450 77.0490 78.9420 80.1040 81.2660 82.4270 83.5890 86.4930 89.3970 92.3010 92.3940 89.4900 86.5860 85.3830 82.4790 82.4680 85.3720 88.2760 91.1800 94.0840 96.9880 99.8920 102.796 105.700 108.604 111.508 114.412
35.1560 38.0600 40.5110 41.6720 44.5760 47.4800 50.3840 53.2880 55.7630 56.9240 58.0860 60.9900 62.1920 64.7940 63.6320 62.4710 61.3090 60.1480 58.9860 57.8240 56.6630 55.5010 55.5300 55.5590 56.7210 57.8830 59.0440 60.2060 61.3670 62.5290 63.6910 64.8520 66.0140 67.1750 68.3370 69.4990 70.6600 71.8220 72.9830 74.1450 75.3070 78.2110 81.1150 83.0080 84.1700 85.3310 86.4930 87.6540 90.5580 93.4620 90.7210 88.3280 85.4240 82.5200 82.5080 85.3720 86.5330 89.4370 92.3410 95.2450 98.1490 101.053 103.957 106.861 109.765 112.669 115.573
35.8180 38.7220 41.6260 44.5300 45.7380 48.6420 51.5460 54.4500 57.3540 59.8280 60.9900 62.1510 65.0550 66.2580 66.5360 65.3750 64.2130 63.0520 61.8900 60.7280 59.5670 58.4050 58.4340 58.4630 59.6250 60.7870 61.9480 63.1100 64.2710 65.4330 66.5950 67.7560 68.9180 70.0790 71.2410 72.4030 73.5640 74.7260 75.8870 77.0490 78.2110 79.3720 82.2760 85.1800 87.0740 88.2350 89.3970 90.5580 91.7200 90.7620 89.5590 86.6550 85.4530 82.5490 85.4120 86.5740 89.4370 90.5990 93.5030 96.4070 99.3110 102.215 105.119 108.023 110.927 113.831 116.735
34.6560 37.5600 40.4640 43.3680 46.2720 49.1760 52.0800 54.9840 57.8880 60.7920 63.6960 65.0550 66.2170 69.1210 69.4400 68.2790 67.1170 65.9560 64.7940 63.6320 62.4710 61.3090 61.3380 61.3670 62.5290 63.6910 64.8520 66.0140 67.1750 68.3370 69.4990 70.6600 71.8220 72.9830 74.1450 75.3070 76.4680 77.6300 78.7910 79.9530 81.1150 82.2760 83.4380 86.3420 89.2460 91.1390 92.3010 93.4620 90.8020 89.6000 86.6960 85.4940 82.5900 82.5780 85.4820 88.3860 90.6400 93.5030 94.6650 97.5690 100.473 103.377 106.281 109.185 112.089 114.993 117.897
33.4950 36.3990 39.3030 42.2070 45.1110 48.0150 50.9190 53.8230 56.7270 59.6310 62.5350 65.4390 68.3430 70.2830 72.3440 71.1830 70.0210 68.8600 67.6980 66.5360 65.3750 64.2130 64.2420 64.2710 65.4330 66.5950 67.7560 68.9180 70.0790 71.2410 72.4030 73.5640 74.7260 75.8870 77.0490 78.2110 79.3720 80.5340 81.6950 82.8570 84.0190 85.1800 86.3420 87.5030 90.4070 93.3110 95.2050 92.5450 89.6410 86.7370 85.5340 82.6300 82.6190 85.4820 86.6440 89.5480 92.4520 94.7050 97.5690 98.7300 101.634 104.538 107.442 110.346 113.250 116.154 119.058
