AppendixA/HikerMovements/data/dist_parking_1000.asc
ncols 271
nrows 294
xllcorner 698225
yllcorner 5141858
cellsize 30.00
nodata_value  225.453
[rows 116 to 144 of 294, columns 0 to 66 of 271]
45.4240 46.5860 44.3270 41.4230 38.5190 35.6150 32.7110 29.8070 26.9030 23.9990 21.0950 18.1910 15.2870 12.3830 9.47900 6.57500 9.47900 10.6810 13.5850 16.4890 19.3930 22.2970 25.2010 28.1050 31.0090 33.9130 36.8170 37.8570 34.9530 32.0490 29.1450 26.2410 23.3370 20.4330 17.5290 14.6250 11.7210 8.81700 5.91300 5.92400 5.95300 8.85700 10.0590 11.8720 13.0330 14.1950 17.0990 20.0030 22.9070 23.8480 22.8720 21.7100 20.5490 19.3870 18.2260 17.7260 16.5640 15.4030 16.5640 17.7260 18.8880 21.7920 22.6340 19.7300 16.8260 13.9220 12.7600
48.3280 47.2020 44.2980 41.3940 38.4900 35.5860 32.6820 29.7780 26.8740 23.9700 21.0660 18.1620 15.2580 12.3540 9.45000 6.54600 9.45000 12.3540 14.7470 17.6510 20.5550 23.4590 26.3630 29.2670 32.1710 33.5760 34.7380 37.6420 34.9240 32.0200 29.1160 26.2120 23.3080 20.4040 17.5000 14.5960 11.6920 8.78800 5.88400 8.78800 8.85700 10.0190 12.9230 14.1250 15.9370 17.0990 18.2600 21.1640 24.0680 26.7520 25.7760 24.6140 23.4530 22.2910 21.1300 20.6300 19.4680 18.3070 19.4680 20.6300 21.7920 22.9300 21.4720 18.5680 15.6640 12.7600 9.85600
50.0770 47.1730 44.2690 41.3650 38.4610 35.5570 32.6530 29.7490 26.8450 23.9410 21.0370 18.1330 15.2290 12.3250 9.42100 6.51700 9.42100 12.3250 15.2290 18.1330 21.0370 23.9410 26.8450 28.3490 29.5100 30.6720 33.5760 36.4800 34.8940 31.9900 29.0860 26.1820 23.2780 20.3740 17.4700 14.5660 11.6620 8.75800 5.85400 8.75800 11.6620 12.9230 14.0840 16.9880 18.1910 20.0030 21.1640 22.3260 25.2300 28.1340 28.6800 27.5180 26.3570 25.1950 24.0340 23.5340 22.3720 21.2110 22.3720 22.3490 21.1880 20.0260 19.5440 17.4070 14.5030 11.5990 8.69500
50.0480 47.1440 44.2400 41.3360 38.4320 35.5280 32.6240 29.7200 26.8160 23.9120 21.0080 18.1040 15.2000 12.2960 9.39200 6.48800 9.39200 12.2960 15.2000 18.1040 21.0080 23.1220 24.2830 25.4450 26.6060 29.5100 32.4140 35.3180 34.8650 31.9610 29.0570 26.1530 23.2490 20.3450 17.4410 14.5370 11.6330 8.72900 5.82500 8.72900 11.6330 14.5370 16.9880 18.1500 21.0540 22.2560 24.0680 25.2300 26.3920 29.2960 31.5840 30.4220 29.2610 28.0990 25.7640 24.6030 23.4410 21.7680 20.6070 19.4450 18.2840 17.1220 16.6400 15.4780 14.3170 11.5700 8.66600
50.0180 47.1140 44.2100 41.3060 38.4020 35.4980 32.5940 29.6900 26.7860 23.8820 20.9780 18.0740 15.1700 12.2660 9.36200 6.45800 9.36200 12.2660 15.1700 17.8940 19.0560 20.2180 21.3790 22.5410 25.4450 28.3490 31.2530 34.1570 34.8360 31.9320 29.0280 26.1240 23.2200 20.3160 17.4120 14.5080 11.6040 8.70000 5.79600 8.70000 11.6040 13.8580 16.7210 17.8830 20.7460 21.9080 24.7710 25.9330 28.6100 29.7720 30.9330 29.7490 28.5870 25.7240 24.5620 21.6990 20.5370 19.3750 17.7030 16.5410 15.3800 14.2180 13.7360 12.5740 11.4130 11.4420 8.63600
49.9890 47.0850 44.1810 41.2770 38.3730 35.4690 32.5650 29.6610 26.7570 23.8530 20.9490 18.0450 15.1410 12.2370 9.33300 6.42900 9.33300 12.2370 14.4910 14.9900 16.1520 17.3140 18.4750 21.3790 24.2830 27.1870 30.0910 32.9950 34.8070 31.9030 28.9990 26.0950 23.1910 20.2870 17.3830 14.4790 11.5750 8.67100 5.76700 8.63100 9.79200 12.6560 13.8170 16.6810 17.8420 20.7060 21.8670 24.7300 25.7060 26.8680 28.0290 28.5870 25.6830 24.5210 21.6580 20.4960 17.6330 16.4710 15.3100 13.6370 12.4760 11.3140 11.3430 9.67000 8.50900 8.53800 8.56700
49.9600 47.0560 44.1520 41.2480 38.3440 35.4400 32.5360 29.6320 26.7280 23.8240 20.9200 18.0160 15.1120 12.2080 9.30400 6.40000 9.26400 10.4250 12.0980 12.0860 13.2480 14.4100 17.3140 20.2180 23.1220 26.0260 28.9300 31.8340 34.7380 31.8920 28.9880 26.0840 23.1800 20.2760 17.3720 14.4680 11.5640 8.66000 5.75600 5.72700 8.59000 9.75200 12.6150 13.7770 16.6400 17.8020 20.6650 21.8260 22.8020 23.9640 25.1250 26.2870 24.5210 21.6170 20.4560 17.5920 16.4310 13.5670 12.4060 11.2440 9.57200 8.41000 8.43900 8.46800 5.60500 5.63400 5.66300
49.9490 47.0450 44.1410 41.2370 38.3330 35.4290 32.5250 29.6210 26.7170 23.8130 20.9090 18.0050 15.1010 12.1970 9.29300 6.38900 6.36000 9.22300 9.19400 9.18200 10.3440 13.2480 16.1520 19.0560 21.9600 24.8640 27.7680 30.6720 33.5760 33.0530 30.1490 27.2450 24.3410 21.4370 18.5330 15.6290 12.7250 9.82100 8.61900 5.71500 5.68600 8.54900 9.71100 12.5740 13.7360 16.5990 17.7610 19.9270 19.8980 21.0600 22.2210 23.3830 23.3600 20.4560 17.5520 16.3900 13.5270 12.3650 9.50200 8.34000 8.36900 5.50600 5.53500 5.56400 5.59300 8.49700 8.56700
51.1100 48.2060 45.3020 42.3980 39.4940 36.5900 33.6860 30.7820 27.8780 24.9740 22.0700 19.1660 16.2620 13.3580 10.4540 9.25200 6.34800 6.31900 6.29000 6.27800 9.18200 12.0860 14.9900 17.8940 20.7980 23.7020 26.6060 29.5100 32.4140 33.9880 31.3110 28.4070 25.5030 22.5990 19.6950 16.7910 13.8870 12.6850 9.78100 8.61900 8.54900 5.64500 8.50900 9.67000 12.5340 13.6950 16.5990 17.0230 16.9940 18.1560 19.3170 20.4790 21.6410 19.2940 16.3900 13.4860 12.3250 9.46100 8.30000 5.43600 5.46500 5.49400 8.39800 8.46800 8.49700 9.65900 11.4710
52.2720 49.3680 46.4640 43.5600 40.6560 37.7520 34.8480 31.9440 29.0400 26.1360 23.2320 20.3280 17.4240 14.5200 13.3180 10.4140 9.25200 9.22300 9.15300 6.24900 9.15300 12.0570 14.9610 17.8650 20.7690 23.6730 26.5770 28.7610 29.9230 31.0840 32.1070 29.5690 26.6650 23.7610 20.8570 17.9530 16.7500 13.8460 12.6850 11.5230 9.71100 8.50900 5.60500 8.46800 9.63000 12.5340 14.1480 14.1190 14.0900 15.2520 16.4130 17.5750 19.2650 18.1330 15.2290 12.3250 9.42100 8.25900 5.39600 8.30000 8.36900 8.39800 9.56000 11.3720 11.4010 12.5630 13.7240
53.4340 50.5300 47.6260 44.7220 41.8180 38.9140 36.0100 33.1060 30.2020 27.2980 24.3940 21.4900 18.5860 17.3830 14.4790 13.3180 12.1560 10.2450 9.08400 6.22000 9.12400 12.0280 14.9320 17.8360 20.7400 23.5340 24.6960 25.8570 27.0190 28.1800 29.2030 30.3640 27.8260 24.9220 22.0180 20.8160 17.9120 16.7500 15.5890 13.7770 11.3840 8.48000 5.57600 5.56400 8.46800 11.2730 11.2440 11.2150 11.1860 12.3480 13.5090 15.2000 16.3610 16.9710 14.0670 11.1630 8.25900 5.35500 5.36700 8.27100 11.1750 11.3020 12.4640 13.6260 14.3050 15.4670 16.6280
54.5950 51.6910 48.7870 45.8830 42.9790 40.0750 37.1710 34.2670 31.3630 28.4590 25.5550 22.6510 20.0380 17.1340 14.2300 13.0680 10.2050 9.04300 6.18000 9.08400 10.2860 13.1900 16.0940 18.9980 20.6180 20.6300 21.7920 22.9530 24.1150 25.2760 26.2990 27.4600 27.3500 26.0840 24.8810 21.9770 20.8160 19.6540 17.8420 15.4490 12.5450 9.64100 8.43900 5.53500 8.39800 8.36900 8.34000 8.31100 8.28200 9.44400 11.1340 12.2960 13.4570 16.3610 14.0380 11.1340 8.23000 5.32600 8.23000 9.43200 12.3360 14.2060 15.3680 16.5300 17.2090 18.3710 19.5320
53.7240 50.8200 47.9160 45.0120 42.1080 39.2040 36.3000 33.3960 30.4920 27.5880 24.6840 21.7800 18.8760 15.9720 13.0680 10.1640 9.00200 6.13900 9.04300 10.2450 13.1490 14.3520 17.2560 18.8760 17.7140 17.7260 18.8880 20.0490 21.2110 22.3720 23.3950 24.5560 24.4460 23.2840 23.2550 23.2440 23.2380 21.9080 19.5150 16.6110 13.7070 11.3310 8.42700 5.52300 5.49400 5.46500 5.43600 5.40700 5.37800 8.24200 8.23000 9.39200 12.2960 15.2000 14.0090 11.1050 8.20100 5.29700 8.18300 9.34500 12.2490 15.1530 18.0570 19.4340 20.1130 21.2750 22.4360
52.5620 49.6580 46.7540 43.8500 40.9460 38.0420 35.1380 32.2340 29.3300 26.4260 23.5220 20.6180 17.7140 14.8100 11.9060 9.00200 6.09800 6.11000 9.01400 11.9180 14.3110 17.2150 17.1340 15.9720 14.8100 14.8220 15.9840 17.1450 18.3070 20.5200 20.4910 21.6520 21.5420 20.3800 20.3510 20.3400 20.3340 19.6540 18.4930 16.6220 13.7180 12.4930 9.58900 8.41000 5.50600 8.36900 8.34000 8.27100 5.36700 5.33800 5.32600 8.23000 11.1340 13.3870 13.9800 11.0760 8.17200 5.26800 5.27900 8.18300 11.0870 13.9910 16.8950 19.7990 22.7030 24.1790 25.3400
52.5330 49.6290 46.7250 43.8210 40.9170 38.0130 35.1090 32.2050 29.3010 26.3970 23.4930 20.5890 17.6850 14.7810 11.8770 8.97300 6.06900 8.97300 10.1760 13.0800 15.9840 17.1340 14.2300 13.0680 11.9060 11.9180 13.0800 14.2410 17.1340 17.6160 17.5870 18.7480 18.6380 17.4760 17.4470 17.4360 17.4300 16.7500 15.5890 14.4270 12.5570 9.65300 8.45100 5.54700 5.53500 8.43900 11.2440 9.43200 8.27100 8.20100 5.29700 8.16000 9.32200 12.1850 13.3470 11.0470 8.14300 5.23900 5.25000 8.15400 11.0580 13.9620 16.8660 19.7700 22.6740 25.5780 28.2440
52.5040 49.6000 46.6960 43.7920 40.8880 37.9840 35.0800 32.1760 29.2720 26.3680 23.4640 20.5600 17.6560 14.7520 11.8480 8.94400 6.04000 8.94400 11.8480 14.2410 17.1450 15.9720 13.0680 10.1640 9.00200 9.01400 10.1760 13.0680 14.2300 14.7120 14.6830 15.8440 15.7340 14.5720 14.5430 14.5320 14.5260 13.8460 12.6850 11.5230 11.3950 8.49100 5.58700 5.57600 8.43900 9.60100 12.5050 12.3360 11.0760 8.17200 5.26800 5.25600 8.12000 9.28100 12.1850 11.0180 8.11400 5.21000 8.11400 9.31600 12.2200 15.1240 18.0280 20.9320 23.8360 26.7400 29.6440
52.4750 49.5710 46.6670 43.7630 40.8590 37.9550 35.0510 32.1470 29.2430 26.3390 23.4350 20.5310 17.6270 14.7230 11.8190 8.91500 6.01100 8.91500 11.8190 14.7230 15.8330 14.1600 11.9060 9.00200 6.09800 6.11000 9.00200 10.1640 11.8370 11.8080 11.7790 12.9400 12.8300 11.6680 11.6390 11.6280 11.6220 11.5930 9.78100 8.61900 8.59000 8.52000 5.61600 8.48000 9.64100 12.5050 13.6660 15.1410 12.2370 9.33300 8.13100 5.22700 5.21600 8.12000 11.0240 10.9890 8.08500 5.18100 8.08500 10.9890 13.3820 16.2860 19.1900 22.0940 24.9980 27.9020 30.8060
52.4460 49.5420 46.6380 43.7340 40.8300 37.9260 35.0220 32.1180 29.2140 26.3100 23.4060 20.5020 17.5980 14.6940 11.7900 8.88600 5.98200 8.88600 11.7900 14.0900 12.9290 11.7670 10.0940 8.93300 6.06900 8.97300 6.09800 8.96200 8.93300 8.90400 8.87500 10.0360 9.92600 8.76400 8.73500 8.72400 8.71800 8.68900 8.61900 5.71500 5.68600 5.65700 5.64500 8.54900 11.4530 13.7070 16.5700 16.3030 13.3990 12.1970 9.29300 8.09100 5.18700 8.05000 9.21100 9.17700 8.01500 5.15200 8.05600 10.9600 13.8640 16.7680 19.6720 22.5760 25.4800 28.3840 31.2880
52.4170 49.5130 46.6090 43.7050 40.8010 37.8970 34.9930 32.0890 29.1850 26.2810 23.3770 20.4730 17.5690 14.6650 11.7610 8.85700 5.95300 8.85700 11.7610 12.8880 10.0250 8.86300 8.89200 6.02900 8.93300 8.99100 6.08700 6.05800 6.02900 6.00000 5.97100 8.83400 8.76400 5.86000 5.83100 5.82000 5.81400 5.78500 5.75600 5.72700 8.59000 5.68600 5.67400 8.57800 11.4820 14.3860 17.2900 17.4650 16.2620 13.3580 10.9660 8.06200 5.15800 5.14600 8.00900 8.01500 5.11100 8.01500 9.21700 12.1210 15.0250 17.9290 20.8330 23.7370 26.6410 29.3190 32.2230
52.3880 49.4840 46.5800 43.6760 40.7720 37.8680 34.9640 32.0600 29.1560 26.2520 23.3480 20.4440 17.5400 14.6360 11.7320 8.82800 5.92400 8.82800 11.7320 9.98400 8.82200 5.95900 5.98800 6.01700 8.92100 10.1520 8.99100 8.96200 8.93300 8.90400 8.83400 5.93000 5.90100 5.87200 8.69500 5.79100 5.80200 5.79600 8.66000 8.63100 9.75200 8.59000 8.57800 9.74000 12.6440 15.5480 18.4520 20.3280 17.4240 15.0310 12.1270 9.22300 8.02100 5.11700 5.10500 7.96900 5.08200 7.94500 9.10700 12.0110 14.9150 17.1680 20.0720 22.9760 25.2530 28.1570 30.7360
52.3590 49.4550 46.5510 43.6470 40.7430 37.8390 34.9350 32.0310 29.1270 26.2230 23.3190 20.4150 17.5110 14.6070 11.7030 8.79900 5.89500 8.75800 9.92000 8.78200 5.91800 5.94700 8.85100 8.92100 10.0830 12.9870 11.8950 11.8660 11.8370 11.8080 9.99600 8.83400 8.80500 8.77600 8.66600 5.76200 8.62500 8.70000 9.86200 11.5350 12.6560 11.4940 11.4820 12.6440 13.8060 16.7100 19.6140 21.4900 19.0970 16.1930 13.2890 12.0860 9.18200 7.98000 5.07600 5.06500 5.05300 5.04100 7.94500 10.8490 13.1030 16.0070 18.9110 21.1880 24.0920 26.9960 27.8320
53.5090 50.6050 47.7130 44.8090 41.9050 39.0010 36.0970 33.1930 30.2890 27.3850 24.4810 21.5770 18.6730 15.7690 12.8650 9.96100 8.75800 5.85400 8.74100 5.87800 5.90700 8.81100 10.0130 11.8250 12.9870 14.1480 14.7990 14.7700 14.7410 14.0610 12.9000 11.7380 11.7090 11.5400 8.63600 5.73200 5.72100 8.62500 11.5290 13.9280 15.5600 14.3980 14.3860 15.5480 16.7100 17.8710 20.7750 23.1620 20.2580 17.3540 16.1520 13.2480 12.0460 9.14200 7.94000 5.03600 5.02400 5.01200 7.87600 9.03700 11.9410 14.8450 17.1220 20.0260 22.9300 24.9570 24.9280
50.6460 49.4440 46.5400 44.6750 41.7710 38.8670 35.9630 33.0590 30.1550 28.5460 25.6420 22.7380 19.8340 16.9300 14.0260 11.6330 8.72900 5.82500 5.83700 8.74100 8.81100 9.97200 12.8760 14.0790 15.8910 17.0520 17.7030 17.6740 17.6450 16.9650 15.8040 14.6420 14.6130 12.7020 9.79800 8.59600 5.69200 8.59600 11.5000 14.4040 17.3080 17.3020 17.2900 18.4520 19.6140 20.7750 21.9370 22.6220 21.4200 20.2180 17.3140 16.1110 13.2070 12.0050 9.10100 7.89900 4.99500 4.98300 4.97200 7.87600 10.7800 13.0560 15.9600 18.8640 21.7680 22.0530 22.0240
49.4840 46.5800 45.3780 42.4740 40.6100 37.7060 34.8020 31.8980 28.9940 26.0900 24.8870 21.9830 20.3160 17.4120 14.5080 11.6040 8.70000 5.79600 8.66000 9.82100 11.7150 12.8760 14.0380 16.9420 18.1440 19.9560 20.6070 20.5780 20.5490 19.8690 18.7080 17.5460 16.7680 13.8640 11.4710 8.56700 5.66300 8.56700 11.4710 14.3750 17.2790 20.1830 20.1940 21.3560 22.5180 22.0410 20.8800 19.7180 19.6890 19.6600 19.6310 17.2730 16.0710 13.1670 11.9640 9.06000 7.85800 4.95400 4.94300 7.82900 8.99100 11.8950 14.7990 17.7030 19.1780 19.1490 19.1200
46.6210 45.4190 42.5150 41.3120 38.4080 36.5440 33.6400 30.7360 27.8320 24.9280 22.0240 20.8220 17.9180 16.7560 14.4790 11.5750 8.67100 5.76700 5.75600 8.66000 11.5640 14.4680 16.9420 18.1040 21.0080 22.2100 23.5110 23.4820 23.4530 22.7730 21.6120 20.1540 17.2500 14.3460 11.4420 8.53800 5.63400 8.53800 11.4420 13.6950 16.5990 19.5030 22.4070 21.4610 20.2990 19.1370 17.9760 16.8140 16.7850 16.7560 16.7270 16.6980 17.2320 16.0300 13.1260 11.9240 9.02000 7.81800 4.91400 4.92500 7.82900 10.7330 13.6370 16.3030 16.2740 16.2450 16.2160
44.3670 42.5550 41.3530 38.4490 37.2470 34.3430 32.4780 29.5740 26.6700 23.7660 20.8620 17.9580 16.7560 13.8520 12.6900 11.5290 9.77500 8.61300 5.72700 8.63100 11.5350 14.4390 17.3430 20.2470 22.1690 25.0730 26.2750 26.3860 26.3570 25.6770 23.0290 20.1250 17.2210 14.3170 11.4130 8.50900 5.60500 8.46800 9.63000 12.5340 15.4380 18.3420 20.3690 19.2070 17.3950 16.2330 15.0720 13.9100 13.8810 13.8520 13.8230 13.7940 14.9560 14.8450 13.6840 13.0850 10.6930 7.78900 4.88500 7.78900 8.99100 11.8950 13.4280 13.3990 13.3700 13.3410 13.3120
41.4630 40.3020 38.4900 37.2870 34.3830 33.1810 30.2770 28.4130 25.5090 22.6050 19.7010 16.7970 13.8930 12.6900 9.78600 8.62500 8.59600 5.70900 5.69800 8.60200 11.5060 14.4100 17.3140 20.2180 23.1220 26.0260 28.9300 29.2900 29.2610 27.0940 24.1900 21.2860 18.3820 15.4780 12.5740 9.67000 8.46800 5.56400 8.46800 11.3720 14.2760 17.1800 17.4650 16.3030 15.1410 13.3290 12.1680 11.0060 10.9770 10.9480 10.9190 10.8900 12.0520 11.9410 10.7800 10.7510 10.6630 7.75900 4.85500 7.71900 8.88000 10.5530 10.5240 10.4950 10.4660 10.4370 10.4080
38.5590 37.3980 36.2360 34.4240 33.2220 30.3180 29.1160 26.2120 24.3470 21.4430 18.5390 15.6350 12.7310 9.82700 8.62500 5.72100 5.69200 8.55500 5.66900 8.57300 11.4770 14.3810 17.2850 20.1890 23.0930 25.9970 28.9010 31.8050 31.1600 28.2560 25.3520 22.4480 19.5440 16.6400 13.7360 11.3430 8.43900 5.53500 8.43900 11.3430 14.2470 17.1510 16.3030 13.3990 12.2370 11.0760 9.26400 8.10200 8.07300 8.04400 8.01500 7.98600 9.14800 9.03700 7.87600 7.84700 7.81800 7.74800 4.84400 4.81500 7.67800 7.64900 7.62000 7.59100 7.56200 7.53300 7.50400
37.3980 34.4940 33.3320 32.1710 30.3580 29.1560 26.2520 25.0500 22.1460 20.2820 17.3780 14.4740 11.5700 8.66600 5.76200 5.73200 8.55500 5.65100 5.64000 8.54400 11.4480 14.3520 17.2560 20.1600 23.0640 25.9680 28.8720 31.7760 31.6420 28.7380 25.8340 22.9300 20.0260 17.1220 14.2180 11.3140 8.41000 5.50600 8.41000 11.3140 13.5670 16.4710 15.1410 12.2370 9.33300 8.17200 8.10200 5.19800 5.16900 5.14000 5.11100 5.08200 7.94500 7.87600 4.97200 4.94300 4.91400 4.88500 7.74800 7.67800 4.77400 4.74500 4.71600 4.68700 4.65800 4.62900 4.60000
