AppendixA/HikerMovements/data/dist_paolina_1000.asc
ncols 271
nrows 294
xllcorner 698225
yllcorner 5141858
cellsize 30.00
nodata_value  224.268
[rows 58 to 86 of 294, columns 67 to 133 of 271]
9.62400 9.65300 9.68200 9.71100 9.74000 10.9020 13.8060 15.0080 17.9120 20.8160 23.1910 26.0950 27.2980 30.2020 33.1060 36.0100 38.9140 41.8180 44.7220 47.6260 50.5300 53.4340 56.3380 59.2420 62.1460 64.1150 62.9530 61.7910 60.6300 59.4680 58.3070 57.1450 55.9830 54.8220 53.6600 53.6310 53.6020 53.5730 52.9170 51.7550 50.5930 50.5640 51.7260 52.8880 53.3700 53.3410 50.4950 47.5910 44.6870 41.7830 38.8790 35.9750 33.0710 30.1670 27.2630 24.3590 21.4550 18.5510 15.6470 12.7430 9.83900 6.93500 6.94600 9.85000 12.7540 15.6580 18.5620
12.4290 12.5570 12.5860 12.6150 12.6440 13.8060 14.9670 17.8710 19.0730 21.9770 24.8810 27.2570 30.1610 31.3630 34.2670 37.1710 40.0750 42.9790 45.8830 48.7870 51.6910 54.5950 57.4990 60.4030 62.3720 61.2110 60.0490 58.8870 57.7260 56.5640 55.4030 54.2410 53.0790 51.9180 50.7560 50.7270 50.6980 50.6690 50.0130 48.8510 47.6890 47.6600 48.8220 49.9840 50.4660 50.4370 50.4080 47.5620 44.6580 41.7540 38.8500 35.9460 33.0420 30.1380 27.2340 24.3300 21.4260 18.5220 15.6180 12.7140 9.81000 6.90600 9.81000 11.0120 13.9160 16.8200 19.7240
12.4000 15.3040 15.4900 15.5190 15.5480 16.7100 17.8710 19.0330 21.9370 23.1390 26.0430 28.9470 31.3230 34.2270 35.4290 38.3330 41.2370 44.1410 47.0450 49.9490 52.8530 55.7570 58.6610 60.6300 59.4680 58.3070 57.1450 55.9830 54.8220 53.6600 52.4990 51.3370 50.1750 49.0140 47.8520 47.8230 47.7940 47.7650 47.1090 45.9470 44.7850 44.7560 45.9180 47.0800 47.5620 47.5330 47.5040 47.4750 44.6290 41.7250 38.8210 35.9170 33.0130 30.1090 27.2050 24.3010 21.3970 18.4930 15.5890 12.6850 9.78100 6.87700 9.78100 12.6850 15.0780 17.9820 20.8860
13.5620 16.4660 18.3940 18.4230 18.4520 19.6140 20.7750 21.9370 23.0980 26.0020 27.2050 30.1090 33.0130 35.3880 38.2920 39.4940 42.3980 45.3020 48.2060 51.1100 54.0140 56.9180 58.8870 57.7260 56.5640 55.4030 54.2410 53.0790 51.9180 50.7560 49.5950 48.4330 47.2710 46.1100 44.9480 44.9190 44.8900 44.8610 44.2050 43.0430 41.8810 41.8520 43.0140 44.1760 44.6580 44.6290 44.6000 44.5710 44.5420 41.6960 38.7920 35.8880 32.9840 30.0800 27.1760 24.2720 21.3680 18.4640 15.5600 12.6560 9.75200 6.84800 9.75200 12.6560 15.5600 18.4640 21.3680
14.7230 17.6270 20.5310 21.3270 21.3560 22.5180 23.6790 24.8410 26.0020 27.1640 30.0680 31.2700 34.1740 37.0780 39.4540 42.3580 43.5600 46.4640 49.3680 52.2720 55.1760 58.0800 55.9830 54.8220 53.6600 52.4990 51.3370 50.1750 49.0140 47.8520 46.6910 45.5290 44.3670 43.2060 42.0440 42.0150 41.9860 41.9570 41.3010 40.1390 38.9770 38.9480 40.1100 41.2720 41.7540 41.7250 41.6960 41.6670 41.6380 41.6090 38.7630 35.8590 32.9550 30.0510 27.1470 24.2430 21.3390 18.4350 15.5310 12.6270 9.72300 6.81900 9.72300 12.6270 15.5310 18.4350 21.3390
17.5870 18.7890 21.6930 24.2310 24.2600 25.4220 26.5830 27.7450 28.9060 30.0680 31.2300 34.1340 35.3360 38.2400 41.1440 43.5190 46.4230 47.6260 50.5300 53.4340 56.3380 56.0240 54.8220 51.9180 50.7560 49.5950 48.4330 47.2710 46.1100 44.9480 43.7870 42.6250 41.4630 40.3020 39.1400 39.1110 39.0820 39.0530 38.3970 37.2350 36.0730 36.0440 37.2060 38.3680 38.8500 38.8210 38.7920 38.7630 38.7340 38.7050 38.6750 35.8300 32.9260 30.0220 27.1180 24.2140 21.3100 18.4060 15.5020 12.5980 9.69400 6.79000 9.69400 12.5980 15.5020 18.4060 21.3100
17.3540 18.5160 20.2060 21.3680 22.5290 25.3930 26.5540 29.4580 31.8100 32.9720 34.1340 35.2950 38.1990 39.4010 42.3050 45.2090 47.5850 50.4890 51.6910 54.5950 56.0650 54.8620 51.9580 50.7560 47.8520 46.6910 45.5290 44.3670 43.2060 42.0440 40.8830 39.7210 38.5590 37.3980 36.2360 36.2070 36.1780 36.1490 35.4930 34.3310 33.1690 33.1400 34.3020 35.4640 35.9460 35.9170 35.8880 35.8590 35.8300 35.8010 35.7710 35.1150 32.8970 29.9930 27.0890 24.1850 21.2810 18.3770 15.4730 12.5690 9.66500 6.76100 9.66500 12.5690 15.4730 18.3770 21.2810
14.4500 16.1400 17.3020 18.4640 21.3270 22.4890 25.3930 28.2970 31.2010 34.1050 37.0090 38.1990 39.3610 42.2650 43.4670 46.3710 49.2750 51.6510 54.5550 55.7570 54.9030 51.9990 50.7970 47.8930 46.6910 43.7870 42.6250 41.4630 40.3020 39.1400 37.9790 36.8170 35.6550 34.4940 33.3320 33.3030 33.2740 33.2450 32.5890 31.4270 30.2650 30.2360 31.3980 32.5600 33.0420 33.0130 32.9840 32.9550 32.9260 32.8970 32.8670 32.2110 31.0500 29.3360 26.4320 23.5280 20.6240 17.7200 14.8160 12.5390 9.63500 6.73100 9.63500 12.5390 15.4430 18.3470 21.2510
12.0750 13.2360 14.3980 17.2610 18.4230 21.3270 24.2310 27.1350 30.0390 32.9430 35.8470 38.7510 41.6550 43.4260 46.3300 47.5330 50.4370 53.3410 55.7160 56.1170 53.7410 50.8370 47.9330 46.7310 43.8270 42.6250 39.7210 38.5590 37.3980 36.2360 35.0750 33.9130 32.7510 31.5900 30.4280 30.3990 30.3700 30.3410 29.6850 28.5230 27.3610 27.3320 28.4940 29.6560 30.1380 30.1090 30.0800 30.0510 30.0220 29.9930 29.9630 29.3070 28.1460 26.9840 25.2710 22.3670 19.4630 16.5590 13.6550 10.7510 9.58900 6.70200 9.60600 12.5100 15.4140 18.3180 21.2220
9.17100 10.3320 13.1960 14.3570 17.2610 20.1650 23.0690 25.9730 28.8770 31.7810 34.6850 37.5890 40.4930 43.3970 46.3010 49.2050 51.5980 54.5020 56.1580 54.9550 52.0510 49.6760 46.7720 43.8680 42.6660 39.7620 38.5590 35.6550 34.4940 33.3320 32.1710 31.0090 29.8470 28.6860 27.5240 27.4950 27.4660 27.4370 26.7810 25.6190 24.4570 24.4280 25.5900 26.7520 27.2340 27.2050 27.1760 27.1470 27.1180 27.0890 27.0590 26.4030 25.2420 24.0800 24.1090 21.2050 18.3010 15.3970 12.4930 9.58900 6.68500 6.67300 9.57700 12.4810 14.7350 17.6390 20.5430
6.26700 9.13000 10.2920 13.1960 16.1000 19.0040 21.9080 24.8120 27.7160 30.6200 33.5240 36.4280 39.3320 42.2360 45.1400 48.0440 50.9480 53.8520 54.9960 52.0920 50.8900 47.9860 45.6100 42.7060 39.8020 38.6000 35.6960 34.4940 31.5900 30.4280 29.2670 28.1050 26.9430 25.7820 24.6200 24.5910 24.5620 24.5330 23.8770 22.7150 21.5530 21.5240 22.6860 23.8480 24.3300 24.3010 24.2720 24.2430 24.2140 24.1850 24.1550 23.4990 22.3380 21.1760 22.3380 21.1760 18.2720 15.3680 12.4640 9.56000 6.65600 6.64400 9.50800 10.6690 13.5730 16.4770 19.3810
6.23800 6.22600 9.13000 12.0340 14.9380 17.8420 20.7460 23.6500 26.5540 29.4580 32.3620 35.2660 38.1700 41.0740 43.9780 46.8820 49.7860 52.6900 53.8340 50.9300 48.0260 46.8240 43.9200 41.5450 38.6410 35.7370 34.5340 31.6300 30.4280 27.5240 26.3630 25.2010 24.0390 22.8780 21.7160 21.6870 21.6580 21.6290 20.9730 19.8110 18.6490 18.6200 19.7820 20.9440 21.4260 21.3970 21.3680 21.3390 21.3100 21.2810 21.2510 20.5950 19.4340 18.2720 19.4340 20.5950 19.4340 16.5300 13.6260 10.7220 9.51900 6.61500 6.60400 9.50800 12.4120 15.3160 18.2200
9.10100 6.19700 9.10100 12.0050 14.9090 17.8130 20.7170 23.6210 26.5250 29.4290 32.3330 35.2370 38.1410 41.0450 43.9490 46.8530 49.7570 52.6610 52.1620 49.7690 46.8650 43.9610 42.7580 39.8540 37.4790 34.5750 31.6710 30.4690 27.5650 26.3630 23.4590 22.2970 21.1350 19.9740 18.8120 18.7830 18.7540 18.7250 18.0690 16.9070 15.7450 15.7160 16.8780 18.0400 18.5220 18.4930 18.4640 18.4350 18.4060 18.3770 18.3470 17.6910 16.5300 15.3680 16.5300 17.6910 18.1730 17.6910 14.7870 13.5850 10.6810 9.47900 6.57500 9.47900 12.3830 15.2870 18.1910
9.05500 6.16800 9.07200 11.9760 14.8800 17.7840 20.6880 23.5920 26.4960 29.4000 32.3040 35.2080 38.1120 41.0160 43.9200 46.8240 49.7280 52.6320 51.0000 48.0960 45.7030 42.7990 39.8950 38.6930 35.7890 33.4130 30.5090 27.6050 26.4030 23.4990 22.2970 19.3930 18.2310 17.0700 15.9080 15.8790 15.8500 15.8210 15.1650 14.0030 12.8410 12.8120 13.9740 15.1360 15.6180 15.5890 15.5600 15.5310 15.5020 15.4730 15.4430 14.7870 13.6260 12.4640 13.6260 14.7870 15.2690 15.2400 14.6190 13.4570 10.5710 9.40900 6.54600 9.45000 12.3540 15.2580 18.1620
6.15100 6.13900 9.04300 11.9470 14.8510 17.7550 20.6590 23.5630 26.4670 29.3710 32.2750 35.1790 38.0830 40.9870 43.8910 46.7950 49.6990 52.6030 49.8380 46.9340 44.0300 41.6380 38.7340 35.8300 34.6270 31.7230 29.3480 26.4440 23.5400 22.3380 19.4340 18.2310 15.3270 14.1660 13.0040 12.9750 12.9460 12.9170 12.8880 11.0990 9.93700 9.90800 11.0700 12.7430 12.7140 12.6850 12.6560 12.6270 12.5980 12.5690 12.5390 12.5100 10.7220 9.56000 10.7220 12.3940 12.3650 12.3360 12.3070 10.5530 9.39200 6.50500 6.51700 9.42100 12.3250 15.2290 18.1330
6.12200 6.11000 9.01400 11.9180 14.8220 17.7260 20.6300 23.5340 26.4380 29.3420 32.2460 35.1500 38.0540 40.9580 43.8620 46.7660 49.6700 51.5810 48.6770 45.7730 42.8690 39.9650 37.5720 34.6680 31.7640 30.5620 27.6580 25.2820 22.3780 19.4740 18.2720 15.3680 14.1660 11.2620 10.1000 10.0710 10.0420 10.0130 9.98400 9.93700 7.03300 7.00400 9.86800 9.83900 9.81000 9.78100 9.75200 9.72300 9.69400 9.66500 9.63500 9.60600 9.56000 6.65600 9.51900 9.49000 9.46100 9.43200 9.40300 9.37400 6.48800 6.47600 6.48800 9.39200 12.2960 15.2000 18.1040
8.98500 6.08100 8.98500 11.8890 14.7930 17.6970 20.6010 23.5050 26.4090 29.3130 32.2170 35.1210 38.0250 40.9290 43.8330 46.7370 49.6410 50.4190 47.5150 44.6110 41.7070 38.8030 35.8990 33.5060 30.6020 27.6980 26.4960 23.5920 21.2170 18.3130 15.4090 14.2060 11.3020 10.1000 7.19600 7.16700 7.13800 7.10900 7.08000 7.05100 7.02200 6.99300 6.96400 6.93500 6.90600 6.87700 6.84800 6.81900 6.79000 6.76100 6.73100 6.70200 6.67300 6.64400 6.61500 6.58600 6.55700 6.52800 6.49900 6.47000 6.45800 6.44700 6.45800 9.36200 12.2660 14.5430 17.4470
8.95600 6.05200 8.95600 11.8600 14.7640 17.6680 20.5720 23.4760 26.3800 29.2840 32.1880 35.0920 37.9960 40.9000 43.8040 46.7080 49.6120 49.2580 46.3540 43.4500 40.5460 37.6420 34.7380 31.8340 29.4410 26.5370 23.6330 22.4300 19.5260 17.1510 14.2470 11.3430 10.1410 7.23700 7.20800 10.0710 10.0420 10.0130 9.98400 9.95500 9.92600 9.87900 6.97500 6.94600 9.81000 9.76300 6.85900 6.83000 6.80100 6.77200 6.74300 6.71400 6.68500 6.65600 6.62700 6.59800 6.56900 6.54000 9.36200 6.45800 6.42900 6.41800 6.42900 9.31600 10.4780 13.3820 16.2860
8.88600 6.02300 8.92700 11.8310 14.7350 17.6390 20.5430 23.4470 26.3510 29.2550 32.1590 35.0630 37.9670 40.8710 43.7750 46.6790 49.5830 48.0960 45.1920 42.2880 39.3840 36.4800 33.5760 30.6720 27.7680 25.3750 22.4710 19.5670 18.3650 15.4610 13.0850 10.1810 7.27700 7.24800 10.1120 11.2730 12.9460 12.9170 12.8880 12.8590 12.8300 11.0410 9.87900 9.85000 11.0120 10.9250 9.76300 9.73400 9.70500 9.67600 9.64700 9.61800 9.58900 9.56000 9.53100 9.50200 9.47300 9.44400 10.5240 9.36200 9.25200 6.38900 6.40000 6.41200 9.31600 12.2200 15.1240
5.98200 5.99400 8.89800 11.8020 14.7060 17.6100 20.5140 23.4180 26.3220 29.2260 32.1300 35.0340 37.9380 40.8420 43.7460 46.6500 49.5540 46.9340 44.0300 41.1260 38.2220 35.3180 32.4140 29.5100 26.6060 23.7020 21.3100 18.4060 15.5020 14.2990 11.3950 10.1930 7.28900 7.27700 10.1810 13.0850 15.3390 15.8210 15.7920 15.7630 15.1070 13.9450 12.7830 12.7540 13.9160 13.8290 12.6670 12.6380 12.6090 12.5800 12.5510 12.5220 12.4930 12.4640 12.4350 12.4060 12.3770 12.3480 12.1560 9.25200 6.34800 6.36000 6.37100 6.40000 9.30400 12.2080 15.1120
5.95300 8.85700 10.0590 12.9630 15.8670 18.7710 21.6750 24.5790 27.4830 30.3870 33.2910 36.1950 39.0990 42.0030 44.9070 47.8110 48.6770 45.7730 42.8690 39.9650 37.0610 34.1570 31.2530 28.3490 25.4450 22.5410 19.6370 17.2440 14.3400 11.4360 10.2340 7.33000 10.1930 10.1810 11.3430 14.2470 17.1510 18.7250 18.6960 18.6670 18.0110 16.8490 15.6870 15.6580 16.8200 16.7330 15.5710 15.5420 15.5130 15.4840 15.4550 15.4260 15.3970 15.3680 15.3390 15.3100 15.2810 15.0310 12.1270 9.22300 6.31900 6.33100 9.23500 6.41200 9.31600 12.2200 15.1240
5.92400 8.82800 11.7320 14.1250 17.0290 19.9330 22.8370 25.7410 28.6450 31.5490 34.4530 37.3570 40.2610 43.1650 46.0690 48.9730 47.5150 44.6110 41.7070 38.8030 35.8990 32.9950 30.0910 27.1870 24.2830 21.3790 18.4750 15.5710 13.1780 10.2740 7.37000 7.35900 10.2630 13.0850 14.2470 15.4090 18.3130 21.2170 21.6000 21.5710 20.9150 19.7530 18.5910 18.5620 19.7240 19.6370 18.4750 18.4460 18.4170 18.3880 18.3590 18.3300 18.3010 18.2720 18.2430 18.2140 17.2150 14.3520 12.0980 9.19400 6.29000 6.30200 9.20600 9.31600 10.4780 13.3820 16.2860
8.78800 9.99000 12.8940 15.7980 18.1910 21.0950 23.9990 26.9030 29.8070 32.7110 35.6150 38.5190 41.4230 44.3270 47.2310 49.2580 46.3540 43.4500 40.5460 37.6420 34.7380 31.8340 28.9300 26.0260 23.1220 20.2180 17.3140 14.4100 11.5060 10.3030 7.39900 10.2630 11.4240 14.3280 17.1510 18.3130 19.4740 22.3780 24.5040 24.4750 23.8190 22.6570 21.4950 21.4660 22.6280 22.5410 21.3790 21.3500 21.3210 21.2920 21.2630 21.2340 21.2050 21.1760 20.1190 17.2150 14.3110 13.1490 10.2860 9.12400 6.26100 9.16500 10.3670 12.2200 13.3820 14.5430 17.4470
8.75800 11.6620 13.9160 16.8200 19.7240 22.2560 25.1600 28.0640 30.9680 33.8720 36.7760 39.6800 42.5840 45.4880 48.3920 48.0960 45.1920 42.2880 39.3840 36.4800 33.5760 30.6720 27.7680 24.8640 21.9600 19.0560 16.1520 13.2480 10.3440 7.44000 10.3030 11.4650 14.3280 15.4900 18.3940 21.2170 22.3780 23.5400 26.4440 27.3790 26.7230 25.5610 24.3990 24.3700 25.5320 25.4450 24.2830 24.2540 24.2250 24.1960 24.1670 24.1380 24.1090 21.8610 18.9570 16.0530 13.1490 10.2450 9.08400 6.22000 6.23200 9.13600 12.0400 14.4330 16.2280 17.3890 18.5510
8.68900 9.85000 12.7540 15.6580 18.5620 21.4660 24.3700 27.2740 30.1780 33.0820 35.9860 38.8900 41.7940 44.6980 47.6020 47.6140 44.7100 41.8060 38.9020 35.9980 33.0940 30.1900 27.2860 24.3820 21.4780 18.5740 15.6700 13.2770 10.3730 7.46900 10.3730 13.2770 15.5310 18.3940 19.5560 22.4600 25.2820 26.4440 27.6050 30.2830 29.6270 28.4650 27.3030 27.2740 28.4360 28.3490 27.1870 27.1580 27.1290 27.1000 27.0710 26.3390 23.6040 20.7000 17.7960 14.8920 11.9880 9.08400 6.18000 6.19100 6.20300 9.10700 12.0110 12.1620 13.3240 14.4850 16.2740
5.78500 8.68900 11.5930 14.4970 17.4010 20.3050 23.2090 26.1130 29.0170 31.9210 34.8250 37.7290 40.6330 43.5370 46.4410 46.4520 43.5480 40.6440 37.7400 34.8360 31.9320 29.0280 26.1240 23.2200 20.3160 17.4120 14.5080 11.6040 10.4020 7.49800 10.4020 13.3060 16.2100 19.1140 22.0180 23.6210 26.5250 29.3480 30.5090 31.6710 32.5310 31.3690 30.2070 30.1780 31.3400 31.2530 30.0910 30.0620 30.0330 30.0040 28.0820 25.1780 22.2740 20.0200 17.1160 14.2120 11.9590 9.05500 6.15100 6.16200 9.06600 10.2690 9.24600 9.25800 10.4200 12.2080 13.3700
5.75600 8.66000 11.5640 14.4680 17.3720 20.2760 23.1800 26.0840 28.9880 31.8920 34.7960 37.7000 40.6040 43.5080 46.4120 45.2910 42.3870 39.4830 36.5790 33.6750 30.7710 27.8670 24.9630 22.0590 19.1550 16.2510 13.3470 10.4430 7.53900 7.52700 10.4310 13.3350 16.2390 19.1430 22.0470 24.9510 27.6870 30.5910 33.4130 34.5750 35.4350 34.2730 33.1110 33.0820 34.2440 34.1570 32.9950 32.9660 32.7280 29.8240 26.9200 24.0160 21.1120 18.2080 15.9550 13.0510 10.1470 8.98500 6.12200 9.02600 6.20300 9.10700 6.34200 6.35400 9.25800 9.30400 10.4660
5.72700 8.63100 11.5350 14.4390 17.3430 20.2470 23.1510 26.0550 28.9590 31.8630 34.7670 37.6710 40.5750 43.4790 46.3830 45.3200 42.4160 39.5120 36.6080 33.7040 30.8000 27.8960 24.9920 22.0880 19.1840 16.2800 13.3760 10.4720 7.56800 10.4310 11.5930 14.4970 17.4010 20.3050 23.2090 26.1130 29.0170 31.7520 34.6560 37.4790 38.3390 37.1770 36.0150 35.9860 37.1480 37.0610 35.8990 34.4700 31.5660 28.6620 25.7580 22.8540 19.9500 17.0460 14.1420 11.8890 8.98500 6.08100 6.09300 8.99700 6.23200 9.13600 6.31300 6.34200 6.37100 6.40000 9.30400
5.69800 8.60200 11.5060 14.4100 17.3140 20.2180 23.1220 26.0260 28.9300 31.8340 34.7380 37.6420 40.5460 43.4500 46.3540 45.3490 42.4450 39.5410 36.6370 33.7330 30.8290 27.9250 25.0210 22.1170 19.2130 16.3090 13.4050 10.5010 7.59700 10.5010 13.4050 15.6580 18.5620 21.4660 24.3700 27.2740 30.1780 33.0820 35.8180 38.7220 41.2430 40.0810 38.9190 38.8900 40.0520 39.1170 36.2130 33.3090 30.4050 27.5010 24.5970 21.6930 18.7890 15.8850 12.9810 10.0770 8.91500 6.05200 8.95600 9.16500 6.26100 6.27300 9.17700 9.24600 9.27500 6.41200 6.44100
