AppendixA/HikerMovements/data/dist_parking_1000.asc
ncols 271
nrows 294
xllcorner 698225
yllcorner 5141858
cellsize 30.00
nodata_value  225.453
[rows 29 to 57 of 294, columns 0 to 66 of 271]
25.6950 26.8560 26.6470 25.4860 25.4560 22.9940 21.8320 20.6710 19.5090 19.4800 19.4510 19.4220 18.7420 17.5810 16.4190 16.3900 16.3610 16.3320 17.4940 17.3430 14.4390 13.2770 13.2070 10.3030 10.2740 10.2450 10.2160 10.1870 13.0510 13.0220 12.9920 12.9630 12.9340 10.0300 10.0190 12.8820 12.8530 14.0150 15.6870 15.6580 13.8460 12.6670 9.76300 12.6270 13.7070 12.5450 12.5160 12.5050 13.6660 16.5700 19.4740 22.3780 25.2820 27.4200 28.5810 29.7430 31.4330 32.5940 33.7560 36.6600 39.4650 40.6270 41.7890 44.5010 45.6620 46.8240 47.9860
26.0660 24.9050 23.7430 22.5820 22.5520 21.8730 20.7110 19.5500 19.5210 19.4920 18.8120 17.6510 16.4890 14.6770 13.5150 13.4860 13.4570 13.4280 14.5900 16.2620 16.2330 16.1810 14.3690 13.1900 10.2860 13.1090 10.2050 10.1760 10.1470 10.1180 10.0880 10.0590 12.9230 10.0190 9.99000 9.97800 9.94900 12.8120 12.7830 12.7540 12.6850 9.78100 9.75200 9.72300 12.5450 9.64100 9.61200 9.60100 12.5050 15.4090 18.3130 21.2170 23.3540 24.5160 25.6770 27.3670 28.5290 29.6900 32.5940 35.4000 36.5610 37.7230 40.4350 41.5970 42.7580 43.9200 45.0820
23.1620 22.0010 20.8390 19.6780 19.6480 18.9690 17.8070 16.6460 16.6170 16.5880 16.5590 14.7470 13.5850 13.5150 10.6110 10.5820 10.5530 10.5240 13.3870 13.3580 13.3290 13.3000 13.2710 13.1780 10.2740 10.2450 13.1090 13.0390 10.1350 10.1060 10.0770 10.0480 10.0190 12.8820 12.8530 9.94900 9.93700 9.90800 9.87900 9.85000 9.82100 12.6850 12.6150 9.71100 9.68200 9.65300 12.4760 9.57200 12.4760 15.3800 18.1270 19.2880 20.4500 21.6120 23.3020 24.4630 25.6250 28.5290 31.3340 32.4960 33.6570 36.3700 37.5310 38.6930 39.8540 41.0160 42.1780
22.0010 19.0970 17.9350 16.7740 16.7440 16.7150 14.9030 13.7420 13.7130 13.6840 13.6550 13.5850 10.6810 10.6520 13.5150 13.4860 13.4160 10.5120 10.4830 10.4540 10.4250 10.3960 10.3670 13.1900 10.2860 10.2740 10.2860 13.1900 13.0390 12.9690 10.0650 10.0360 12.8820 9.97800 9.94900 9.92000 9.90800 9.89700 12.7830 12.7540 12.7250 13.8870 13.7770 12.6150 12.5860 12.5570 12.4470 9.54300 12.4470 15.2520 15.2230 16.3840 17.5460 19.2360 20.3980 21.5590 24.4630 27.2690 28.4300 29.5920 32.3040 33.4660 34.6270 35.7890 36.9500 38.1120 39.2740
19.1370 17.9350 15.0310 13.8700 13.8400 13.8110 13.7420 10.8380 10.8090 10.7800 10.7510 10.7220 13.5850 13.5560 14.7170 16.3900 14.5780 13.4160 13.3870 13.3580 13.3290 13.3000 13.2310 10.3270 10.3150 13.1780 10.3150 13.2190 15.9430 14.1310 12.9690 12.9000 9.99600 9.96700 12.8300 12.7830 9.87900 9.86800 9.87900 12.7830 15.5480 16.7100 16.6810 15.5190 15.4900 15.3220 12.4180 9.51400 12.3770 12.3480 12.3190 13.4800 15.1700 16.3320 17.4940 20.3980 23.2030 24.3650 25.5260 28.3900 29.4000 30.5620 31.7230 32.8850 34.0460 35.2080 36.3700
17.9760 15.0720 13.8700 10.9660 10.9360 10.9070 10.8780 13.7420 13.7130 13.6840 13.6550 13.6260 14.7870 16.4600 17.6210 18.6440 17.4820 16.3200 16.2910 16.2620 16.2330 16.2040 14.3920 13.2310 13.2190 14.3810 13.2190 14.3810 17.2850 17.0350 15.8730 14.0610 12.8590 9.95500 9.92600 9.89700 9.86800 9.83900 12.7020 12.6730 12.6440 13.8060 15.4780 15.4490 16.6110 15.3100 12.4060 9.50200 9.47300 9.44400 9.41500 12.2780 12.2660 13.4280 16.3320 19.1370 20.2990 21.4610 24.3240 25.4860 26.4960 27.6580 28.8190 29.9810 31.1420 32.3040 33.4660
15.1120 13.9100 11.0060 10.9770 13.8400 13.8110 13.7820 14.9440 16.6170 16.5880 16.5590 16.5300 17.6910 18.8530 20.5250 21.5480 20.3860 19.2240 19.1950 19.1660 19.1370 18.4580 17.2960 16.1350 16.1230 17.2850 16.1230 17.2850 18.4460 19.9390 18.1270 16.9250 14.0210 12.8590 12.8300 12.8010 12.7310 9.82700 9.79800 9.76900 9.74000 12.6030 12.5740 12.5450 13.7070 15.3800 13.5670 12.4060 12.3770 12.3070 9.40300 9.37400 9.36200 12.2660 15.0720 16.2330 17.3950 20.2580 21.4200 23.6040 23.5920 24.7540 25.9150 27.0770 28.2380 29.4000 32.3040
13.9510 11.0470 13.9100 13.8810 15.0430 16.7150 16.6860 17.8480 19.0100 19.4920 19.4630 19.4340 20.5950 21.7570 22.9180 24.4520 23.2900 22.1280 22.0990 22.0700 22.0410 21.3620 20.2000 19.0390 19.0270 20.1890 19.0270 20.1890 21.3500 22.1920 20.9900 18.0860 16.9250 15.7630 15.7340 15.7050 13.8930 12.7310 12.7020 12.6320 9.72800 9.69900 9.67000 9.64100 12.5050 12.4760 12.4640 13.6260 15.2810 13.4690 12.3070 12.2370 9.33300 12.1970 12.1680 13.3290 16.1930 17.3540 20.2180 20.7000 20.6880 21.8500 23.0110 24.1730 25.3340 28.2380 31.1420
11.0870 13.9510 15.1120 16.7850 17.9470 19.1080 19.5900 20.7520 21.9140 22.3960 22.3670 22.3380 23.4990 24.6610 25.8220 26.9840 26.1940 25.0320 24.7360 24.7070 24.9450 24.2660 23.1040 21.9430 21.9310 23.0930 21.9310 23.0930 24.2540 25.0560 22.1520 20.9900 19.8290 18.6670 18.6380 17.9580 16.7970 15.6350 15.6060 13.7940 12.6320 12.6030 12.5340 9.63000 9.60100 9.57200 9.56000 12.4640 15.3680 16.3730 15.1300 12.2260 9.32200 9.29300 9.26400 12.1270 13.2890 16.1520 17.3140 17.7960 17.7840 18.9460 20.1070 21.2690 24.1730 27.0770 29.9810
13.9910 15.1530 18.0160 19.1780 20.8510 22.0120 22.4940 23.6560 24.8180 25.3000 25.2710 25.2420 26.4030 27.5650 26.4790 25.3170 24.1550 22.9940 21.8320 21.8030 22.9650 24.1260 24.6080 24.8470 24.8350 25.9970 24.8350 25.9970 27.1580 26.2170 25.0560 23.8940 22.7330 21.5710 21.5420 20.8620 19.7010 18.5390 17.8600 16.6980 15.5360 15.5070 13.6950 12.4930 9.58900 9.56000 9.53100 12.3940 13.5560 16.4600 16.2910 13.3870 12.2260 12.1560 9.25200 9.22300 12.0860 13.2480 14.9210 14.8920 14.8800 16.0420 17.2030 20.1070 23.0110 25.9150 28.4650
16.8950 18.0570 19.2190 22.0820 23.2440 24.9160 25.3980 26.5600 27.7220 28.2040 28.1750 28.1460 26.5480 25.3870 24.2250 22.4130 21.2510 20.0900 18.9280 18.8990 20.0610 21.2220 21.7040 22.8660 24.0280 24.5100 24.4810 25.6420 26.8040 27.2860 27.2570 26.5770 25.4160 24.2540 23.5510 22.3900 21.2280 21.1990 20.5200 19.3580 17.5690 16.4080 15.2460 13.4750 12.3130 12.3250 12.3540 9.49000 12.3940 13.5730 16.4770 16.2910 15.1300 13.3180 12.1150 9.21100 9.18200 12.0460 12.0170 11.9880 11.9760 13.1380 16.0420 18.9460 21.8500 24.3990 25.5610
19.7990 20.9610 22.1230 23.2840 26.1480 27.3090 28.3020 29.4640 30.6260 31.1080 29.4930 26.5890 25.3870 22.4830 21.3210 20.1600 18.3470 17.1860 16.0240 15.9950 17.1570 18.3180 18.8000 19.9620 21.1240 21.6060 21.5770 22.7380 23.9000 24.3820 24.3530 23.6730 22.5120 21.3500 20.6470 19.4860 18.3240 18.2950 17.6160 16.4540 15.2920 13.5040 12.3420 12.3130 9.40900 9.42100 9.45000 9.47900 9.50800 12.4120 15.3160 17.8650 17.3830 16.1810 13.2770 12.1150 12.0460 9.14200 9.11300 9.08400 9.07200 11.9760 14.8800 17.7840 20.3340 21.4950 22.6570
22.7030 23.8650 25.0270 26.1880 27.3500 30.2130 31.2060 32.3680 33.5300 31.2350 28.3310 25.4270 22.5230 21.3210 18.4170 17.2560 16.0940 14.2820 13.1200 13.0910 14.2530 15.9260 15.8960 17.0580 18.2200 18.7020 18.6730 19.8340 20.9960 21.4780 21.4490 20.7690 19.6080 18.4460 17.7430 16.5820 15.4200 15.3910 15.3620 13.5500 12.3880 12.3420 9.43800 9.40900 9.38000 12.2430 12.2140 12.1850 12.1560 13.3180 14.9900 14.9610 14.9320 14.9030 14.8740 14.8450 13.2070 12.0460 12.0170 11.9060 9.04300 11.9470 14.8510 17.4590 17.4300 18.5910 19.7530
25.6070 26.7690 27.9310 29.0920 30.2540 31.4150 34.1100 35.2720 32.9780 30.0740 27.1700 24.2660 21.3620 18.4580 17.2560 14.3520 13.1900 13.1200 10.2160 10.1870 13.0510 13.0220 12.9920 14.1540 15.8270 15.7980 15.7690 16.9300 18.0920 18.5740 18.5450 17.8650 16.7040 15.5420 15.5130 13.6780 12.5160 12.4870 12.4580 12.3880 9.48400 9.45500 9.42600 9.39700 9.36800 9.33900 9.31000 9.28100 9.25200 12.1150 12.0860 12.0570 12.0280 11.9990 11.9700 11.9410 11.9120 13.0740 11.9060 9.00200 9.01400 11.9180 14.8220 14.5550 14.5260 15.6870 16.8490
28.5110 29.6730 30.8350 31.9960 33.1580 34.3190 35.4810 34.7200 31.8160 28.9120 26.0080 23.1040 20.2000 17.2960 14.3920 13.1900 10.2860 10.2570 10.2280 13.0510 10.1470 10.1180 10.0880 12.9520 12.9230 12.8940 12.8650 14.0260 15.6990 15.6700 15.6410 15.6120 13.8000 12.6380 12.6090 12.5160 9.61200 9.58300 9.55400 9.52500 9.49600 9.46700 9.43800 9.40900 12.2720 12.2430 12.2140 12.1450 9.24100 9.21100 9.18200 9.15300 9.12400 9.09500 9.06600 9.03700 9.00800 11.8720 11.8770 8.97300 11.8770 13.0800 12.8120 11.6510 11.6220 12.7830 14.4560
31.4150 32.5770 33.7390 34.9000 36.0620 37.2230 36.4630 33.5590 30.6550 27.7510 24.8470 21.9430 19.0390 16.1350 13.2310 10.3270 10.2980 13.1610 13.1320 14.2120 13.0510 12.9980 12.9520 10.0480 10.0190 9.99000 9.96100 12.8240 12.7950 12.7660 12.7370 12.7080 12.6380 9.73400 9.70500 12.5690 12.4990 9.59500 12.4580 12.4290 12.4000 12.3710 12.3420 12.3130 13.4750 15.1470 15.1180 13.3060 12.1450 12.1150 12.0860 12.0570 12.0280 11.9760 11.9300 9.02600 8.99700 8.96800 11.8310 8.94400 11.8480 14.5550 11.6510 8.74700 8.71800 11.5810 11.5520
34.3190 35.4810 36.6430 37.8040 38.9660 39.3780 36.4740 33.5700 30.6660 27.7620 24.8580 21.9540 19.0500 16.1460 13.2420 10.3380 10.3270 13.2310 16.0360 15.9020 12.9980 10.0940 10.0650 10.0360 10.0070 9.97800 9.94900 9.92000 9.89100 9.86200 9.83300 9.80400 9.77500 12.6380 12.5690 9.66500 9.63500 9.62400 12.5280 15.3330 15.3040 15.2750 15.2460 15.2170 16.3790 17.5400 16.0820 13.1780 12.0170 12.0280 12.0570 12.0460 11.9760 9.07200 9.04300 9.01400 8.98500 8.95600 8.92700 8.91500 11.8190 11.7090 11.6390 8.73500 8.70600 8.67700 8.64800
37.2230 38.3850 39.5470 40.7080 41.8700 40.5400 37.6360 34.7320 31.8280 28.9240 26.0200 23.1160 20.2120 17.3080 14.4040 13.2420 10.3560 13.2600 14.4620 17.0640 14.1600 12.9810 10.0770 12.9400 12.9110 12.8820 12.8530 12.8240 12.7950 12.7660 12.7370 12.7080 12.6790 13.8400 13.7300 12.5690 12.5390 12.5280 13.6890 16.5930 18.2080 18.1790 18.1500 18.1210 19.2830 17.8250 14.9210 12.0170 9.11300 9.12400 9.15300 9.14200 9.11300 9.08400 11.9470 11.9180 11.8890 11.8190 8.91500 8.88600 11.7090 8.80500 8.77600 8.74700 11.6100 11.5400 8.63600
40.1270 41.2890 42.4510 43.6120 44.6050 41.7010 38.7970 35.8930 32.9890 30.0850 27.1810 24.2770 21.3730 18.4690 17.3080 14.4210 13.2600 10.3960 13.3000 16.2040 17.0460 14.1420 12.9810 10.1180 13.0220 15.7860 15.7570 15.7280 15.6990 15.6700 15.6410 15.6120 15.5830 16.7440 16.6340 15.4730 15.4430 15.4320 16.5930 17.7550 20.6590 21.0830 21.0540 21.0250 20.7000 17.7960 14.8920 11.9880 9.08400 11.9470 11.9350 12.0460 12.0170 11.9880 13.1490 14.8220 14.7120 11.8080 8.90400 8.87500 8.84600 8.81700 8.78800 8.77600 11.6800 12.7020 11.5000
43.0310 44.1930 45.3550 46.5160 45.7670 42.8630 39.9590 37.0550 34.1510 31.2470 28.3430 25.4390 22.5350 21.3730 18.4870 16.2330 13.3290 10.4250 13.3290 14.5320 17.4360 15.9550 13.0510 10.1470 13.0510 14.2530 17.1570 18.3590 18.6030 18.5740 18.5450 18.5160 18.4870 19.6480 19.5380 18.3770 18.3470 18.3360 19.4970 20.6590 21.8210 23.9870 23.9580 23.9290 21.8610 18.9570 16.0530 13.1490 11.9470 9.04300 9.03100 11.9350 14.8390 14.8920 16.0530 17.2150 15.8730 12.9690 11.8080 11.7790 11.7500 11.7210 11.6920 11.6800 12.8410 15.5650 12.6610
45.9350 47.0970 48.2590 49.4200 46.9290 44.0250 41.1210 38.2170 35.3130 32.4090 29.5050 26.6010 25.4390 22.5520 20.2990 17.3950 14.4910 13.3290 10.4660 13.3700 16.2740 17.1160 14.2120 13.0510 10.1870 13.0910 14.2930 17.1970 20.1010 21.3620 21.4490 21.4200 21.3910 22.5520 22.4420 21.2810 21.2510 21.2400 22.4010 23.5630 24.7250 25.8860 26.8620 25.9270 23.0230 20.1190 17.2150 16.0130 13.1090 11.9060 9.00200 11.9060 14.8100 17.7140 17.3250 17.3140 17.0350 15.8730 14.7120 14.6830 14.6540 14.6250 14.5960 14.5840 15.7450 16.7270 15.5250
48.8390 50.0010 51.1630 50.9940 48.0900 45.1860 42.2820 39.3780 36.4740 33.5700 30.6660 29.5050 26.6180 24.3650 21.4610 18.5570 16.3030 13.3990 10.4950 13.3990 14.6010 17.5050 17.1160 14.2530 13.0910 10.2280 13.1320 16.0360 17.2960 18.4580 21.3620 24.2660 24.2950 25.4560 25.3460 24.1850 24.1550 24.1440 25.3050 26.4670 27.6290 28.7900 29.7660 27.0890 24.1850 21.2810 19.9390 17.0350 14.7810 11.8770 8.97300 11.8770 14.7810 15.5830 14.4210 14.4100 14.4210 15.5830 16.7440 17.5870 17.5580 17.5290 17.5000 17.4880 18.6490 19.5900 16.6860
49.0020 48.9730 48.9440 50.1060 49.2520 46.3480 43.4440 40.5400 37.6360 34.7320 33.5700 30.6840 28.4300 25.5260 22.6220 20.3690 17.4650 14.5610 13.3990 10.5360 13.4400 16.3440 17.6040 16.0650 13.1610 10.2570 13.1610 13.2310 14.3920 17.2960 20.2000 22.5760 25.4800 26.6820 28.2500 27.0890 27.0590 27.0480 28.2090 29.3710 30.5330 31.6940 29.7430 26.8390 23.9350 21.0310 18.7770 15.8730 12.9690 11.8080 8.94400 11.8480 14.7520 12.6790 11.5170 11.5060 11.5170 12.6790 15.5830 18.2490 17.0870 17.0580 17.0290 17.0000 18.1620 19.3230 19.5900
46.0980 46.0690 46.0400 47.2020 48.3630 47.5090 44.6050 41.7010 38.7970 37.6360 34.7490 32.4960 29.5920 26.6880 24.4340 21.5300 18.6260 16.3730 13.4690 10.5650 13.4690 13.5380 14.7000 17.2270 14.3230 13.1610 10.2980 10.3270 13.2310 16.1350 18.5100 21.4140 22.6160 25.5200 28.4240 29.9930 29.9630 29.9520 31.1130 32.2750 33.4370 31.4850 28.5810 25.6770 22.7730 19.8690 16.9650 14.7120 11.8080 8.90400 8.91500 11.8190 12.7200 11.5170 8.61300 8.60200 8.61300 11.5170 14.4210 15.3450 14.1830 14.1540 14.1250 14.0960 15.2580 16.4190 16.9010
43.1940 43.1650 43.1360 44.2980 45.4590 45.9410 45.7670 42.8630 41.7010 38.8150 36.5610 33.6570 30.7530 28.5000 25.5960 22.6920 20.4380 17.5340 14.6300 13.4690 10.6050 10.6340 13.5380 16.4420 17.2270 14.3630 13.2020 10.3380 13.2420 14.4440 17.3480 18.5510 21.4550 24.3590 27.2630 30.1670 32.8670 32.8560 34.0170 35.1790 33.2280 30.3240 27.4200 24.5160 21.6120 18.7080 15.8040 12.9000 11.7380 8.87500 11.7790 12.7600 11.5580 8.65400 11.4770 8.57300 8.58400 11.4880 14.2530 12.4410 11.2790 11.2500 11.2210 11.1920 12.3540 14.0260 13.9970
40.2900 40.2610 40.2320 41.3940 42.5550 43.0370 44.1990 45.3600 42.8800 40.6270 37.7230 34.8190 32.5650 29.6610 26.7570 24.5040 21.6000 18.6960 17.5340 14.6710 13.5090 13.5380 14.7000 17.6040 18.4290 16.1750 13.2710 10.3670 10.3790 13.2830 14.4850 17.3890 20.2930 23.1970 26.1010 29.0050 31.9090 34.8130 36.9210 34.9700 32.0660 29.1620 26.2580 23.3540 20.4500 17.5460 14.6420 11.7380 8.83400 11.6970 11.6680 11.5990 8.69500 11.5580 11.4480 8.54400 11.4070 11.3780 11.3490 11.2790 8.37500 8.34600 8.31700 8.28800 11.1510 11.1220 11.0930
37.3860 37.3570 37.3280 38.4900 39.6510 40.1330 41.2950 42.4560 43.6180 41.7890 38.8850 36.6310 33.7270 30.8230 28.5700 25.6660 22.7620 21.6000 18.7370 17.5750 16.4130 16.4420 17.6040 18.7660 19.3460 17.3370 14.4330 13.2710 10.4080 10.4200 13.3240 16.2280 19.1320 22.0360 24.9400 27.8440 30.7480 33.6520 36.5560 34.9580 32.0540 29.1500 26.2460 23.3420 20.4380 17.5340 14.6300 11.7260 8.82200 8.79300 8.76400 8.73500 11.5990 12.7600 11.4360 8.53200 8.50300 8.47400 8.44500 8.41600 11.2790 11.2500 11.2210 11.1510 8.24700 8.21800 8.18900
34.4820 34.4530 34.4240 35.5860 36.7470 37.2290 38.3910 39.5520 40.7140 41.8760 40.6970 37.7930 34.8890 32.6350 29.7310 26.8270 25.6660 22.8020 21.6410 20.4790 19.3170 19.3460 18.7660 17.6040 16.4420 16.4130 16.3840 14.4740 13.3120 10.4490 13.3530 16.2570 19.1610 22.0650 24.9690 27.8730 30.7770 33.6810 36.5850 36.1200 33.2160 30.3120 27.4080 24.5040 21.6000 18.6960 15.7920 12.8880 11.7090 8.80500 8.77600 11.6390 12.8010 15.5020 12.5980 11.4360 11.4070 11.3780 11.3490 11.3200 12.4810 14.1540 14.1250 12.3130 11.1510 10.8840 10.8960
31.5780 31.5490 31.5200 32.6820 33.8430 34.3250 35.4870 36.6480 37.8100 38.9720 40.1330 38.9540 36.7010 33.7970 30.8930 29.7310 26.8680 25.7060 24.5450 23.3830 22.2210 20.5080 17.6040 14.7000 13.5380 13.5090 13.4800 13.4510 13.3820 10.4780 13.3820 16.2860 19.1900 22.0940 24.9980 27.9020 30.8060 33.7100 36.6140 37.2820 34.3780 31.4740 28.5700 25.6660 22.7620 19.8580 16.9540 15.7750 12.8710 11.7090 11.6800 12.8410 15.7050 16.6630 15.5020 14.3400 14.3110 14.2820 14.2530 14.2240 15.3850 16.5470 16.3790 13.7880 10.8840 7.98000 7.99200
