AppendixA/HikerMovements/data/dist_coronelle_1000.asc
ncols 271
nrows 294
xllcorner 698225
yllcorner 5141858
cellsize 30.00
nodata_value  225.477
[rows 116 to 144 of 294, columns 201 to 267 of 271]
11.0120 12.2140 15.1180 18.0220 20.9260 23.8300 26.7340 29.6380 32.5420 35.4460 38.3500 41.2540 44.1580 47.0620 49.9660 52.8700 55.7740 58.6780 61.5820 64.4860 67.3900 70.2940 73.1980 76.1020 79.0060 81.9100 84.8140 87.7180 90.6220 93.5260 96.4300 99.3340 102.238 105.142 106.890 105.729 104.567 103.406 102.244 101.082 99.9210 98.7590 98.7710 98.8000 99.9610 101.123 101.803 101.832 101.861 101.890 101.919 101.948 101.466 100.304 99.1430 99.1720 98.6900 97.5280 96.3660 96.3950 96.4240 96.4530 95.9710 94.8100 93.6480 92.6550 91.4930
12.1740 15.0780 16.2800 19.1840 22.0880 24.9920 27.8960 30.8000 33.7040 36.6080 39.5120 42.4160 45.3200 48.2240 51.1280 54.0320 56.9360 59.8400 62.7440 65.6480 68.5520 71.4560 74.3600 77.2640 80.1680 83.0720 85.9760 88.8800 91.7840 94.6880 97.5920 100.496 103.400 105.148 103.986 102.825 101.663 100.502 99.3400 98.1780 97.0170 95.8550 95.8670 95.8960 97.0570 98.2190 98.8990 98.9280 98.9570 98.9860 99.0150 99.0440 98.5620 97.4000 96.2390 96.2680 95.7860 94.6240 93.4620 93.4910 93.5200 93.5490 93.0670 91.9060 90.7440 89.7510 88.5890
13.8460 16.2390 19.1430 20.3450 23.2490 26.1530 29.0570 31.9610 34.8650 37.7690 40.6730 43.5770 46.4810 49.3850 52.2890 55.1930 58.0970 61.0010 63.9050 66.8090 69.7130 72.6170 75.5210 78.4250 81.3290 84.2330 87.1370 90.0410 92.9450 95.8490 98.7530 101.657 103.406 102.244 101.082 99.9210 98.7590 97.5980 96.4360 95.2740 94.1130 92.9510 92.9630 92.9920 94.1530 95.3150 95.9950 96.0240 96.0530 96.0820 96.1110 96.1400 95.6580 94.4960 93.3350 93.3640 92.8820 91.7200 90.5580 90.5870 90.6160 90.6450 90.1630 89.0020 87.8400 86.8470 85.6850
15.0080 17.9120 20.3050 23.2090 24.4110 27.3150 30.2190 33.1230 36.0270 38.9310 41.8350 44.7390 47.6430 50.5470 53.4510 56.3550 59.2590 62.1630 65.0670 67.9710 70.8750 73.7790 76.6830 79.5870 82.4910 85.3950 88.2990 91.2030 94.1070 97.0110 99.9150 101.663 100.502 99.3400 98.1780 97.0170 95.8550 94.6940 93.5320 92.3700 91.2090 90.0470 90.0590 90.0880 91.2490 92.4110 93.0910 93.1200 93.1490 93.1780 93.2070 93.2360 92.7540 91.5920 90.4310 90.4600 89.9780 88.8160 87.6540 87.6830 87.7120 87.7410 87.2590 86.0980 84.9360 83.9430 82.7810
15.5070 18.4110 21.3150 24.2190 27.1230 28.4770 31.3810 34.2850 37.1890 40.0930 42.9970 45.9010 48.8050 51.7090 54.6130 57.5170 60.4210 63.3250 66.2290 69.1330 72.0370 74.9410 77.8450 80.7490 83.6530 86.5570 89.4610 92.3650 95.2690 98.1730 99.9210 98.7590 97.5980 96.4360 95.2740 94.1130 92.9510 91.7900 90.6280 89.4660 88.3050 87.1430 87.1550 87.1840 88.3450 89.5070 90.1870 90.2160 90.2450 90.2740 90.3030 90.3320 89.8500 88.6880 87.5270 87.5560 87.0740 85.9120 84.7500 84.7790 84.8080 84.8370 84.3550 83.1940 82.0320 81.0390 79.8770
16.6690 19.5730 22.4770 25.3810 28.2850 31.1890 32.5420 35.4460 38.3500 41.2540 44.1580 47.0620 49.9660 52.8700 55.7740 58.6780 61.5820 64.4860 67.3900 70.2940 73.1980 76.1020 79.0060 81.9100 84.8140 87.7180 90.6220 93.5260 96.4300 98.1780 97.0170 95.8550 94.6940 93.5320 92.3700 91.2090 90.0470 88.8860 87.7240 86.5620 85.4010 84.2390 84.2510 84.2800 85.4410 86.6030 87.2830 87.3120 87.3410 87.3700 87.3990 87.4280 86.9460 85.7840 84.6230 84.6520 84.1700 83.0080 81.8460 81.8750 81.9040 81.9330 81.4510 80.2900 79.1280 78.1350 76.9730
17.8310 20.7350 23.6390 26.5430 29.4470 32.3510 35.2550 36.6080 39.5120 42.4160 45.3200 48.2240 51.1280 54.0320 56.9360 59.8400 62.7440 65.6480 68.5520 71.4560 74.3600 77.2640 80.1680 83.0720 85.9760 88.8800 91.7840 94.6880 96.4360 95.2740 94.1130 92.9510 91.7900 90.6280 89.4660 88.3050 87.1430 85.9820 84.8200 83.6580 82.4970 81.3350 81.3470 81.3760 82.5370 83.6990 84.3790 84.4080 84.4370 84.4660 84.4950 84.5240 84.0420 82.8800 81.7190 81.7480 81.2660 80.1040 78.9420 78.9710 79.0000 79.0290 78.5470 77.3860 76.2240 75.2310 74.0690
18.9920 21.8960 24.8000 27.7040 30.6080 33.5120 36.4160 39.3200 40.6730 43.5770 46.4810 49.3850 52.2890 55.1930 58.0970 61.0010 63.9050 66.8090 69.7130 72.6170 75.5210 78.4250 81.3290 84.2330 87.1370 90.0410 92.9450 94.6940 93.5320 92.3700 91.2090 90.0470 88.8860 87.7240 86.5620 85.4010 84.2390 83.0780 81.9160 80.7540 79.5930 78.4310 78.4430 78.4720 79.6330 80.7950 81.4750 81.5040 81.5330 81.5620 81.5910 81.6200 81.1380 79.9760 78.8150 78.8440 78.3620 77.2000 76.0380 76.0670 76.0960 76.1250 75.6430 74.4820 73.3200 72.3270 71.1650
20.1540 23.0580 25.9620 28.8660 31.7700 34.6740 37.5780 40.4820 43.3860 44.7390 47.6430 50.5470 53.4510 56.3550 59.2590 62.1630 65.0670 67.9710 70.8750 73.7790 76.6830 79.5870 82.4910 85.3950 88.2990 91.2030 92.9510 91.7900 90.6280 89.4660 88.3050 87.1430 85.9820 84.8200 83.6580 82.4970 81.3350 80.1740 79.0120 77.8500 76.6890 75.5270 75.5390 75.5680 76.7290 77.8910 78.5710 78.6000 78.6290 78.6580 78.6870 78.7160 78.2340 77.0720 75.9110 75.9400 75.4580 74.2960 73.1340 73.1630 73.1920 73.2210 72.7390 71.5780 70.4160 69.4230 68.2610
23.0170 24.2190 27.1230 30.0270 32.9310 35.8350 38.7390 41.6430 44.5470 47.4510 48.8050 51.7090 54.6130 57.5170 60.4210 63.3250 66.2290 69.1330 72.0370 74.9410 77.8450 80.7490 83.6530 86.5570 89.4610 91.2090 90.0470 88.8860 87.7240 86.5620 85.4010 84.2390 83.0780 81.9160 80.7540 79.5930 78.4310 77.2700 76.1080 74.9460 73.7850 72.6230 72.6350 72.6640 73.8250 74.9870 75.6670 75.6960 75.7250 75.7540 75.7830 75.8120 75.3300 74.1680 73.0070 73.0360 72.5540 71.3920 70.2300 70.2590 70.2880 70.3170 69.8350 68.6740 67.5120 66.5190 65.3570
24.1790 27.0830 28.2850 31.1890 34.0930 36.9970 39.9010 42.8050 45.7090 48.6130 51.5170 52.8700 55.7740 58.6780 61.5820 64.4860 67.3900 70.2940 73.1980 76.1020 79.0060 81.9100 84.8140 87.7180 89.4660 88.3050 87.1430 85.9820 84.8200 83.6580 82.4970 81.3350 80.1740 79.0120 77.8500 76.6890 75.5270 74.3660 73.2040 72.0420 70.8810 69.7190 69.7310 69.7600 70.9210 72.0830 72.7630 72.7920 72.8210 72.8500 72.8790 72.9080 72.4260 71.2640 70.1030 70.1320 69.6500 68.4880 67.3260 67.3550 67.3840 67.4130 66.9310 65.7700 64.6080 63.6150 62.4530
27.0420 28.2440 31.1480 32.3510 35.2550 38.1590 41.0630 43.9670 46.8710 49.7750 52.6790 55.5830 56.9360 59.8400 62.7440 65.6480 68.5520 71.4560 74.3600 77.2640 80.1680 83.0720 85.9760 87.7240 86.5620 85.4010 84.2390 83.0780 81.9160 80.7540 79.5930 78.4310 77.2700 76.1080 74.9460 73.7850 72.6230 71.4620 70.3000 69.1380 67.9770 66.8150 66.8270 66.8560 68.0170 69.1790 69.8590 69.8880 69.9170 69.9460 69.9750 70.0040 69.5220 68.3600 67.1990 67.2280 66.7460 65.5840 64.4220 64.4510 64.4800 64.5090 64.0270 62.8660 61.7040 60.7110 59.5490
28.2040 31.1080 32.3100 35.2140 36.4160 39.3200 42.2240 45.1280 48.0320 50.9360 53.8400 56.7440 59.6480 61.0010 63.9050 66.8090 69.7130 72.6170 75.5210 78.4250 81.3290 84.2330 85.9820 84.8200 83.6580 82.4970 81.3350 80.1740 79.0120 77.8500 76.6890 75.5270 74.3660 73.2040 72.0420 70.8810 69.7190 68.5580 67.3960 66.2340 65.0730 63.9110 63.9230 63.9520 65.1130 66.2750 66.9550 66.9840 67.0130 67.0420 67.0710 67.1000 66.6180 65.4560 64.2950 64.3240 63.8420 62.6800 61.5180 61.5470 61.5760 61.6050 61.1230 59.9620 58.8000 57.8070 56.6450
31.1080 32.2690 35.1730 36.3760 39.2800 40.4820 43.3860 46.2900 49.1940 52.0980 55.0020 57.9060 60.8100 63.7140 65.0670 67.9710 70.8750 73.7790 76.6830 79.5870 82.4910 85.3950 83.0780 81.9160 80.7540 79.5930 78.4310 77.2700 76.1080 74.9460 73.7850 72.6230 71.4620 70.3000 69.1380 67.9770 66.8150 65.6540 64.4920 63.3300 62.1690 61.0070 61.0190 61.0480 62.2090 63.3710 64.0510 64.0800 64.1090 64.1380 64.1670 64.1960 63.7140 62.5520 61.3910 61.4200 60.9380 59.7760 58.6140 58.6430 58.6720 58.7010 58.2190 57.0580 55.8960 54.9030 53.7410
34.0120 35.1730 36.3350 39.2390 40.4410 43.3450 44.5470 47.4510 50.3550 53.2590 56.1630 59.0670 61.9710 64.8750 67.7790 69.1330 72.0370 74.9410 77.8450 80.7490 83.6530 82.6540 81.4920 79.0120 77.8500 76.6890 75.5270 74.3660 73.2040 72.0420 70.8810 69.7190 68.5580 67.3960 66.2340 65.0730 63.9110 62.7500 61.5880 60.4260 59.2650 58.1030 58.1150 58.1440 59.3050 60.4670 61.1470 61.1760 61.2050 61.2340 61.2630 61.2920 60.8100 59.6480 58.4870 58.5160 58.0340 56.8720 55.7100 55.7390 55.7680 55.7970 55.3150 54.1540 52.9920 51.9990 50.8370
36.9160 38.0770 39.2390 40.4000 43.3040 44.5070 47.4110 48.6130 51.5170 54.4210 57.3250 60.2290 63.1330 66.0370 68.9410 71.8450 73.1980 76.1020 79.0060 81.9100 80.9110 79.7500 78.5880 77.4260 74.9460 73.7850 72.6230 71.4620 70.3000 69.1380 67.9770 66.8150 65.6540 64.4920 63.3300 62.1690 61.0070 59.8460 58.6840 57.5220 56.3610 55.1990 55.2110 55.2400 56.4010 57.5630 58.2430 58.2720 58.3010 58.3300 58.3590 58.3880 57.9060 56.7440 55.5830 55.6120 55.1300 53.9680 52.8060 52.8350 52.8640 52.8930 52.4110 51.2500 50.0880 49.0950 47.9330
39.8200 40.9810 42.1430 43.3040 44.4660 47.3700 48.5720 51.4760 52.6790 55.5830 58.4870 61.3910 64.2950 67.1990 70.1030 73.0070 75.9110 77.1530 80.0570 79.1690 78.0070 76.8460 75.6840 74.5220 73.3610 70.8810 69.7190 68.5580 67.3960 66.2340 65.0730 63.9110 62.7500 61.5880 60.4260 59.2650 58.1030 56.9420 55.7800 54.6180 53.4570 52.2950 52.3070 52.3360 53.4970 54.6590 55.3390 55.3680 55.3970 55.4260 55.4550 55.4840 55.0020 53.8400 52.6790 52.7080 52.2260 51.0640 49.9020 49.9310 49.9600 49.9890 49.5070 48.3460 47.1840 46.1910 45.0290
42.7240 43.8850 45.0470 46.2080 47.3700 48.5320 51.4360 52.6380 55.5420 56.7440 59.6480 62.5520 65.4560 67.8200 68.9820 71.8860 73.0880 75.9920 77.4260 76.2650 75.1030 73.9420 72.7800 71.6180 70.4570 69.2950 66.8150 65.6540 64.4920 63.3300 62.1690 61.0070 59.8460 58.6840 57.5220 56.3610 55.1990 54.0380 52.8760 51.7140 50.5530 49.3910 49.4030 49.4320 50.5930 51.7550 52.4350 52.4640 52.4930 52.5220 52.5510 52.5800 52.0980 50.9360 49.7750 49.8040 49.3220 48.1600 46.9980 47.0270 47.0560 47.0850 46.6030 45.4420 44.2800 43.2870 42.1250
45.6280 46.7890 47.9510 49.1120 50.2740 51.4360 52.5970 55.5010 56.7040 59.6080 60.8100 62.5930 63.7540 64.9160 67.8200 69.0220 71.9260 74.8300 74.5220 73.3610 72.1990 71.0380 69.8760 68.7140 67.5530 66.3910 65.2300 62.7500 61.5880 60.4260 59.2650 58.1030 56.9420 55.7800 54.6180 53.4570 52.2950 51.1340 49.9720 48.8100 47.6490 46.4870 46.4990 46.5280 47.6890 48.8510 49.5310 49.5600 49.5890 49.6180 49.6470 49.6760 49.1940 48.0320 46.8710 46.9000 46.4180 45.2560 44.0940 44.1230 44.1520 44.1810 43.6990 42.5380 41.3760 40.3830 39.2210
46.7430 47.9040 49.0660 50.2280 51.3890 52.5510 53.8810 55.0420 56.2040 57.3660 58.5270 59.6890 60.8500 63.7540 64.9570 67.8610 70.7650 72.7800 71.6180 70.4570 69.2950 68.1340 66.9720 65.8100 64.6490 63.4870 62.3260 61.1640 58.6840 57.5220 56.3610 55.1990 54.0380 52.8760 51.7140 50.5530 49.3910 48.2300 47.0680 45.9060 44.7450 43.5830 43.5950 43.6240 44.7850 45.9470 46.6270 46.6560 46.6850 46.7140 46.7430 46.7720 46.2900 45.1280 43.9670 43.9960 43.5140 42.3520 41.1900 41.2190 41.2480 41.2770 40.7950 39.6340 38.4720 37.4790 36.3170
43.8390 45.0000 46.1620 47.3240 48.4850 49.8150 50.9770 52.1380 53.3000 54.4620 55.6230 56.7850 59.6890 60.8910 63.7950 66.6990 69.0750 69.8760 68.7140 67.5530 66.3910 65.2300 64.0680 62.9060 61.7450 60.5830 59.4220 58.2600 57.0980 54.6180 53.4570 52.2950 51.1340 49.9720 48.8100 47.6490 46.4870 45.3260 44.1640 43.0020 41.8410 40.6790 40.6910 40.7200 41.8810 43.0430 43.7230 43.7520 43.7810 43.8100 43.8390 43.8680 43.3860 42.2240 41.0630 41.0920 40.6100 39.4480 38.2860 38.3150 38.3440 38.3730 37.8910 36.7300 35.5680 34.5750 33.4130
40.9350 42.0960 43.2580 44.4200 45.7500 46.9110 48.0730 49.2340 50.3960 51.5580 52.7190 55.6230 56.8250 59.7290 62.6330 65.0090 67.9130 66.9720 65.8100 64.6490 63.4870 62.3260 61.1640 60.0020 58.8410 57.6790 56.5180 55.3560 54.1940 53.0330 50.5530 49.3910 48.2300 47.0680 45.9060 44.7450 43.5830 42.4220 41.2600 40.0980 38.9370 37.7750 37.7870 37.8160 38.9770 40.1390 40.8190 40.8480 40.8770 40.9060 40.9350 40.9640 40.4820 39.3200 38.1590 38.1880 37.7060 36.5440 35.3820 35.4110 35.4400 35.4690 34.9870 33.8260 32.6640 31.6710 30.5090
38.0310 39.1920 40.3540 41.6840 42.8460 44.0070 45.1690 46.3300 47.4920 48.6540 51.5580 52.7600 55.6640 58.5680 60.9430 63.8470 65.2300 64.0680 62.9060 61.7450 60.5830 59.4220 58.2600 57.0980 55.9370 54.7750 53.6140 52.4520 51.2900 50.1290 48.9670 46.4870 45.3260 44.1640 43.0020 41.8410 40.6790 39.5180 38.3560 37.1940 36.0330 34.8710 34.8830 34.9120 36.0730 37.2350 37.9150 37.9440 37.9730 38.0020 38.0310 38.0600 37.5780 36.4160 35.2550 35.2840 34.8020 33.6400 32.4780 32.5070 32.5360 32.5650 32.0830 30.9220 29.7600 28.7670 27.6050
35.1270 36.2880 37.6180 38.7800 39.9420 41.1030 42.2650 43.4260 44.5880 47.4920 48.6940 51.5980 54.5020 56.8780 59.7820 62.6860 62.3260 61.1640 60.0020 58.8410 57.6790 56.5180 55.3560 54.1940 53.0330 51.8710 50.7100 49.5480 48.3860 47.2250 46.0630 45.3260 42.4220 41.2600 40.0980 38.9370 37.7750 36.6140 35.4520 34.2900 33.1290 31.9670 31.9790 32.0080 33.1690 34.3310 35.0110 35.0400 35.0690 35.0980 35.1270 35.1560 34.6740 33.5120 32.3510 32.3800 31.8980 30.7360 29.5740 29.6030 29.6320 29.6610 29.1790 28.0180 26.8560 25.8630 24.7010
32.2230 33.5530 34.7140 35.8760 37.0380 38.1990 39.3610 40.5220 43.4260 44.6290 47.5330 50.4370 52.8120 55.7160 58.6200 61.5240 61.1640 58.2600 57.0980 55.9370 54.7750 53.6140 52.4520 51.2900 50.1290 48.9670 47.8060 46.6440 45.4820 44.3210 43.1590 43.1710 41.2600 38.3560 37.1940 36.0330 34.8710 33.7100 32.5480 31.3860 30.2250 29.0630 29.0750 29.1040 30.2650 31.4270 32.1070 32.1360 32.1650 32.1940 32.2230 32.2520 31.7700 30.6080 29.4470 29.4760 28.9940 27.8320 26.6700 26.6990 26.7280 26.7570 26.2750 25.1140 23.9520 22.9590 21.7970
29.4870 30.6490 31.8100 32.9720 34.1340 35.2950 36.4570 39.3610 40.5630 43.4670 46.3710 48.7470 51.6510 54.5550 57.4590 60.3630 60.0020 57.0980 54.1940 53.0330 51.8710 50.7100 49.5480 48.3860 47.2250 46.0630 44.9020 43.7400 42.5780 41.4170 40.2550 40.2670 40.0000 37.1940 34.2900 33.1290 31.9670 30.8060 29.6440 28.4820 27.3210 26.1590 26.1710 26.2000 27.3610 28.5230 29.2030 29.2320 29.2610 29.2900 29.3190 29.3480 28.8660 27.7040 26.5430 26.5720 26.0900 24.9280 23.7660 23.7950 23.8240 23.8530 23.3710 22.2100 21.0480 20.5660 18.8930
26.5830 27.7450 28.9060 30.0680 31.2300 32.3910 35.2950 36.4970 39.4010 42.3050 44.6810 47.5850 50.4890 53.3930 56.2970 59.2010 58.1900 55.9370 53.0330 50.1290 48.9670 47.8060 46.6440 45.4820 44.3210 43.1590 41.9980 40.8360 39.6740 38.5130 37.3510 37.3630 37.0960 35.9340 33.1290 30.2250 29.0630 27.9020 26.7400 25.5780 24.4170 23.2550 23.2670 23.2960 24.4570 25.6190 26.2990 26.3280 26.3570 26.3860 26.4150 26.4440 25.9620 24.8000 23.6390 23.6680 23.1860 22.0240 20.8620 20.8910 20.9200 20.9490 20.4670 19.3060 18.1440 17.6620 16.5010
23.6790 24.8410 26.0020 27.1640 28.3260 31.2300 32.4320 35.3360 38.2400 40.6150 43.5190 46.4230 49.3270 52.2310 55.1350 58.0390 56.9880 54.1250 51.8710 48.9670 46.0630 44.9020 43.7400 42.5780 41.4170 40.2550 39.0940 37.9320 36.7700 35.6090 34.4470 34.4590 34.1920 33.0300 31.8680 29.0630 26.1590 24.9980 23.8360 22.6740 21.5130 20.3510 20.3630 20.3920 21.5530 22.7150 23.3950 23.4240 23.4530 23.4820 23.5110 23.5400 23.0580 21.8960 20.7350 20.7640 20.2820 19.1200 17.9580 17.9870 18.0160 18.0450 17.5630 16.4020 15.2400 14.7580 13.5970
20.7750 21.9370 23.0980 24.2600 27.1640 28.3660 31.2700 34.1740 36.5500 39.4540 42.3580 45.2620 48.1660 51.0700 53.9740 56.8780 54.0840 52.9220 50.0590 47.8060 44.9020 41.9980 40.8360 39.6740 38.5130 37.3510 36.1900 35.0280 33.8660 32.7050 31.5430 31.5550 32.7160 30.1260 28.9640 27.8030 24.9980 22.0940 20.9320 19.7700 18.6090 17.4470 17.4590 17.4880 18.6490 19.8110 20.4910 20.5200 20.5490 20.5780 20.6070 20.6360 20.1540 18.9920 17.8310 17.8600 17.3780 16.2160 15.0540 15.0830 15.1120 15.1410 14.6590 13.4980 12.3360 12.3650 10.6930
