AppendixA/HikerMovements/data/dist_coronelle_1000.asc
ncols 271
nrows 294
xllcorner 698225
yllcorner 5141858
cellsize 30.00
nodata_value  225.477
[rows 232 to 260 of 294, columns 134 to 200 of 271]
4.15900 7.06300 9.96700 11.2680 12.4290 15.3330 16.5120 19.4160 22.3200 25.2240 28.1280 31.0320 33.9360 36.8400 39.7440 42.6480 45.5520 48.4560 51.3600 54.2640 57.1680 60.0720 62.9760 65.8800 68.7840 71.6880 74.5920 77.4960 80.4000 83.3040 85.2320 84.0710 82.9090 81.7480 80.5860 79.4240 78.2630 77.1010 75.9400 74.7780 73.6160 72.4550 71.9730 70.8110 69.6500 69.6790 69.7080 69.7370 69.7660 69.7950 69.8240 69.8530 69.8820 69.9110 68.3370 65.4330 62.5290 59.6250 58.4630 55.5770 54.4150 53.2540 52.0920 50.9300 49.7690 48.6070 47.4460
4.18800 7.09200 7.20200 8.36400 11.2680 12.4470 15.3510 18.2550 21.1590 24.0630 26.9670 29.8710 32.7750 35.6790 38.5830 41.4870 44.3910 47.2950 50.1990 53.1030 56.0070 58.9110 61.8150 64.7190 67.6230 70.5270 73.4310 76.3350 79.2390 82.1430 85.0470 86.9750 85.8130 84.6520 83.4900 82.3280 81.1670 80.0050 78.8440 77.6820 76.5200 75.3590 74.8770 73.7150 72.5540 72.5830 72.6120 72.6410 72.6700 72.6990 72.7280 72.7570 72.7860 72.4030 69.4990 66.5950 63.6910 62.5290 59.6420 58.4810 57.3190 56.1580 54.9960 53.8340 52.6730 51.5110 50.3500
4.21700 7.12100 4.29800 7.20200 8.38100 11.2850 14.1890 17.0930 19.9970 22.9010 25.8050 28.7090 31.6130 34.5170 37.4210 40.3250 43.2290 46.1330 49.0370 51.9410 54.8450 57.7490 60.6530 63.5570 66.4610 69.3650 72.2690 75.1730 78.0770 80.9810 83.8850 86.7890 88.7170 87.5560 86.3940 85.2320 84.0710 82.9090 81.7480 80.5860 79.4240 78.2630 77.7810 76.6190 75.4580 75.4870 75.5160 75.5450 75.5740 75.6030 75.6320 75.6610 75.6900 73.5640 70.6600 67.7560 66.5950 63.7080 62.5460 61.3850 60.2230 59.0620 57.9000 56.7380 55.5770 54.4150 53.2540
4.24600 4.25700 4.28600 4.31500 7.21900 10.1230 13.0270 15.9310 18.8350 21.7390 24.6430 27.5470 30.4510 33.3550 36.2590 39.1630 42.0670 44.9710 47.8750 50.7790 53.6830 56.5870 59.4910 62.3950 65.2990 68.2030 71.1070 74.0110 76.9150 79.8190 82.7230 85.6270 88.5310 90.4600 89.2980 88.1360 86.9750 85.8130 84.6520 83.4900 82.3280 81.1670 80.6850 79.5230 78.3620 78.3910 78.4200 78.4490 78.4780 78.5070 78.5360 78.5650 77.6300 74.7260 71.8220 70.6600 67.7740 66.6120 65.4500 64.2890 63.1270 61.9660 60.8040 59.6420 58.4810 57.3190 55.7800
4.27500 4.28600 4.29800 4.32700 7.23100 10.1350 13.0390 15.9430 18.8470 21.7510 24.6550 27.5590 30.4630 33.3670 36.2710 39.1750 42.0790 44.9830 47.8870 50.7910 53.6950 56.5990 59.5030 62.4070 65.3110 68.2150 71.1190 74.0230 76.9270 79.8310 82.7350 85.6390 88.5430 91.4470 92.2020 91.0400 89.8790 88.7170 87.5560 86.3940 85.2320 84.0710 83.5890 82.4270 81.2660 81.2950 81.3240 81.3530 81.3820 81.4110 81.4400 81.4690 78.7910 75.8870 74.7260 71.8390 70.6780 69.5160 68.3540 67.1930 66.0310 64.8700 63.7080 62.5460 61.3850 59.8460 58.6840
7.17900 7.19000 7.20200 4.33900 7.24300 10.1470 13.0510 15.9550 18.8590 21.7630 24.6670 27.5710 30.4750 33.3790 36.2830 39.1870 42.0910 44.9950 47.8990 50.8030 53.7070 56.6110 59.5150 62.4190 65.3230 68.2270 71.1310 74.0350 76.9390 79.8430 82.7470 85.6510 88.5550 91.4590 94.3630 93.9440 92.7830 91.6210 90.4600 89.2980 88.1360 86.9750 86.4930 85.3310 84.1700 84.1990 84.2280 84.2570 84.2860 84.3150 84.3440 82.8570 79.9530 78.7910 75.9050 74.7430 73.5820 72.4200 71.2580 70.0970 68.9350 67.7740 66.6120 65.4500 63.9110 62.7500 61.5880
10.0830 8.47400 7.27200 4.36800 7.27200 10.1760 13.0800 15.9840 18.8880 21.7920 24.6960 27.6000 30.5040 33.4080 36.3120 39.2160 42.1200 45.0240 47.9280 50.8320 53.7360 56.6400 59.5440 62.4480 65.3520 68.2560 71.1600 74.0640 76.9680 79.8720 82.7760 85.6800 88.5840 91.4880 94.3920 96.8480 95.6870 94.5250 93.3640 92.2020 91.0400 89.8790 89.3970 88.2350 87.0740 87.1030 87.1320 87.1610 87.1900 87.2190 86.9230 84.0190 82.8570 79.9700 78.8090 77.6470 76.4860 75.3240 74.1620 73.0010 71.8390 70.6780 69.5160 67.9770 66.8150 65.6540 64.4920
10.2160 7.31200 4.40800 4.39700 7.30100 10.2050 13.1090 16.0130 18.9170 21.8210 24.7250 27.6290 30.5330 33.4370 36.3410 39.2450 42.1490 45.0530 47.9570 50.8610 53.7650 56.6690 59.5730 62.4770 65.3810 68.2850 71.1890 74.0930 76.9970 79.9010 82.8050 85.7090 88.6130 91.5170 94.4210 97.3250 98.5910 97.4290 96.2680 95.1060 93.9440 92.7830 92.3010 91.1390 89.9780 90.0070 90.0360 90.0650 90.0940 90.1230 88.0840 86.9230 84.0360 82.8740 81.7130 80.5510 79.3900 78.2280 77.0660 75.9050 74.7430 73.5820 72.0420 70.8810 69.7190 68.5580 67.3960
8.54400 7.34100 4.43700 7.30100 8.46200 11.3660 14.2700 17.1740 20.0780 22.9820 25.8860 28.7900 31.6940 34.5980 37.5020 40.4060 43.3100 46.2140 49.1180 52.0220 54.9260 57.8300 60.7340 63.6380 66.5420 69.4460 72.3500 75.2540 78.1580 81.0620 83.9660 86.8700 89.7740 92.6780 95.5820 98.4860 101.390 100.333 99.1720 98.0100 96.8480 95.6870 95.2050 94.0430 92.8820 92.9110 92.9400 92.9690 92.9980 92.1500 90.9880 88.1020 86.9400 85.7780 84.6170 83.4550 82.2940 81.1320 79.9700 78.8090 77.6470 76.1080 74.9460 73.7850 72.6230 71.4620 70.3000
7.38200 4.47800 4.46600 7.37000 10.2740 12.5280 15.4320 18.3360 21.2400 24.1440 27.0480 29.9520 32.8560 35.7600 38.6640 41.5680 44.4720 47.3760 50.2800 53.1840 56.0880 58.9920 61.8960 64.8000 67.7040 70.6080 73.5120 76.4160 79.3200 82.2240 85.1280 88.0320 90.9360 93.8400 96.7440 99.6480 102.552 103.237 102.076 100.914 99.7520 98.5910 98.1090 96.9470 95.7860 95.8150 95.8440 95.8730 95.9020 95.0540 92.1670 91.0060 89.8440 88.6820 87.5210 86.3590 85.1980 84.0360 82.8740 81.7130 80.1740 79.0120 77.8500 76.6890 75.5270 74.3660 73.2040
7.41100 4.50700 7.37000 8.53200 11.4360 14.3400 16.5930 19.4970 22.4010 25.3050 28.2090 31.1130 34.0170 36.9210 39.8250 42.7290 45.6330 48.5370 51.4410 54.3450 57.2490 60.1530 63.0570 65.9610 68.8650 71.7690 74.6730 77.5770 80.4810 83.3850 86.2890 89.1930 92.0970 95.0010 97.9050 100.809 103.713 106.141 104.980 103.818 102.656 101.495 101.013 99.8510 98.6900 98.7190 98.7480 98.7770 98.8060 96.2330 95.0710 93.9100 92.7480 91.5860 90.4250 89.2630 88.1020 86.9400 85.7780 84.2390 83.0780 81.9160 80.7540 79.5930 78.4310 77.2700 76.1080
4.54800 4.53600 7.44000 10.3440 12.5980 15.5020 18.4060 20.6590 23.5630 26.4670 29.3710 32.2750 35.1790 38.0830 40.9870 43.8910 46.7950 49.6990 52.6030 55.5070 58.4110 61.3150 64.2190 67.1230 70.0270 72.9310 75.8350 78.7390 81.6430 84.5470 87.4510 90.3550 93.2590 96.1630 99.0670 101.971 104.875 107.779 107.884 106.722 105.560 104.399 103.917 102.755 101.594 101.623 101.652 101.681 100.298 99.1370 97.9750 96.8140 95.6520 94.4900 93.3290 92.1670 91.0060 89.8440 88.3050 87.1430 85.9820 84.8200 83.6580 82.4970 81.3350 80.1740 79.0120
4.57700 7.44000 8.60200 11.5060 14.4100 16.6630 19.5670 22.4710 24.7250 27.6290 30.5330 33.4370 36.3410 39.2450 42.1490 45.0530 47.9570 50.8610 53.7650 56.6690 59.5730 62.4770 65.3810 68.2850 71.1890 74.0930 76.9970 79.9010 82.8050 85.7090 88.6130 91.5170 94.4210 97.3250 100.229 103.133 106.037 108.941 110.788 109.626 108.464 107.303 106.821 105.659 104.498 104.527 104.556 104.364 103.202 102.041 100.879 99.7180 98.5560 97.3940 96.2330 95.0710 93.9100 92.3700 91.2090 90.0470 88.8860 87.7240 86.5620 85.4010 84.2390 83.0780 81.9160
4.60600 7.51000 10.4140 12.6670 15.5710 18.4750 20.7290 23.6330 26.5370 28.7900 31.6940 34.5980 37.5020 40.4060 43.3100 46.2140 49.1180 52.0220 54.9260 57.8300 60.7340 63.6380 66.5420 69.4460 72.3500 75.2540 78.1580 81.0620 83.9660 86.8700 89.7740 92.6780 95.5820 98.4860 101.390 104.294 107.198 110.102 113.006 112.530 111.368 110.207 109.725 108.563 107.402 107.431 107.460 107.268 106.106 104.945 103.783 102.622 101.460 100.298 99.1370 97.9750 96.4360 95.2740 94.1130 92.9510 91.7900 90.6280 89.4660 88.3050 87.1430 85.9820 84.8200
4.63500 7.53900 10.4430 13.3470 16.2510 19.1550 22.0590 24.7940 27.6980 30.6020 32.8560 35.7600 38.6640 41.5680 44.4720 47.3760 50.2800 53.1840 56.0880 58.9920 61.8960 64.8000 67.7040 70.6080 73.5120 76.4160 79.3200 82.2240 85.1280 88.0320 90.9360 93.8400 96.7440 99.6480 102.552 105.456 108.360 111.264 114.168 115.434 114.272 113.111 112.629 111.467 110.306 110.335 110.364 110.172 109.010 107.849 106.687 105.526 104.364 103.202 102.041 100.502 99.3400 98.1780 97.0170 95.8550 94.6940 93.5320 92.3700 91.2090 90.0470 88.8860 87.7240
4.66400 7.56800 10.4720 13.3760 16.2800 19.1840 22.0880 24.9920 27.8960 30.8000 33.7040 36.6080 39.5120 42.4160 45.3200 48.2240 51.1280 54.0320 56.9360 59.8400 62.7440 65.6480 68.5520 71.4560 74.3600 77.2640 80.1680 83.0720 85.9760 88.8800 91.7840 94.6880 97.5920 100.496 103.400 106.304 109.208 112.112 115.016 117.920 117.176 116.015 115.533 114.371 113.210 113.239 113.268 113.076 111.914 110.753 109.591 108.430 107.268 106.106 104.567 103.406 102.244 101.082 99.9210 98.7590 97.5980 96.4360 95.2740 94.1130 92.9510 91.7900 90.6280
4.69300 7.59700 10.5010 13.4050 16.3090 19.2130 22.1170 25.0210 27.9250 30.8290 33.7330 36.6370 39.5410 42.4450 45.3490 48.2530 51.1570 54.0610 56.9650 59.8690 62.7730 65.6770 68.5810 71.4850 74.3890 77.2930 80.1970 83.1010 86.0050 88.9090 91.8130 94.7170 97.6210 100.525 103.429 106.333 109.237 112.141 115.045 117.949 120.080 118.919 118.437 117.275 116.114 116.143 116.172 115.980 114.818 113.657 112.495 111.334 110.172 108.633 107.471 106.310 105.148 103.986 102.825 101.663 100.502 99.3400 98.1780 97.0170 95.8550 94.6940 93.5320
7.59700 8.75800 11.6620 14.5660 17.4700 20.3740 23.2780 26.1820 29.0860 31.9900 34.8940 37.7980 40.7020 43.6060 46.5100 49.4140 52.3180 55.2220 58.1260 61.0300 63.9340 66.8380 69.7420 72.6460 75.5500 78.4540 81.3580 84.2620 87.1660 90.0700 92.9740 95.8780 98.7820 101.686 104.590 107.494 110.398 113.302 116.206 119.110 122.014 121.823 121.341 120.179 119.018 119.047 119.076 118.884 117.722 116.561 115.399 114.238 112.698 111.537 110.375 109.214 108.052 106.890 105.729 104.567 103.406 102.244 101.082 99.9210 98.7590 97.5980 96.4360
8.79900 11.6620 12.8240 15.7280 18.6320 21.5360 24.4400 27.3440 30.2480 33.1520 36.0560 38.9600 41.8640 44.7680 47.6720 50.5760 53.4800 56.3840 59.2880 62.1920 65.0960 68.0000 70.9040 73.8080 76.7120 79.6160 82.5200 85.4240 88.3280 91.2320 94.1360 97.0400 99.9440 102.848 105.752 108.656 111.560 114.464 117.368 120.272 123.176 124.727 124.245 123.083 121.922 121.951 121.980 121.788 120.626 119.465 118.303 116.764 115.602 114.441 113.279 112.118 110.956 109.794 108.633 107.471 106.310 105.148 103.986 102.825 101.663 100.502 99.3400
10.6110 12.8650 15.7280 16.8900 19.7940 22.6980 25.6020 28.5060 31.4100 34.3140 37.2180 40.1220 43.0260 45.9300 48.8340 51.7380 54.6420 57.5460 60.4500 63.3540 66.2580 69.1620 72.0660 74.9700 77.8740 80.7780 83.6820 86.5860 89.4900 92.3940 95.2980 98.2020 101.106 104.010 106.914 109.818 112.722 115.626 118.530 121.434 124.338 127.242 127.149 125.987 124.826 124.855 124.884 124.692 123.530 122.369 120.830 119.668 118.506 117.345 116.183 115.022 113.860 112.698 111.537 110.375 109.214 108.052 106.890 105.729 104.567 103.406 102.244
10.6400 13.5440 16.4480 19.3520 20.9550 23.8590 26.7630 29.6670 32.5710 35.4750 38.3790 41.2830 44.1870 47.0910 49.9950 52.8990 55.8030 58.7070 61.6110 64.5150 67.4190 70.3230 73.2270 76.1310 79.0350 81.9390 84.8430 87.7470 90.6510 93.5550 96.4590 99.3630 102.267 105.171 108.075 110.979 113.883 116.787 119.691 122.595 125.499 128.403 130.053 128.891 127.730 127.759 127.788 127.596 126.434 124.895 123.734 122.572 121.410 120.249 119.087 117.926 116.764 115.602 114.441 113.279 112.118 110.956 109.794 108.633 107.471 106.310 105.148
11.8020 14.7060 17.6100 20.5140 23.4180 25.0210 27.9250 30.8290 33.7330 36.6370 39.5410 42.4450 45.3490 48.2530 51.1570 54.0610 56.9650 59.8690 62.7730 65.6770 68.5810 71.4850 74.3890 77.2930 80.1970 83.1010 86.0050 88.9090 91.8130 94.7170 97.6210 100.525 103.429 106.333 109.237 112.141 115.045 117.949 120.853 123.757 126.661 129.565 132.469 131.795 130.634 130.663 130.692 130.500 128.961 127.799 126.638 125.476 124.314 123.153 121.991 120.830 119.668 118.506 117.345 116.183 115.022 113.860 112.698 111.537 110.375 109.214 108.052
12.9630 15.8670 18.7710 21.6750 24.5790 27.4830 29.0860 31.9900 34.8940 37.7980 40.7020 43.6060 46.5100 49.4140 52.3180 55.2220 58.1260 61.0300 63.9340 66.8380 69.7420 72.6460 75.5500 78.4540 81.3580 84.2620 87.1660 90.0700 92.9740 95.8780 98.7820 101.686 104.590 107.494 110.398 113.302 116.206 119.110 122.014 124.918 127.822 130.726 133.630 134.699 133.538 133.567 133.596 133.026 131.865 130.703 129.542 128.380 127.218 126.057 124.895 123.734 122.572 121.410 120.249 119.087 117.926 116.764 115.602 114.441 113.279 112.118 110.956
14.7760 17.0290 19.9330 22.8370 25.7410 28.6450 31.5490 33.1520 36.0560 38.9600 41.8640 44.7680 47.6720 50.5760 53.4800 56.3840 59.2880 62.1920 65.0960 68.0000 70.9040 73.8080 76.7120 79.6160 82.5200 85.4240 88.3280 91.2320 94.1360 97.0400 99.9440 102.848 105.752 108.656 111.560 114.464 117.368 120.272 123.176 126.080 128.984 131.888 134.792 137.603 136.442 136.471 136.500 135.930 134.769 133.607 132.446 131.284 130.122 128.961 127.799 126.638 125.476 124.314 123.153 121.991 120.830 119.668 118.506 117.345 116.183 115.022 113.860
15.9370 18.8410 21.0950 23.9990 26.9030 29.8070 32.7110 35.6150 37.2180 40.1220 43.0260 45.9300 48.8340 51.7380 54.6420 57.5460 60.4500 63.3540 66.2580 69.1620 72.0660 74.9700 77.8740 80.7780 83.6820 86.5860 89.4900 92.3940 95.2980 98.2020 101.106 104.010 106.914 109.818 112.722 115.626 118.530 121.434 124.338 127.242 130.146 133.050 135.954 138.858 139.346 139.375 139.404 138.834 137.673 136.511 135.350 134.188 133.026 131.865 130.703 129.542 128.380 127.218 126.057 124.895 123.734 122.572 121.410 120.249 119.087 117.926 116.764
17.0990 20.0030 22.9070 25.1600 28.0640 30.9680 33.8720 36.7760 39.6800 41.2830 44.1870 47.0910 49.9950 52.8990 55.8030 58.7070 61.6110 64.5150 67.4190 70.3230 73.2270 76.1310 79.0350 81.9390 84.8430 87.7470 90.6510 93.5550 96.4590 99.3630 102.267 105.171 108.075 110.979 113.883 116.787 119.691 122.595 125.499 128.403 131.307 134.211 137.115 140.019 142.250 142.279 142.308 141.738 140.577 139.415 138.254 137.092 135.930 134.769 133.607 132.446 131.284 130.122 128.961 127.799 126.638 125.476 124.314 123.153 121.991 120.830 119.668
18.9110 21.1640 24.0680 26.9720 29.2260 32.1300 35.0340 37.9380 40.8420 43.7460 45.3490 48.2530 51.1570 54.0610 56.9650 59.8690 62.7730 65.6770 68.5810 71.4850 74.3890 77.2930 80.1970 83.1010 86.0050 88.9090 91.8130 94.7170 97.6210 100.525 103.429 106.333 109.237 112.141 115.045 117.949 120.853 123.757 126.661 129.565 132.469 135.373 138.277 141.181 144.085 145.183 145.212 144.642 143.481 142.319 141.158 139.996 138.834 137.673 136.511 135.350 134.188 133.026 131.865 130.703 129.542 128.380 127.218 126.057 124.895 123.734 122.572
20.0720 22.9760 25.2300 28.1340 31.0380 33.2910 36.1950 39.0990 42.0030 44.9070 47.8110 49.4140 52.3180 55.2220 58.1260 61.0300 63.9340 66.8380 69.7420 72.6460 75.5500 78.4540 81.3580 84.2620 87.1660 90.0700 92.9740 95.8780 98.7820 101.686 104.590 107.494 110.398 113.302 116.206 119.110 122.014 124.918 127.822 130.726 133.630 136.534 139.438 142.342 145.246 148.087 148.116 147.546 146.385 145.223 144.062 142.900 141.738 140.577 139.415 138.254 137.092 135.930 134.769 133.607 132.446 131.284 130.122 128.961 127.799 126.638 125.476
21.2340 24.1380 27.0420 29.2960 32.2000 35.1040 37.3570 40.2610 43.1650 46.0690 48.9730 51.8770 53.4800 56.3840 59.2880 62.1920 65.0960 68.0000 70.9040 73.8080 76.7120 79.6160 82.5200 85.4240 88.3280 91.2320 94.1360 97.0400 99.9440 102.848 105.752 108.656 111.560 114.464 117.368 120.272 123.176 126.080 128.984 131.888 134.792 137.696 140.600 143.504 146.408 149.312 151.020 150.450 149.289 148.127 146.966 145.804 144.642 143.481 142.319 141.158 139.996 138.834 137.673 136.511 135.350 134.188 133.026 131.865 130.703 129.542 128.380
