AppendixA/HikerMovements/data/dist_paolina_1000.asc
ncols 271
nrows 294
xllcorner 698225
yllcorner 5141858
cellsize 30.00
nodata_value  224.268
[rows 174 to 202 of 294, columns 134 to 200 of 271]
18.7600 21.6640 24.5680 27.4720 30.3760 33.2800 36.1840 39.0880 41.9920 44.8960 47.8000 50.7040 53.6080 56.5120 59.4160 62.3200 63.9750 64.0040 64.0330 64.0620 64.0910 64.1200 64.1490 64.1780 64.2070 64.2360 64.2660 64.2950 64.3240 64.3530 64.3820 63.7660 60.9030 59.7410 58.5790 56.8890 55.7280 52.8640 51.2610 48.3570 45.4530 42.5490 39.6450 36.7410 35.5800 32.7160 31.5550 28.6920 27.5300 26.3680 23.5630 20.6590 19.4970 18.3360 16.6460 15.4840 12.6210 11.4590 10.2980 8.62500 7.46300 4.60000 4.62900 4.65800 7.56200 7.63200 8.79300
19.9210 22.8250 25.7290 28.6330 31.5370 34.4410 37.3450 40.2490 43.1530 46.0570 48.9610 51.8650 54.7690 57.6730 60.5770 61.0420 61.0710 61.1000 61.1290 61.1580 61.1870 61.2160 61.2450 61.2740 61.3030 61.3320 61.3620 61.3910 61.4200 61.4490 61.4780 60.8620 59.7000 56.8370 55.6750 54.5140 52.8240 51.6620 48.7990 47.1960 44.2920 41.3880 38.4840 35.5800 32.6760 31.5140 28.6510 27.4890 24.6260 23.4640 22.3030 19.4970 16.5930 15.4320 14.2700 12.5800 11.4190 8.55500 7.39400 7.42300 4.55900 7.46300 7.53300 7.56200 8.72400 10.5360 11.6970
22.8250 23.9870 26.8910 29.7950 32.6990 35.6030 38.5070 41.4110 44.3150 47.2190 50.1230 53.0270 55.9310 58.0800 58.1090 58.1380 58.1670 58.1960 58.2250 58.2540 58.2830 58.3120 58.3410 58.3700 58.3990 58.4280 58.4580 58.4870 58.5160 58.5450 58.5740 58.6030 56.7960 55.6350 52.7710 51.6100 50.4480 48.7580 47.5970 44.7330 43.1300 40.2260 37.3220 34.4180 31.5140 28.6100 27.4490 24.5850 23.4240 20.5600 19.3990 18.2370 15.4320 12.5280 11.3660 10.2050 8.51500 7.35300 4.49000 4.51900 7.42300 8.62500 10.4370 10.4660 11.6280 12.7890 14.6010
25.7290 26.8910 28.0530 30.9570 33.8610 36.7650 39.6690 42.5730 45.4770 48.3810 51.2850 53.3350 54.4960 55.1760 55.2050 55.2340 55.2630 55.2920 55.3210 55.3500 55.3790 55.4080 55.4370 55.4660 55.4950 55.5240 55.5540 55.5830 55.6120 55.6410 55.6700 55.6990 55.2170 52.7310 51.5690 48.7060 47.5440 46.3830 44.6930 43.5310 40.6680 39.0650 36.1610 33.2570 30.3530 27.4490 24.5450 23.3830 20.5200 19.3580 16.4950 15.3330 14.1720 11.3660 8.46200 7.30100 7.31200 4.44900 7.35300 7.42300 8.58400 11.4880 12.6900 13.3700 14.5320 15.6930 16.8550
28.6330 29.7950 30.9570 32.1180 35.0220 37.9260 40.8300 43.7340 46.6380 49.2400 49.2690 50.4310 51.5920 52.2720 52.3010 52.3300 52.3590 52.3880 52.4170 52.4460 52.4750 52.5040 52.5330 52.5620 52.5910 52.6200 52.6500 52.6790 52.7080 52.7370 52.7660 52.7950 52.3130 51.1510 48.6650 47.5040 44.6400 43.4790 42.3170 40.6270 39.4650 36.6020 34.9990 32.0950 29.1910 26.2870 23.3830 20.4790 19.3170 16.4540 15.2920 12.4290 11.2680 10.1060 7.30100 4.39700 4.40800 7.31200 8.51500 10.3270 11.4880 12.6500 15.5540 16.2740 17.4360 18.5970 19.7590
30.8290 32.6990 33.8610 35.0220 36.1840 39.0880 41.9920 44.8960 46.3070 46.3360 46.3650 47.5270 48.6880 49.3680 49.3970 49.4260 49.4550 49.4840 49.5130 49.5420 49.5710 49.6000 49.6290 49.6580 49.6870 49.7160 49.7460 49.7750 49.8040 49.8330 49.8620 49.8910 49.4090 48.2470 47.0850 44.6000 43.4380 40.5750 39.4130 38.2510 36.5610 35.4000 32.5360 30.9330 28.0290 25.1250 22.2210 19.3170 16.4130 15.2520 12.3880 11.2270 8.36400 7.20200 7.23100 4.36800 7.27200 8.47400 11.3780 12.5800 14.3920 15.5540 16.7150 19.1780 20.3400 21.5010 22.6630
31.9900 34.8940 36.7650 37.9260 39.0880 40.2490 43.1530 44.5650 43.4030 43.4320 43.4610 44.6230 45.7840 46.4640 46.4930 46.5220 46.5510 46.5800 46.6090 46.6380 46.6670 46.6960 46.7250 46.7540 46.7830 46.8120 46.8420 46.8710 46.9000 46.9290 46.9580 46.9870 46.5050 45.3430 44.1810 43.4380 40.5340 39.3720 36.5090 35.3470 34.1860 32.4960 31.3340 28.4710 26.8680 23.9640 21.0600 18.1560 15.2520 12.3480 11.1860 8.32300 7.16100 4.29800 4.32700 7.23100 8.43300 11.3370 12.5390 15.4430 16.6460 18.4580 19.6190 20.7810 23.2440 24.4050 25.5670
33.6810 36.0560 38.9600 40.8300 41.9920 43.1530 42.8220 41.6610 40.4990 40.5280 40.5570 41.7190 42.8800 43.5600 43.5890 43.6180 43.6470 43.6760 43.7050 43.7340 43.7630 43.7920 43.8210 43.8500 43.8790 43.9080 43.9380 43.9670 43.9960 44.0250 44.0540 44.0830 43.6010 42.4390 41.2770 42.2760 39.3720 36.4680 35.3070 32.4430 31.2820 30.1200 28.4300 27.2690 24.4050 22.8020 19.8980 16.9940 14.0900 11.1860 8.28200 7.12100 4.25700 7.16100 7.23100 8.39300 11.2970 12.4990 15.4030 16.6050 19.5090 20.7110 22.5230 23.6850 24.8470 27.3090 28.4710
34.8420 37.7460 40.1220 42.7410 41.5790 40.4180 39.9180 38.7570 37.5950 37.6240 37.6530 38.8150 39.9760 40.6560 40.6850 40.7140 40.7430 40.7720 40.8010 40.8300 40.8590 40.8880 40.9170 40.9460 40.9750 41.0040 41.0340 41.0630 41.0920 41.1210 41.1500 41.1790 40.6970 39.5350 38.3730 39.5350 38.2110 35.3070 32.4030 31.2410 28.3780 27.2160 26.0550 24.3650 23.2030 20.3400 18.7370 15.8330 12.9290 10.0250 7.12100 4.21700 4.22800 7.13200 10.0360 11.2970 12.4580 15.3620 16.5640 19.4680 20.6710 23.5750 24.7770 26.5890 27.7510 28.9120 31.3750
36.0040 38.9080 40.9990 39.8370 38.6750 37.5140 37.0140 35.8530 34.6910 34.7200 34.7490 35.9110 37.0720 37.7520 37.7810 37.8100 37.8390 37.8680 37.8970 37.9260 37.9550 37.9840 38.0130 38.0420 38.0710 38.1000 38.1300 38.1590 38.1880 38.2170 38.2460 38.2750 37.7930 36.6310 35.4690 36.6310 36.3990 34.1450 31.2410 28.3370 27.1760 24.3120 23.1510 21.9890 20.2990 19.1370 16.2740 15.1120 12.2490 9.99600 7.09200 4.18800 7.09200 8.29400 11.1980 14.1020 15.3620 16.5240 19.4280 20.6300 23.5340 24.7360 27.6400 28.8430 30.6550 31.8160 32.9780
38.8670 39.2560 38.0950 36.9330 35.7710 34.6100 34.1100 32.9490 31.7870 31.8160 31.8450 33.0070 34.1680 34.8480 34.8770 34.9060 34.9350 34.9640 34.9930 35.0220 35.0510 35.0800 35.1090 35.1380 35.1670 35.1960 35.2260 35.2550 35.2840 35.3130 35.3420 35.3710 34.8890 33.7270 32.5650 33.7270 34.8890 32.3330 30.0800 27.1760 24.2720 23.1100 20.2470 19.0850 17.9230 16.2330 15.0720 12.2080 11.0470 8.18300 7.02200 4.15900 7.06300 9.96700 12.3590 15.2630 18.1670 19.4280 20.5890 23.4930 24.6960 27.6000 28.8020 31.7060 32.9080 34.7200 35.8820
37.5140 36.3520 35.1910 34.0290 32.8670 31.7060 31.2060 30.0450 28.8830 28.9120 28.9410 30.1030 31.2640 31.9440 31.9730 32.0020 32.0310 32.0600 32.0890 32.1180 32.1470 32.1760 32.2050 32.2340 32.2630 32.2920 32.3220 32.3510 32.3800 32.4090 32.4380 32.4670 31.9850 30.8230 29.6610 30.8230 31.9850 31.1310 28.2680 26.0140 23.1100 20.2060 19.0440 16.1810 15.0190 13.8580 12.1680 11.0060 8.14300 6.98100 4.11800 7.02200 8.22400 11.1280 14.0320 16.4250 19.3290 22.2330 23.4930 24.6550 27.5590 28.7610 31.6650 32.8670 35.7710 36.9740 38.7860
34.6100 33.4480 32.2870 31.1250 29.9630 28.8020 28.3020 27.1410 25.9790 26.0080 26.0370 27.1990 28.3600 29.0400 29.0690 29.0980 29.1270 29.1560 29.1850 29.2140 29.2430 29.2720 29.3010 29.3300 29.3590 29.3880 29.4180 29.4470 29.4760 29.5050 29.5340 29.5630 29.0810 27.9190 26.7570 27.9190 29.0810 28.2270 27.0650 24.2020 21.9480 19.0440 16.1400 14.9790 12.1150 10.9540 9.79200 8.10200 6.94100 4.07700 6.98100 8.18300 11.0870 12.2900 15.1940 18.0980 20.4910 23.3950 26.2990 27.5590 28.7210 31.6250 32.8270 35.7310 36.9330 39.8370 41.0390
31.7060 30.5440 29.3830 28.2210 27.0590 25.8980 25.3980 24.2370 23.0750 23.1040 23.1330 24.2950 25.4560 26.1360 26.1650 26.1940 26.2230 26.2520 26.2810 26.3100 26.3390 26.3680 26.3970 26.4260 26.4550 26.4840 26.5140 26.5430 26.5720 26.6010 26.6300 26.6590 26.1770 25.0150 23.8530 25.0150 26.1770 27.0250 24.1610 23.0000 20.1360 17.8830 14.9790 12.0750 10.9130 8.05000 6.88800 6.90000 4.03700 6.94100 8.14300 11.0470 12.2490 15.1530 16.3550 19.2590 22.1630 24.5560 27.4600 30.3640 31.6250 32.7860 35.6900 36.8920 39.7960 40.9990 43.9030
28.8020 27.6400 26.4790 25.3170 24.1550 22.9940 22.4940 21.3330 20.1710 20.2000 20.2290 21.3910 22.5520 23.2320 23.2610 23.2900 23.3190 23.3480 23.3770 23.4060 23.4350 23.4640 23.4930 23.5220 23.5510 23.5800 23.6100 23.6390 23.6680 23.6970 23.7260 23.7550 23.2730 22.1110 20.9490 22.1110 23.2730 24.1210 22.9590 20.0960 18.9340 16.0710 13.8170 10.9130 8.00900 6.84800 3.98400 3.99600 6.90000 8.10200 11.0060 12.2080 15.1120 16.3150 19.2190 20.4210 23.3250 26.2290 28.6220 31.5260 34.4300 35.6900 36.8520 39.7560 40.9580 43.8620 45.0640
25.8980 24.7360 23.5750 22.4130 21.2510 20.0900 19.5900 18.4290 17.2670 17.2960 17.3250 18.4870 19.6480 20.3280 20.3570 20.3860 20.4150 20.4440 20.4730 20.5020 20.5310 20.5600 20.5890 20.6180 20.6470 20.6760 20.7060 20.7350 20.7640 20.7930 20.8220 20.8510 20.3690 19.2070 18.0450 19.2070 20.3690 21.5300 20.0550 18.8930 16.0300 14.8680 12.0050 9.75200 6.84800 3.94400 3.95500 6.85900 8.06200 10.9660 12.1680 15.0720 16.2740 19.1780 20.3800 23.2840 24.4870 27.3910 30.2950 32.6870 35.5910 38.4950 39.7560 40.9170 43.8210 45.0240 47.9280
22.9940 21.8320 20.6710 19.5090 18.3470 17.1860 16.6860 15.5250 14.3630 14.3920 14.4210 15.5830 16.7440 17.4240 17.4530 17.4820 17.5110 17.5400 17.5690 17.5980 17.6270 17.6560 17.6850 17.7140 17.7430 17.7720 17.8020 17.8310 17.8600 17.8890 17.9180 17.9470 17.4650 16.3030 15.1410 16.3030 17.4650 18.6260 17.6620 15.9890 14.8280 11.9640 10.8030 7.94000 6.77800 3.91500 6.81900 8.02100 10.9250 12.1270 15.0310 16.2330 19.1370 20.3400 23.2440 24.4460 27.3500 28.5520 31.4560 34.3600 36.7530 39.6570 42.5610 43.8210 44.9830 47.8870 49.0890
21.7920 18.9280 17.7670 16.6050 15.4430 14.2820 13.7820 12.6210 11.4590 11.4880 11.5170 12.6790 13.8400 14.5200 14.5490 14.5780 14.6070 14.6360 14.6650 14.6940 14.7230 14.7520 14.7810 14.8100 14.8390 14.8680 14.8980 14.9270 14.9560 14.9850 15.0140 15.0430 14.5610 13.3990 12.2370 13.3990 14.5610 15.7220 14.7580 13.5970 11.9240 10.7620 7.89900 6.73700 3.87400 6.77800 7.98000 10.8840 12.0860 14.9900 16.1930 19.0970 20.2990 23.2030 24.4050 27.3090 28.5110 31.4150 32.6180 35.5220 38.4260 40.8190 43.7230 46.6270 47.8870 49.0490 51.9530
18.8880 17.7260 14.8630 13.7010 12.5390 11.3780 10.8780 9.71700 8.55500 8.58400 8.61300 9.77500 10.9360 11.6160 11.6450 11.6740 11.7030 11.7320 11.7610 11.7900 11.8190 11.8480 11.8770 11.9060 11.9350 11.9640 11.9940 12.0230 12.0520 12.0810 12.1100 12.1390 11.6570 10.4950 9.33300 10.4950 11.6570 13.5270 11.8540 10.6930 9.53100 7.85800 6.69700 3.83300 3.86200 6.76600 9.67000 12.0460 14.9500 16.1520 19.0560 20.2580 23.1620 24.3650 27.2690 28.4710 31.3750 32.5770 35.4810 36.6830 39.5870 42.4910 44.8840 47.7880 50.6920 51.9530 53.1140
17.7260 14.8220 13.6600 10.7970 9.63500 8.47400 8.48500 6.81300 5.65100 5.68000 5.70900 6.87100 8.68300 8.71200 8.74100 8.77000 8.79900 8.82800 8.85700 8.88600 8.91500 8.94400 8.97300 9.00200 9.03100 9.06000 9.09000 9.11900 9.14800 9.17700 9.20600 9.23500 9.26400 7.59100 6.42900 7.59100 10.4950 10.6230 9.46100 7.78900 6.62700 6.65600 3.79300 3.82200 6.72600 7.92800 10.8320 13.7360 16.1110 19.0150 20.2180 23.1220 24.3240 27.2280 28.4300 31.3340 32.5360 35.4400 36.6430 39.5470 40.7490 43.6530 46.5570 48.9500 51.0700 51.0990 52.2600
16.4660 13.6600 10.7560 9.59500 6.73100 5.57000 5.58100 5.61100 2.74700 2.77600 2.80500 5.70900 5.77900 5.80800 5.83700 5.86600 5.89500 5.92400 5.95300 5.98200 6.01100 6.04000 6.06900 6.09800 6.12700 6.15600 6.18600 6.21500 6.24400 6.27300 6.30200 6.33100 6.36000 6.38900 3.52500 6.42900 7.60800 7.71900 6.55700 6.58600 3.72300 3.75200 3.78100 6.68500 7.88700 10.7910 11.9940 14.8980 17.8020 20.1770 23.0810 24.2830 27.1870 28.3900 31.2940 32.4960 35.4000 36.6020 39.5060 40.7080 43.6120 44.8150 47.7190 48.1370 48.1660 48.1950 49.3560
13.5620 12.4000 9.59500 6.69100 5.52900 2.66600 2.67700 2.70700 2.73600 5.64000 5.70900 2.84600 2.87500 2.90400 2.93300 2.96200 2.99100 3.02000 3.04900 3.07800 3.10700 3.13600 3.16500 3.19400 3.22300 3.25200 3.28200 3.31100 3.34000 3.36900 3.39800 3.42700 3.45600 3.48500 3.51400 3.54300 6.44700 6.51700 3.65300 3.68200 6.58600 6.65600 6.68500 7.84700 10.7510 11.9530 14.8570 16.0590 18.9630 21.8670 24.2430 27.1470 28.3490 31.2530 32.4550 35.3590 36.5610 39.4650 40.6680 43.5720 44.7740 45.1750 45.2040 45.2330 45.2620 45.2910 46.4520
10.6580 9.49600 8.33400 5.52900 2.62500 2.63700 5.54100 5.61100 5.64000 6.80100 6.91200 5.75000 5.77900 5.80800 5.83700 5.86600 5.89500 5.92400 5.95300 5.98200 6.01100 6.04000 6.06900 6.09800 6.12700 6.15600 6.18600 6.21500 6.24400 6.27300 6.30200 6.33100 6.36000 6.38900 6.41800 6.44700 3.58400 3.61300 6.51700 6.58600 7.74800 9.56000 9.58900 10.7510 11.9120 14.8160 16.0180 18.9220 20.1250 23.0290 25.9330 28.3080 31.2120 32.4140 35.3180 36.5210 39.4250 40.6270 42.1840 42.2130 42.2420 42.2710 42.3000 42.3290 42.3580 42.3870 43.5480
8.28200 6.59200 5.43000 5.46000 2.59600 2.62500 2.65400 5.55800 6.76100 9.66500 9.81600 8.65400 8.68300 8.71200 8.74100 8.77000 8.79900 8.82800 8.85700 8.88600 8.91500 8.94400 8.97300 9.00200 9.03100 9.06000 9.09000 9.11900 9.14800 9.17700 9.20600 9.23500 9.26400 9.29300 9.32200 7.64900 6.48800 6.51700 7.67800 9.49000 10.6520 11.8130 12.4930 13.6550 14.8160 15.9780 18.8820 20.0840 22.9880 24.1900 27.0940 29.9980 32.3740 35.2780 36.4800 39.1920 39.2210 39.2500 39.2800 39.3090 39.3380 39.3670 39.3960 39.4250 39.4540 39.4830 40.6440
5.37800 5.39000 2.52600 2.55600 5.46000 5.52900 5.55800 2.69500 5.59900 8.50300 10.8960 11.5580 11.5870 11.6160 11.6450 11.6740 11.7030 11.7320 11.7610 11.7900 11.8190 11.8480 11.8770 11.9060 11.9350 11.9640 11.9940 12.0230 12.0520 12.0810 12.1100 12.1390 12.1680 12.1970 11.7150 10.5530 9.39200 9.42100 10.5820 11.7440 13.5560 14.7170 15.3970 16.5590 17.7200 18.8820 20.0430 22.9470 24.1500 27.0540 28.2560 31.1600 34.0640 36.4390 37.4500 36.2880 36.3170 36.3460 36.3760 36.4050 36.4340 36.4630 36.4920 36.5210 36.5500 36.5790 37.7400
2.47400 2.48600 2.51500 5.41900 6.62100 8.43300 5.62800 2.72400 5.62800 6.83000 9.73400 10.9360 12.8300 11.6680 11.6970 11.7260 11.7550 11.7840 11.8130 11.3720 10.2100 9.04900 9.06000 9.09000 9.11900 9.14800 9.17700 10.3380 11.5000 12.1790 13.3410 14.5030 15.0720 15.1010 14.6190 13.4570 12.2960 12.3250 13.4860 14.6480 15.8090 17.6210 18.3010 19.4630 20.6240 21.7860 22.9470 24.1090 27.0130 28.2150 31.1190 32.3220 35.2260 35.7080 34.5460 33.3840 33.4130 33.4420 33.4720 33.5010 33.5300 33.5590 33.5880 33.6170 33.6460 33.6750 34.8360
2.44500 5.34900 5.41900 6.58000 9.48400 8.56100 5.65700 2.75300 2.76500 5.66900 6.87100 9.77500 9.92600 8.76400 8.79300 8.82200 8.85100 8.88000 8.90900 8.93900 7.30600 6.14500 6.15600 6.18600 6.21500 6.24400 6.27300 7.43400 9.24600 9.27500 10.4370 11.5990 12.2780 13.4400 14.6010 15.7630 15.2000 15.2290 16.3900 17.5520 18.7130 19.8750 21.2050 22.3670 23.5280 24.6900 25.8510 27.0130 28.1750 31.0790 32.2810 33.2570 33.2860 32.8040 31.6420 30.4800 30.5090 30.5380 30.5680 30.5970 30.6260 30.6550 30.6840 30.7130 30.7420 30.7710 31.9320
5.30900 6.51100 8.32300 9.48400 10.6460 9.72300 6.81900 5.65700 2.79400 2.80500 5.70900 6.91200 7.02200 5.86000 5.88900 5.91800 5.94700 5.97600 6.00500 6.03500 6.14500 3.24100 3.25200 3.28200 3.31100 3.34000 3.36900 6.27300 6.34200 6.37100 7.53300 9.34500 9.37400 10.5360 11.6970 14.6010 15.3220 15.3510 16.5120 17.6740 18.8350 19.9970 21.8090 22.9710 24.1320 27.0360 28.2380 29.6090 30.2650 30.2950 30.3240 30.3530 30.3820 29.9000 28.7380 27.5760 27.6050 27.6340 27.6640 27.6930 27.7220 27.7510 27.7800 27.8090 27.8380 27.8670 29.0280
6.47000 9.37400 10.5760 12.3880 13.5500 10.8840 9.72300 6.85900 5.69800 2.83400 2.84600 5.75000 5.82000 2.95600 2.98500 3.01400 3.04300 3.07200 3.10100 3.13100 6.03500 3.21200 6.11600 6.18600 6.21500 6.24400 6.27300 3.40900 3.43800 3.46700 6.37100 6.44100 6.47000 7.63200 10.5360 11.7380 12.4180 12.4470 13.6080 14.7700 15.9310 17.7430 18.9050 20.0670 22.9710 24.1730 25.5440 26.7050 27.3610 27.3910 27.4200 27.4490 27.4780 26.9960 25.8340 24.6720 24.7010 24.7300 24.7600 24.7890 24.8180 24.8470 24.8760 24.9050 24.9340 24.9630 26.1240
