AppendixA/HikerMovements/data/slope_limited.asc
ncols 271
nrows 294
xllcorner 698225
yllcorner 5141858
cellsize 30.00
nodata_value -32767
[rows 228 to 284 of 294, columns 0 to 95 of 271]
24 26 26 31 32 24 19 14 15 12 10 7 9 13 11 8 11 13 10 4 4 20 31 23 20 19 17 15 15 14 14 13 10 12 13 8 3 3 6 14 19 23 21 18 13 6 6 5 10 22 23 13 4 17 25 22 22 20 16 16 21 25 22 19 16 13 14 16 17 19 20 17 12 16 19 17 15 20 20 23 27 23 21 22 27 23 27 30 28 30 33 33 36 38 32 31
27 26 25 24 22 21 12 10 10 8 5 2 3 6 5 10 16 13 9 6 13 29 28 18 19 19 19 19 21 22 21 17 15 15 14 13 11 7 5 13 15 21 21 18 15 12 9 2 13 18 20 15 15 25 22 20 18 20 17 17 22 19 16 16 12 12 15 18 24 24 21 20 20 22 18 12 15 23 25 28 28 23 19 19 28 29 30 30 31 33 32 30 33 35 33 36
26 21 18 13 13 20 13 7 8 3 0 1 1 6 10 13 16 10 7 13 18 28 25 15 18 21 22 25 27 23 19 15 14 16 13 12 17 18 11 11 7 16 23 18 14 14 10 11 14 13 19 18 20 23 18 14 14 19 15 16 18 14 14 13 10 11 15 23 26 23 24 22 20 19 14 14 19 26 29 30 28 21 17 24 34 31 29 34 36 33 30 26 30 33 29 35
18 14 8 5 7 14 14 9 10 5 3 1 2 8 12 14 13 9 13 19 22 29 25 17 21 27 32 30 26 16 13 12 12 15 13 12 15 22 22 15 7 10 18 18 15 17 17 17 14 14 18 17 17 22 20 20 16 14 15 15 14 15 12 6 4 9 19 19 18 21 22 17 13 12 12 18 26 32 32 31 27 20 21 33 38 33 32 36 34 29 25 25 26 28 30 32
14 13 11 8 7 7 11 13 9 7 5 6 11 14 19 16 8 10 20 24 28 35 33 32 31 34 34 29 22 18 17 17 14 16 17 14 12 14 23 21 14 6 10 16 16 16 23 20 17 15 16 15 13 17 19 27 21 8 14 13 11 15 19 12 2 10 19 17 18 25 19 9 7 13 18 26 34 35 34 30 28 24 30 40 38 33 33 35 32 29 25 26 23 21 29 33
4 8 9 12 8 3 5 6 6 9 14 19 21 23 22 14 11 22 28 26 35 40 40 40 34 30 25 23 21 23 25 24 21 22 22 19 13 9 11 16 18 12 2 7 12 19 23 20 19 17 19 19 15 12 12 24 24 15 13 10 7 9 15 18 13 12 16 17 19 26 19 9 15 20 23 31 34 31 28 33 32 28 35 40 33 30 31 34 34 32 26 25 25 27 30 30
5 8 15 12 7 3 3 12 18 18 23 24 21 23 21 20 25 33 32 33 40 40 40 34 28 23 20 21 23 23 23 24 24 25 22 24 22 14 3 8 16 17 13 5 9 19 26 24 22 21 19 18 14 8 8 21 23 16 13 11 11 8 11 16 19 18 19 20 20 23 21 17 21 22 22 30 30 23 31 32 25 28 34 35 30 27 29 34 32 24 16 21 28 30 27 23
5 14 16 13 12 9 11 20 22 23 26 22 17 18 19 24 31 36 35 39 40 40 31 15 19 25 21 21 19 17 18 21 23 21 21 26 29 29 19 14 16 18 16 10 2 16 31 31 25 21 14 11 12 10 13 23 19 14 14 14 15 13 16 17 21 22 20 21 20 19 21 22 18 13 14 24 29 26 31 27 24 26 29 32 28 24 26 30 20 16 15 22 29 26 18 18
5 14 14 13 11 13 14 23 25 26 24 15 12 16 19 21 24 30 34 37 40 35 19 1 8 17 11 11 10 11 12 16 14 18 21 24 28 36 36 25 18 18 17 9 5 16 33 31 23 19 11 8 11 17 21 19 11 12 13 17 20 13 12 16 21 21 20 21 17 17 22 20 13 10 11 18 33 33 27 27 29 25 24 28 24 19 21 23 13 12 19 25 31 27 18 19
5 12 16 14 10 11 17 25 28 22 16 10 10 18 18 15 21 30 31 35 34 24 6 2 11 11 4 6 4 3 3 4 4 13 15 13 18 25 32 30 23 21 22 9 11 22 29 24 20 22 16 12 12 17 22 17 9 11 12 16 22 13 13 16 20 23 21 18 15 18 23 19 9 6 10 14 33 36 29 29 28 23 21 23 26 27 17 20 16 10 16 25 31 31 24 20
5 13 19 13 10 14 19 25 21 13 8 10 13 22 18 17 28 35 33 34 27 10 5 4 4 10 6 3 3 2 2 2 2 13 16 8 8 8 16 26 27 24 22 11 13 17 19 18 18 22 17 18 20 16 15 18 14 14 15 14 18 13 16 19 19 25 20 14 15 20 19 11 8 8 14 18 27 34 33 29 25 23 18 20 24 33 27 25 21 12 15 22 26 32 32 25
5 14 20 16 17 18 18 17 13 11 9 10 20 26 24 33 40 36 31 22 20 18 8 4 3 6 4 3 1 3 4 3 2 8 18 13 8 2 10 20 27 25 24 12 9 12 12 17 20 22 20 25 22 10 10 16 15 14 19 14 15 14 16 19 18 21 21 16 16 22 14 6 9 14 21 20 18 24 32 32 30 23 15 20 17 28 31 27 25 19 16 18 20 28 37 30
6 18 24 22 22 18 14 14 16 16 16 19 28 29 31 40 40 33 20 6 11 20 18 12 9 9 5 4 3 1 3 2 2 7 17 15 7 3 9 15 22 25 28 18 6 12 11 14 18 27 30 26 14 4 8 17 17 11 19 19 15 13 15 17 16 16 21 23 18 17 16 9 10 18 23 16 15 19 24 31 33 27 14 19 18 23 31 28 25 29 25 22 20 25 37 33
8 22 27 23 19 14 12 15 22 23 24 28 31 29 36 40 31 23 10 6 2 5 12 9 11 12 8 6 6 2 5 1 4 10 12 10 11 11 9 8 15 22 29 25 11 13 15 15 17 31 31 17 10 6 13 19 18 10 13 18 16 15 14 14 16 16 21 28 18 10 14 15 15 19 22 18 18 19 20 28 30 35 27 20 20 22 29 32 28 33 36 31 25 24 34 36
11 25 27 18 14 15 15 20 24 24 24 29 29 31 37 35 16 10 9 9 8 7 4 3 7 11 8 8 6 4 3 3 7 9 5 6 11 13 11 7 8 13 25 29 17 15 17 19 24 26 21 17 14 15 16 13 16 13 12 15 16 14 15 17 16 17 21 29 22 10 11 14 17 19 21 20 18 16 18 28 25 37 40 38 30 26 30 34 30 29 35 34 33 25 28 34
23 27 24 20 22 22 20 19 19 21 24 27 26 29 29 21 5 8 5 3 6 3 1 3 4 8 10 11 7 4 2 4 7 8 3 3 3 4 5 7 3 8 19 27 22 18 20 25 25 18 7 14 17 14 16 14 16 18 17 18 15 13 18 22 20 21 18 22 26 16 10 13 18 19 19 21 20 17 18 24 31 32 40 40 40 40 33 31 28 28 35 31 34 30 27 32
26 27 26 31 31 26 22 16 15 19 28 28 22 19 14 16 15 15 10 7 6 4 4 5 6 6 7 12 13 8 8 9 13 13 7 1 1 1 1 7 9 6 11 21 18 16 19 23 18 7 3 15 16 9 11 14 17 17 19 21 16 10 13 22 22 21 19 19 23 19 13 15 21 17 13 18 24 23 23 26 35 31 28 39 40 40 39 29 22 24 35 34 35 36 30 28
20 26 32 33 29 23 21 21 21 21 27 25 14 14 16 17 21 14 8 10 10 7 6 7 8 7 4 6 11 13 13 13 15 19 15 9 6 2 4 8 5 2 4 16 11 7 14 18 10 3 3 11 16 12 13 11 16 16 16 19 13 8 9 20 21 20 17 17 20 19 16 16 22 19 17 21 27 31 30 30 31 30 23 19 24 40 40 32 21 15 27 34 38 40 33 29
22 28 31 29 20 17 19 19 20 19 20 22 12 7 8 8 9 9 4 3 3 6 7 8 8 9 8 4 7 12 12 12 11 14 17 14 13 10 10 11 7 4 5 13 8 5 14 14 10 9 5 3 11 13 14 12 15 18 19 17 10 8 6 16 24 21 16 17 23 20 14 17 24 28 30 34 36 38 35 35 26 27 27 19 16 34 40 34 27 12 17 29 36 40 36 28
22 28 29 21 13 14 12 11 11 12 17 17 13 8 4 5 13 11 0 1 2 5 7 5 6 8 10 10 9 8 6 6 9 10 11 10 10 11 11 13 9 5 3 10 8 2 7 16 14 9 11 5 3 8 14 13 13 16 22 20 11 11 10 13 23 22 18 18 25 23 21 26 31 36 40 40 40 38 32 35 26 29 28 21 21 30 40 38 31 18 14 23 30 40 40 29
19 28 20 12 9 10 6 7 8 11 20 19 13 7 7 13 12 1 8 8 5 7 4 2 6 5 9 11 9 5 4 4 8 11 12 9 6 7 10 13 11 5 3 8 7 3 4 8 16 12 9 8 3 4 14 15 13 15 18 18 14 15 17 19 22 22 19 19 25 25 28 34 37 38 36 31 28 31 26 24 30 30 30 26 25 25 40 40 37 24 17 15 22 37 40 35
14 19 11 6 5 9 8 9 8 13 20 14 8 7 11 8 4 9 10 6 5 4 3 4 5 5 6 7 8 8 9 9 11 14 17 17 12 8 12 18 10 6 10 11 10 8 8 6 13 12 8 11 8 4 10 17 17 16 13 11 11 10 11 17 23 19 18 19 24 25 28 31 32 29 22 16 14 19 19 20 31 30 30 30 30 25 37 40 38 31 22 15 16 30 40 40
12 19 14 12 11 12 8 5 5 11 15 12 9 7 6 3 8 6 5 1 4 3 6 6 5 2 2 2 3 3 4 6 8 10 11 17 18 12 12 19 14 10 12 12 12 9 8 10 13 11 5 6 12 7 10 16 15 17 13 9 7 8 7 10 20 19 15 17 20 24 27 26 23 21 18 17 15 13 14 18 29 31 27 23 30 32 40 40 34 30 26 22 17 23 39 40
17 21 15 12 15 17 10 8 6 6 11 15 15 11 8 7 3 2 4 3 4 4 7 4 7 4 0 1 2 1 1 3 0 4 2 5 12 13 11 16 18 10 8 7 6 3 3 9 16 13 7 7 9 8 9 15 17 23 19 13 9 10 7 9 16 15 10 12 15 20 23 21 20 22 17 19 18 11 14 15 23 31 29 17 26 33 40 40 30 27 25 23 26 23 26 40
18 25 21 17 14 19 15 9 11 12 10 13 16 9 6 4 3 2 5 4 2 3 8 4 7 7 5 4 5 8 6 3 3 3 3 6 7 8 9 11 15 13 7 7 4 2 5 6 11 11 10 10 7 5 7 13 16 23 24 18 14 15 13 10 13 14 12 13 16 20 18 14 17 25 22 20 19 14 14 15 24 30 31 20 25 27 40 40 25 19 23 23 27 30 25 29
10 20 24 27 21 20 20 12 3 5 9 14 16 8 5 5 4 5 8 3 2 9 9 5 6 7 8 7 8 7 5 4 6 6 6 5 8 5 6 8 7 10 10 13 10 8 6 9 11 9 7 9 10 6 7 10 11 16 21 19 18 18 18 14 15 19 22 23 26 22 16 11 11 22 26 23 24 23 14 18 25 27 33 27 27 28 40 40 28 15 15 16 19 31 32 26
4 9 16 24 26 22 21 18 11 5 2 14 18 9 8 13 13 14 17 14 8 11 10 6 7 8 8 9 7 6 6 1 3 6 9 8 5 7 7 11 8 10 14 15 15 14 14 13 9 5 6 12 16 15 12 8 11 14 11 12 16 21 21 16 19 24 25 25 24 19 12 10 12 18 23 21 19 19 16 15 22 27 34 27 30 31 35 40 39 23 12 13 11 22 31 29
8 4 5 14 22 25 24 23 22 10 0 6 18 16 14 16 17 17 17 19 19 15 12 8 8 8 8 9 10 10 10 7 2 4 8 10 5 7 8 12 15 17 19 17 14 17 21 15 5 6 11 14 18 17 12 13 14 11 9 9 12 19 23 21 21 22 21 17 13 15 13 9 10 15 18 17 12 15 17 11 15 24 30 26 30 32 27 38 40 37 22 16 11 12 26 31
8 11 6 6 11 21 24 29 30 21 11 4 9 13 14 11 13 13 10 12 18 20 17 13 12 12 12 12 12 12 11 11 11 11 12 12 7 6 6 11 16 19 19 17 17 16 24 25 20 17 13 11 12 14 12 18 18 16 17 16 16 18 22 21 17 13 11 10 8 10 13 9 6 15 20 19 17 16 16 15 17 23 27 25 27 30 27 30 37 40 33 21 14 10 17 28
8 12 11 8 6 6 14 25 33 27 24 17 7 10 12 11 12 12 8 9 14 15 16 16 13 13 13 11 10 9 9 8 10 14 16 18 12 8 7 9 13 15 14 14 19 16 20 25 22 23 16 10 11 14 16 17 22 19 19 18 16 17 20 16 13 9 7 6 5 9 12 12 14 20 21 17 20 18 15 17 21 24 25 17 21 28 32 37 35 40 40 31 21 13 14 20
10 12 9 4 4 3 4 14 27 25 27 28 18 16 13 14 12 12 9 12 14 13 8 7 8 8 8 6 8 10 6 2 6 7 11 19 17 15 12 12 14 10 7 9 15 13 13 16 12 12 17 13 14 16 13 15 18 16 13 13 11 11 14 13 11 11 10 8 11 16 16 14 15 21 21 19 20 16 16 18 17 18 16 21 26 33 35 40 40 40 40 40 37 32 24 22
7 12 13 2 3 4 2 6 15 15 17 25 26 19 14 11 11 9 11 12 10 8 7 4 1 1 3 6 10 11 6 5 8 6 5 13 14 14 12 11 11 7 4 7 8 9 11 12 8 6 13 15 14 13 12 11 15 16 13 12 12 9 11 9 7 10 11 15 16 15 14 12 14 20 21 15 12 13 16 13 13 22 26 30 31 37 36 39 40 40 40 40 40 40 40 39
3 11 15 5 4 3 3 7 7 7 10 14 25 22 13 10 12 14 16 14 10 8 9 7 1 1 1 5 8 14 14 11 11 8 7 7 10 11 10 7 6 2 7 8 7 8 10 10 9 8 9 12 11 10 11 10 11 17 18 11 14 16 13 9 8 11 13 15 14 14 10 9 12 17 20 13 12 13 12 17 20 26 27 27 25 29 33 37 35 38 40 40 40 40 40 40
3 7 17 15 7 8 7 1 6 7 6 11 16 25 21 15 13 15 16 15 16 15 17 9 2 4 5 5 8 13 16 12 9 7 6 6 6 8 8 5 1 8 9 6 2 6 9 8 7 5 3 4 9 10 11 13 10 10 18 12 11 16 17 14 11 13 16 18 15 13 10 10 14 15 18 16 12 14 14 19 21 16 18 17 16 17 21 30 31 29 34 37 34 32 37 40
8 6 13 22 22 14 11 5 2 7 7 9 5 16 24 20 14 13 11 12 16 19 24 18 6 5 4 6 7 8 14 13 5 3 1 5 4 3 5 5 6 8 7 1 2 6 8 9 5 1 1 2 4 4 5 9 11 10 13 11 9 12 15 16 11 13 19 20 15 13 11 10 14 15 18 19 14 14 19 21 21 14 9 7 8 8 6 19 29 24 26 31 34 28 25 25
5 13 10 12 18 14 15 10 1 2 4 2 1 4 11 16 16 14 13 13 11 15 25 26 17 7 6 6 6 7 10 17 12 6 3 5 8 6 5 6 7 6 4 2 2 3 8 13 8 1 1 4 5 6 6 7 11 13 11 7 6 11 16 14 10 10 19 25 15 12 13 9 9 12 16 21 17 11 17 21 20 22 14 7 4 3 2 11 23 26 22 23 28 27 22 19
8 14 10 5 8 12 12 13 7 1 1 0 0 1 1 5 9 10 11 11 8 9 18 24 22 16 13 10 8 7 6 13 17 14 13 13 12 12 10 8 10 9 7 6 4 2 6 12 11 5 3 3 4 6 7 9 10 9 8 8 5 10 22 20 12 11 14 24 24 18 15 8 6 8 10 19 20 6 14 13 14 22 22 18 11 6 11 16 22 27 24 20 24 26 26 26
18 19 10 4 6 10 9 12 10 4 1 0 0 0 0 1 1 2 2 1 2 3 9 16 18 17 14 12 9 6 3 2 8 11 12 11 10 10 11 8 9 11 12 12 8 6 6 7 9 7 6 7 5 7 9 6 5 6 9 11 11 12 17 26 19 13 10 19 26 26 21 15 10 2 12 18 26 14 13 8 3 12 19 21 20 15 18 18 23 24 28 22 24 26 29 33
28 29 16 8 4 10 8 10 10 6 0 0 0 0 0 0 0 1 3 8 10 10 7 7 9 11 8 8 6 5 3 4 5 3 1 5 8 6 10 8 6 8 9 7 8 8 7 6 6 7 4 5 7 7 10 10 8 9 11 11 12 8 8 21 22 19 11 12 23 23 22 22 14 13 16 16 26 25 11 2 3 2 9 16 17 11 10 9 15 20 26 26 25 23 26 33
26 36 24 13 2 11 11 11 10 5 0 0 0 0 0 1 1 1 5 11 9 14 12 7 4 6 7 6 4 4 6 8 8 5 7 6 7 4 7 8 4 3 5 8 8 10 7 5 5 5 6 3 4 6 6 6 6 6 6 8 7 7 7 13 18 20 14 11 22 21 18 20 18 15 11 9 17 24 20 8 1 4 4 9 15 5 6 10 8 15 20 23 25 24 24 30
20 36 31 20 3 10 19 18 8 2 0 0 0 0 3 8 4 2 3 13 14 7 8 6 1 5 6 4 4 3 5 8 9 5 1 5 6 4 5 8 5 7 9 8 7 8 5 3 3 3 7 5 6 6 4 5 3 1 2 5 4 6 8 9 12 17 19 20 21 12 15 20 17 13 8 7 8 15 22 20 9 6 2 8 15 6 8 15 11 13 16 18 23 26 24 28
13 30 35 28 11 10 21 27 14 4 1 0 1 1 10 7 10 4 1 11 17 6 6 6 2 6 5 3 3 7 11 8 4 4 5 6 6 6 7 9 6 6 6 6 7 8 5 3 5 2 5 7 5 4 6 5 4 4 4 7 7 4 5 9 10 14 21 25 22 15 16 20 18 19 17 17 12 12 17 22 18 10 6 8 9 9 12 21 16 17 19 17 19 23 26 28
13 22 31 31 21 14 15 28 20 12 6 3 2 5 9 2 7 7 2 10 16 10 5 10 7 5 4 4 9 12 10 5 3 2 5 6 7 3 5 5 2 6 9 5 6 9 10 7 5 5 7 7 4 2 5 7 6 5 6 9 8 11 10 9 6 7 18 25 26 22 17 18 18 16 17 18 17 15 14 16 18 17 13 6 8 14 19 25 19 17 22 20 14 18 28 32
14 14 24 30 26 17 5 23 24 20 14 8 5 5 6 4 3 5 5 9 12 12 6 9 10 7 3 6 10 8 5 1 1 3 3 3 8 10 6 5 4 6 10 9 5 3 8 9 10 8 7 8 7 4 6 7 8 8 7 8 12 12 10 8 6 4 5 17 21 16 16 14 11 6 4 9 12 12 12 13 12 15 16 16 16 19 20 22 12 8 16 20 14 9 20 30
11 9 17 29 28 18 5 13 22 20 18 11 5 4 1 3 1 4 4 7 11 10 8 1 8 9 4 5 6 7 6 2 3 5 4 3 1 8 9 6 2 1 7 12 7 2 2 4 9 8 7 9 11 11 10 12 10 9 8 11 14 9 10 10 9 6 4 6 17 14 12 14 10 6 2 5 11 11 7 11 13 8 15 20 21 16 15 14 3 1 6 16 14 6 8 21
11 13 19 22 25 20 11 1 15 19 19 12 7 5 2 3 1 4 5 7 10 8 7 8 8 12 12 9 8 8 7 5 7 7 3 4 4 7 8 6 6 9 12 12 7 4 7 5 13 9 2 4 12 16 15 11 9 9 11 13 14 10 14 14 14 12 9 2 15 15 11 14 13 7 2 6 10 11 10 11 11 11 17 18 17 12 10 6 1 1 4 13 12 9 8 15
6 14 16 14 17 21 15 6 12 23 25 19 9 5 6 3 5 4 6 11 12 7 5 13 14 15 18 18 16 17 15 13 10 7 6 8 8 15 15 13 12 13 12 7 5 6 8 10 12 7 7 6 12 19 15 9 8 10 16 18 14 12 14 16 16 17 18 15 10 11 13 15 14 11 5 4 8 13 15 14 14 14 13 8 7 8 6 2 4 4 3 10 9 9 13 16
11 15 10 11 11 20 23 13 18 26 33 30 21 9 6 7 2 4 6 10 10 6 6 14 20 15 16 19 22 25 24 18 13 11 14 14 16 20 15 16 21 17 10 6 8 8 7 7 9 8 7 11 17 20 13 9 7 13 18 14 13 13 15 18 18 19 23 23 19 11 8 10 11 14 8 2 6 9 14 14 13 9 6 4 4 5 6 5 1 5 4 9 10 12 16 15
10 20 18 19 10 19 28 21 20 18 29 33 32 23 13 5 3 2 9 14 8 3 8 19 24 13 12 14 17 20 20 21 20 19 18 18 23 19 12 22 26 22 15 11 12 11 10 10 10 8 8 14 17 13 9 9 8 13 15 9 7 10 14 15 17 18 20 19 18 14 10 11 8 12 8 0 2 4 9 11 11 9 6 8 8 6 6 11 15 14 12 13 15 19 17 15
3 11 15 22 17 21 30 26 22 12 20 24 30 31 24 13 3 2 6 13 13 9 12 25 24 12 10 12 13 14 15 21 25 23 20 21 22 19 16 24 19 22 20 11 13 17 15 13 13 10 9 10 8 7 6 9 10 10 12 10 10 12 14 11 9 11 13 12 14 15 11 11 8 10 6 1 1 2 5 7 7 9 10 9 13 11 10 15 16 14 12 16 17 17 14 14
12 6 8 19 25 28 32 29 20 11 18 16 21 28 30 24 14 6 8 9 12 17 16 25 18 10 9 13 14 15 16 19 22 21 19 20 16 16 22 25 18 19 24 14 16 16 14 17 17 13 10 7 8 7 7 11 9 9 11 8 6 11 20 14 4 4 7 10 12 14 10 8 5 5 3 4 2 2 5 5 4 6 9 8 8 12 13 12 8 9 8 9 8 5 7 17
12 9 3 20 31 31 29 25 18 3 16 15 16 22 26 28 25 20 18 9 6 15 22 24 17 6 11 16 15 15 16 16 14 17 19 18 17 17 28 27 18 17 25 21 18 13 14 20 19 19 17 16 12 13 15 13 12 14 16 12 12 12 15 16 8 1 4 6 9 11 11 7 7 4 1 0 1 1 6 5 4 6 8 9 6 8 12 8 4 2 3 3 2 5 10 21
9 14 6 19 32 34 27 22 20 3 8 11 16 23 17 22 31 32 26 19 14 20 28 21 14 10 15 16 13 14 17 14 11 14 21 23 24 25 26 19 16 17 22 26 19 14 17 17 18 21 21 20 19 20 16 16 17 18 17 16 18 16 10 12 8 3 1 3 6 9 10 9 9 8 5 4 2 1 4 6 6 7 6 8 9 7 7 8 6 2 1 1 8 16 15 25
3 12 12 14 29 35 31 26 24 4 8 7 15 22 15 13 24 30 31 31 30 32 27 15 11 11 15 12 7 13 15 11 11 13 18 22 25 24 20 15 19 23 24 26 24 17 16 17 20 19 19 20 24 23 15 14 12 12 16 20 16 13 13 9 6 4 2 3 2 5 5 7 6 7 5 3 5 4 2 2 3 4 3 5 7 8 7 8 11 4 2 6 14 16 10 25
2 9 12 11 23 31 34 29 34 17 7 7 14 23 18 12 13 16 25 34 37 37 24 8 5 9 18 19 13 12 12 10 7 10 15 17 16 19 19 19 22 24 28 27 27 24 18 18 20 20 19 20 22 21 16 11 10 12 18 16 7 5 7 5 7 6 6 1 0 1 0 1 3 5 5 2 2 3 5 4 3 6 6 7 8 13 13 10 14 8 7 10 13 10 3 19
4 7 10 7 18 21 30 32 37 29 4 5 11 21 24 22 10 8 16 22 25 28 28 18 7 2 13 19 17 17 16 12 4 9 15 14 12 14 17 18 19 19 21 23 26 26 19 19 17 16 16 17 16 14 17 14 13 13 17 9 1 2 0 4 6 4 3 3 1 2 1 3 3 3 6 4 2 3 4 3 7 10 8 8 13 14 16 16 17 10 10 10 9 6 3 7
10 10 10 5 13 13 20 30 35 30 14 7 9 15 24 28 20 11 15 13 16 14 22 26 20 14 13 14 13 16 15 17 11 12 14 15 12 11 11 14 17 15 14 13 18 22 18 18 14 14 13 13 13 12 14 14 9 13 12 7 4 6 8 8 6 1 5 4 1 2 3 3 3 6 6 6 6 7 7 9 12 10 6 8 11 10 9 16 18 10 6 8 8 2 4 9
