AppendixA/HikerMovements/data/slope_limited.asc
ncols 271
nrows 294
xllcorner 698225
yllcorner 5141858
cellsize 30.00
nodata_value -32767
[rows 57 to 113 of 294, columns 0 to 95 of 271]
26 22 15 14 7 8 6 9 14 12 16 14 13 28 39 32 21 14 8 12 19 24 18 14 19 29 26 23 24 24 19 15 24 32 33 33 29 34 40 33 19 22 19 18 22 33 39 25 11 18 28 26 23 24 20 13 7 12 13 14 12 10 10 11 19 17 25 32 31 29 27 26 19 17 20 19 15 14 17 25 30 24 17 14 20 25 26 23 17 20 21 17 26 35 27 19
25 34 25 18 14 14 18 18 26 25 24 22 14 27 38 32 20 14 8 13 24 28 17 15 25 32 30 26 21 18 12 13 19 21 29 34 37 37 37 35 31 30 26 18 21 30 40 32 21 25 23 18 20 25 24 17 6 10 16 20 18 18 15 15 19 17 14 20 25 24 25 27 23 20 17 14 12 16 21 29 30 19 14 16 18 26 28 27 26 27 18 21 37 38 35 35
26 33 34 28 30 30 29 28 35 37 28 24 18 27 33 32 21 11 5 9 26 32 23 22 31 33 29 24 21 20 20 25 25 17 17 20 33 40 33 27 27 29 29 23 22 26 37 39 33 28 18 12 15 25 27 22 11 10 17 24 28 21 17 16 17 16 12 12 17 23 29 34 32 24 16 12 13 19 22 27 27 14 19 21 24 31 33 35 32 27 23 34 40 35 35 40
26 25 31 32 37 40 35 36 40 39 39 29 15 22 26 28 22 14 7 10 21 35 31 28 31 26 20 18 23 22 27 32 28 23 17 13 28 39 29 19 12 16 25 23 20 23 31 37 39 32 21 12 8 20 28 24 16 15 20 26 30 20 12 13 15 13 11 16 14 20 27 31 36 32 24 20 18 22 22 20 23 22 23 19 26 35 39 35 27 32 36 39 40 35 29 29
28 27 29 31 34 37 40 40 40 36 40 40 25 23 22 22 21 17 12 16 25 36 32 24 26 19 17 18 17 19 26 25 20 21 21 25 32 28 20 19 18 21 24 21 18 20 29 34 37 32 21 16 6 13 20 20 16 19 23 27 29 24 15 13 13 10 14 19 13 14 23 27 36 37 33 31 29 26 22 20 23 27 23 20 30 40 38 26 30 40 40 40 40 30 24 24
28 30 30 34 34 31 40 40 40 37 40 40 37 25 14 17 22 21 20 21 23 32 25 17 31 28 22 17 14 18 19 16 12 17 24 30 28 24 27 27 27 27 23 20 23 28 34 35 36 27 16 19 18 19 16 11 12 20 24 26 29 27 24 14 10 9 16 19 13 17 26 23 32 38 40 40 40 40 32 23 23 26 25 23 33 40 36 29 36 40 40 39 28 21 24 27
23 28 29 34 34 30 36 35 32 31 38 40 34 21 13 18 23 25 22 19 19 23 19 13 36 36 22 16 14 17 17 14 16 18 22 26 26 27 31 28 25 23 19 20 29 35 36 32 31 26 20 22 21 17 13 10 11 18 19 23 29 29 28 20 9 7 15 19 13 16 20 18 24 36 40 40 40 40 40 35 30 29 27 26 36 40 39 36 39 40 39 26 20 25 29 30
27 32 31 27 24 26 30 27 24 20 32 40 35 20 10 18 22 22 18 17 12 12 22 17 31 37 27 23 22 19 19 18 18 18 19 23 23 25 21 17 19 16 12 20 34 37 28 23 25 28 26 21 16 12 10 13 18 19 13 17 30 30 30 25 9 5 11 19 17 11 17 29 28 29 35 40 40 40 40 40 40 34 31 35 40 40 39 38 38 37 28 21 27 34 34 32
30 31 31 27 22 23 30 26 18 14 19 40 40 29 9 12 17 20 19 26 24 10 18 22 23 31 32 26 27 27 22 18 15 14 16 23 22 13 9 17 19 18 18 24 37 31 17 21 24 28 23 14 11 12 16 20 23 21 16 15 20 29 33 30 15 3 7 15 20 18 20 36 33 19 22 31 33 35 35 40 40 39 40 40 40 40 37 34 30 27 26 29 35 37 33 29
23 22 33 37 34 26 26 19 15 12 9 24 40 40 19 4 13 20 25 33 40 35 26 23 21 25 33 28 26 32 26 22 12 12 17 25 19 10 18 24 27 23 22 26 35 28 18 25 26 24 22 18 12 17 24 25 21 16 17 18 16 19 30 34 25 17 17 19 22 24 26 36 35 23 29 31 30 35 37 40 40 39 40 40 40 37 34 22 28 35 35 36 38 32 40 40
20 26 36 39 40 29 24 14 13 16 11 11 32 40 31 11 2 11 16 15 27 40 40 34 27 25 31 30 25 31 35 35 25 21 24 29 24 20 16 21 31 29 32 28 31 34 28 28 27 24 21 17 12 23 30 21 15 12 13 11 11 6 22 36 38 34 31 24 24 33 26 31 40 40 32 28 25 27 31 36 39 38 39 38 35 37 25 19 39 40 34 38 33 29 40 40
31 35 33 32 37 38 35 22 19 17 12 12 25 40 33 21 13 4 1 2 3 21 36 39 36 27 25 32 33 35 38 40 40 31 30 30 26 19 14 19 29 27 31 34 34 35 33 32 29 27 23 16 14 25 28 19 17 14 10 4 2 10 25 35 40 38 34 30 21 33 34 28 40 40 37 28 21 16 20 28 35 38 35 32 36 33 22 29 40 37 35 36 17 40 40 40
38 39 31 28 31 40 35 30 28 24 19 13 21 39 33 24 23 14 10 11 15 18 25 31 38 32 23 27 30 34 36 40 40 40 40 35 27 15 14 20 32 31 26 28 34 39 37 34 33 30 23 18 16 26 29 16 23 20 7 5 9 28 26 26 33 28 29 33 20 25 34 31 40 40 40 26 18 17 23 31 29 34 37 35 35 26 23 36 40 40 40 37 38 40 40 40
29 33 28 25 24 31 33 29 28 29 27 22 21 32 33 28 29 25 19 21 26 29 23 21 27 28 20 18 13 16 18 24 34 40 40 39 33 19 13 14 27 34 29 22 26 38 40 38 36 34 30 26 22 24 36 26 24 26 17 12 19 29 17 13 20 27 23 29 27 30 31 32 40 40 37 23 20 23 31 28 22 27 34 36 33 27 28 36 40 40 40 40 40 40 40 40
20 24 23 19 20 20 31 28 25 25 27 29 25 27 28 25 29 29 26 28 33 35 27 15 19 21 18 18 15 8 6 7 6 27 40 38 30 25 16 12 18 31 31 21 19 30 40 40 37 34 32 33 33 23 32 32 28 26 21 18 24 23 10 3 14 24 24 27 32 32 33 36 40 40 36 26 20 24 32 33 24 22 21 26 27 25 27 38 40 40 40 40 40 40 40 40
17 20 15 17 28 27 35 27 21 21 17 27 27 23 24 23 24 26 26 32 36 33 30 17 13 18 20 26 22 16 14 13 9 17 37 37 29 21 18 11 17 33 32 23 15 19 33 40 40 37 33 31 39 33 29 31 29 32 27 30 32 22 10 10 8 17 28 30 30 33 37 38 40 40 37 28 16 21 27 37 33 23 20 22 22 23 28 40 40 40 40 40 40 40 40 40
14 20 11 26 31 27 40 34 21 25 19 23 27 18 17 20 21 18 25 33 31 22 30 28 19 19 25 31 26 17 15 13 9 11 30 33 30 16 11 8 14 29 33 31 22 11 18 37 40 40 40 32 37 40 39 38 34 39 39 35 32 24 20 20 13 18 28 29 31 35 40 40 36 36 37 29 16 20 24 35 35 29 26 23 24 29 33 40 40 40 40 40 40 40 40 40
16 25 19 32 22 17 36 39 26 29 31 28 22 15 12 15 21 17 24 28 20 14 23 32 30 25 25 32 24 8 9 9 10 8 29 28 26 21 13 6 7 24 30 32 30 17 7 17 31 37 40 40 34 37 40 40 40 40 38 29 22 21 21 25 23 24 26 27 32 39 40 40 34 31 30 33 24 21 23 34 34 30 29 28 31 34 36 40 40 40 40 40 40 40 40 40
19 29 26 30 12 14 24 36 28 29 38 34 23 17 14 11 16 18 20 18 10 13 19 25 31 30 19 29 18 7 5 5 8 7 26 33 25 20 14 4 1 17 29 29 29 27 14 9 15 19 32 40 40 32 33 40 40 39 35 25 15 19 21 23 25 27 29 29 32 39 40 40 37 28 22 32 29 24 24 31 33 33 30 33 37 35 34 23 40 40 40 40 40 40 40 40
21 28 30 31 7 16 16 27 27 26 35 35 28 19 19 20 15 11 12 11 12 14 14 17 20 20 20 19 7 8 7 5 3 9 28 35 25 17 8 5 1 6 26 29 25 28 22 15 16 11 12 27 40 34 23 26 29 33 35 30 13 9 16 24 26 29 36 34 34 36 38 34 34 34 25 31 30 26 28 32 32 33 32 34 36 35 32 17 40 40 40 40 40 40 40 40
24 26 31 31 13 20 23 28 26 23 29 32 31 24 25 30 27 14 9 10 15 14 11 9 6 7 13 5 1 1 3 4 5 16 30 30 20 12 7 6 2 6 22 28 21 22 21 15 16 13 7 11 28 31 18 12 15 24 28 30 19 20 28 33 34 37 40 37 35 34 36 29 24 32 29 29 31 33 33 33 32 32 32 31 32 28 32 26 40 40 40 40 40 40 40 40
22 26 31 29 15 15 27 34 28 22 25 28 30 30 30 29 36 30 19 18 17 13 10 6 6 3 3 1 1 3 3 5 11 22 25 21 18 15 10 9 11 19 24 21 16 19 21 16 16 14 13 18 23 22 20 21 18 22 30 31 30 31 37 38 37 40 40 37 37 33 29 27 25 29 28 29 32 37 34 33 32 32 31 24 28 26 28 23 40 40 40 40 40 40 40 40
22 27 31 21 10 6 19 38 38 25 24 27 30 29 24 21 31 36 32 26 18 13 7 5 10 7 1 1 1 2 4 8 16 19 14 17 20 21 15 15 17 22 24 19 17 21 23 20 16 13 18 20 18 21 26 24 16 24 32 32 32 34 38 31 36 40 36 32 30 23 21 27 29 27 26 31 32 35 32 33 35 29 31 21 26 31 25 17 40 40 40 40 40 40 40 40
21 29 29 16 10 6 11 31 40 33 27 28 26 19 16 13 18 28 31 25 12 11 11 11 16 16 12 9 5 2 5 9 16 16 15 19 23 24 19 16 16 19 18 17 21 22 22 19 13 14 18 19 20 24 22 22 22 29 31 32 32 34 34 29 37 36 26 19 20 22 21 29 29 27 29 32 32 31 30 33 32 24 31 27 28 30 25 24 40 40 40 40 40 40 40 37
24 36 31 23 14 9 9 17 35 33 27 29 30 19 11 8 7 11 18 22 11 8 18 20 19 19 19 16 16 10 7 8 10 12 15 22 23 24 22 21 15 15 14 15 16 17 18 13 10 12 16 16 21 25 18 26 32 31 28 29 30 33 34 34 35 21 20 22 22 25 26 29 29 30 28 30 29 31 32 27 26 24 32 33 29 28 29 32 40 40 40 40 40 40 40 31
32 40 28 23 19 14 8 12 24 29 24 24 34 28 16 8 1 2 10 20 12 13 17 14 15 18 20 19 22 23 19 11 9 19 20 13 21 26 20 24 23 17 12 14 16 16 14 10 8 10 15 17 22 28 21 31 36 25 19 24 28 33 37 34 27 11 17 28 29 27 26 29 28 29 30 31 29 32 35 25 28 33 35 32 31 33 35 33 38 38 40 40 40 40 40 40
37 36 16 14 18 21 17 15 20 25 29 19 28 33 22 13 5 4 9 16 12 11 14 6 8 15 21 23 24 26 27 20 30 31 21 6 16 24 18 26 32 19 10 14 17 15 15 12 9 10 12 18 23 30 28 29 31 23 17 21 29 34 37 31 25 14 12 27 31 27 28 31 29 28 31 36 32 25 37 35 32 33 32 27 30 37 37 31 37 40 40 40 40 40 40 40
26 12 11 10 13 16 20 19 21 24 31 23 25 34 28 20 10 3 6 10 11 7 9 15 17 22 25 27 28 26 28 30 40 29 21 14 6 19 18 27 34 24 12 12 14 13 17 15 12 11 10 20 27 29 28 24 24 24 20 21 28 31 36 32 30 20 15 22 26 26 29 34 29 27 29 35 36 25 34 38 33 30 31 29 34 40 35 26 27 40 40 40 40 40 40 40
9 6 7 7 4 6 11 9 15 22 26 23 26 37 39 34 25 16 12 11 9 10 3 21 29 27 25 25 26 27 27 33 31 25 24 27 16 11 21 27 32 25 19 17 12 11 15 15 13 16 15 22 23 25 26 23 23 23 23 23 27 24 26 28 30 28 20 19 23 28 34 35 28 26 27 26 35 31 33 36 34 31 31 30 37 40 35 32 13 39 40 40 40 40 40 39
9 6 5 7 6 9 11 7 10 20 19 12 13 25 36 39 36 28 21 16 11 7 10 20 32 26 14 17 18 23 25 26 21 22 24 29 31 19 23 30 31 27 27 20 15 14 12 8 11 20 21 18 19 25 26 24 23 25 25 23 27 20 19 24 28 29 24 22 25 33 33 31 25 26 27 25 32 29 31 34 34 32 32 31 35 40 33 35 21 40 40 40 40 40 40 35
3 5 11 11 8 9 8 8 16 16 15 17 10 3 19 29 31 31 28 22 17 8 6 15 32 28 14 15 14 18 22 27 24 22 22 26 31 31 28 29 31 29 28 20 14 11 8 4 7 19 23 20 19 23 24 27 28 27 26 19 22 21 23 25 24 26 25 24 26 32 32 31 28 25 31 31 27 25 31 31 32 33 34 34 32 39 32 35 34 40 40 40 40 40 40 22
10 11 14 12 10 7 7 14 15 11 16 16 6 3 8 18 19 26 30 28 23 15 6 14 35 34 19 18 17 17 20 30 25 25 26 28 31 30 26 25 23 24 29 19 8 5 5 7 7 16 20 21 20 22 25 30 32 24 25 23 22 25 28 23 20 25 26 25 25 30 25 25 32 30 34 31 24 24 32 31 30 32 34 34 28 35 34 34 38 40 40 40 40 40 40 23
11 11 12 11 12 11 11 13 8 8 16 17 7 6 7 18 12 14 25 27 26 23 19 24 38 33 18 13 19 19 24 27 24 28 29 29 31 28 22 13 14 22 29 21 6 6 7 8 15 21 20 22 22 22 24 33 33 19 25 29 23 25 24 18 19 23 24 25 24 29 25 20 30 31 32 31 28 27 30 30 29 30 33 37 26 27 29 33 40 40 40 40 40 40 40 40
19 19 15 12 12 12 13 10 6 10 15 13 10 11 8 19 17 9 17 22 22 25 29 29 30 28 18 16 18 21 29 27 23 24 24 24 25 25 19 13 15 19 24 22 14 11 15 20 24 22 20 25 26 23 22 22 30 27 29 31 26 22 17 19 20 22 25 25 19 24 30 28 29 29 30 29 30 31 28 26 26 29 30 36 29 24 20 30 40 40 39 40 40 40 40 40
23 23 17 10 9 10 13 14 12 14 6 8 14 16 13 20 23 18 18 19 21 25 26 25 19 19 24 20 12 18 28 24 22 24 23 21 24 26 22 14 12 12 19 23 18 18 24 26 21 17 20 26 26 22 19 15 21 27 28 30 28 24 19 20 23 24 23 26 19 19 30 30 30 29 27 26 30 32 29 25 21 32 33 33 32 25 23 29 40 40 40 40 40 40 40 40
7 9 10 7 6 13 15 14 14 4 6 12 15 15 15 20 25 26 26 25 25 22 20 19 10 12 22 24 17 21 25 21 22 25 28 26 32 39 33 16 2 10 21 25 18 24 28 20 16 16 21 25 23 21 20 19 24 24 27 26 25 25 22 25 25 25 23 24 21 27 33 30 29 28 23 22 28 30 33 31 19 33 37 35 32 28 25 26 40 40 40 40 40 40 40 40
6 3 4 4 10 15 10 8 9 10 11 11 12 12 15 15 22 28 28 25 25 23 20 19 17 6 17 23 24 26 29 25 20 20 22 29 37 40 40 38 11 13 21 23 23 29 29 14 12 18 23 21 24 24 24 25 28 27 26 21 25 29 24 25 23 24 27 26 27 32 34 28 25 26 22 21 27 30 29 33 28 34 40 37 29 27 24 25 35 40 40 40 40 40 40 40
6 4 4 7 12 9 3 2 7 16 12 10 12 9 14 16 17 19 23 22 19 20 19 22 27 23 5 27 26 24 34 29 15 11 12 23 24 22 40 40 37 11 14 21 28 37 29 11 11 19 20 20 23 23 23 28 28 25 20 17 29 34 27 27 21 22 30 30 30 31 31 24 25 26 23 23 29 31 28 33 30 35 40 32 24 24 23 23 32 40 40 40 40 40 40 40
4 7 8 11 9 4 1 1 6 17 14 13 10 9 13 19 21 19 16 16 13 14 16 19 27 32 20 24 30 29 34 26 13 6 12 16 8 6 24 40 40 32 5 21 25 35 33 21 18 19 21 20 18 16 26 26 17 11 12 24 38 34 25 24 24 25 27 29 30 28 27 24 26 26 22 21 26 31 29 29 27 32 38 37 32 29 23 24 39 40 40 40 40 40 40 40
5 13 10 7 4 1 1 2 2 15 21 16 11 12 16 18 22 26 22 13 11 12 14 16 18 29 27 24 27 31 29 25 16 9 11 13 11 17 21 32 40 40 24 21 23 29 29 28 27 21 18 15 11 16 27 24 11 7 19 34 33 23 21 26 26 23 20 24 30 30 25 25 30 24 15 20 24 25 25 26 27 31 35 39 40 39 34 23 40 40 40 40 35 40 40 40
9 10 7 6 4 3 4 5 5 11 22 20 14 13 18 15 15 23 28 17 14 18 19 16 15 25 29 24 23 25 24 27 24 11 13 15 15 19 21 29 36 40 39 20 18 25 24 26 33 25 15 11 13 20 25 22 13 12 24 32 21 21 28 30 24 15 14 22 34 33 23 22 29 24 16 26 25 17 20 24 25 28 30 31 34 38 40 22 35 40 40 40 37 40 40 40
11 5 10 9 5 7 9 6 7 8 13 18 23 22 21 10 10 16 25 23 24 28 28 24 21 24 30 25 24 18 13 21 33 25 14 14 16 16 12 25 30 36 40 23 8 21 24 23 29 28 22 17 13 19 26 23 19 20 23 26 21 22 30 30 24 17 19 26 37 32 20 17 20 22 23 30 22 12 15 20 24 27 27 27 30 31 40 26 30 40 40 40 40 37 40 40
15 9 12 8 8 12 8 3 7 3 8 8 19 26 27 12 7 12 17 25 29 29 28 29 28 28 28 28 25 16 11 10 27 35 22 19 18 16 13 20 31 31 36 34 15 14 22 27 28 27 24 18 18 24 27 26 23 21 19 24 25 24 27 29 27 25 26 27 30 26 21 18 22 27 30 25 15 11 11 16 19 27 28 23 31 31 37 32 25 28 40 40 40 29 40 40
16 15 10 2 12 6 6 5 5 3 10 11 14 21 28 17 4 6 12 18 20 17 16 16 21 25 24 22 25 26 20 13 21 32 32 26 16 14 13 15 28 33 35 40 33 12 14 27 31 28 21 16 24 29 25 26 21 15 19 26 24 21 27 31 33 28 20 21 25 19 19 27 27 27 25 18 11 8 11 16 16 26 30 18 29 36 37 32 23 14 40 40 40 32 40 40
15 16 13 7 12 8 8 9 7 5 13 14 9 15 29 23 11 5 8 12 13 10 9 7 11 12 21 21 23 23 21 19 23 33 36 24 11 10 6 11 20 30 29 36 40 28 19 28 31 27 15 14 24 27 27 32 23 20 22 24 17 19 29 32 32 19 14 18 24 21 20 29 27 23 20 15 14 15 15 19 21 22 30 25 28 34 37 34 27 15 29 40 40 40 38 40
13 15 15 13 15 12 9 8 9 8 15 14 11 12 26 27 20 12 11 13 12 12 12 11 8 9 19 24 18 16 22 26 28 34 31 19 8 7 6 12 14 27 23 21 33 33 25 22 27 25 14 13 20 22 22 35 34 29 27 21 14 20 27 30 31 20 18 18 19 22 26 32 25 13 16 20 21 21 17 18 24 23 29 29 31 32 37 38 30 22 28 40 40 40 39 40
7 9 8 10 11 11 8 4 5 6 14 13 8 5 18 28 25 19 14 12 10 7 11 12 12 14 17 15 16 18 23 24 26 25 25 14 5 7 8 10 10 24 28 23 27 31 23 15 17 21 21 17 16 18 15 30 37 35 33 29 21 24 25 28 32 22 20 19 19 24 29 30 17 7 16 21 23 24 23 18 22 24 27 27 32 33 36 38 30 26 38 40 40 40 39 40
5 8 6 7 7 7 9 5 3 7 11 12 8 8 15 28 27 21 14 6 4 4 6 12 15 14 10 11 17 20 17 13 14 18 17 9 5 9 10 10 7 12 25 30 35 37 31 17 10 10 19 23 18 20 16 23 34 37 39 40 35 27 26 24 28 26 21 21 19 20 26 28 16 16 21 21 18 20 25 21 21 23 24 22 26 34 36 36 29 33 38 40 40 40 40 40
4 7 4 6 5 3 8 8 6 5 8 15 18 12 9 23 28 22 15 12 8 6 9 14 14 11 8 15 17 18 18 13 11 14 12 5 2 10 11 10 7 3 10 24 32 40 40 31 17 8 13 15 18 19 18 17 27 37 39 40 40 35 29 20 26 33 30 24 19 22 29 35 30 24 21 19 17 14 18 20 22 21 22 20 25 30 35 37 28 33 36 40 40 40 40 40
5 9 8 7 2 2 6 7 6 3 4 16 22 7 9 22 24 20 15 16 16 11 11 8 5 6 13 20 16 21 25 25 21 12 9 7 10 14 13 9 2 4 11 15 16 25 39 40 35 26 16 8 10 18 13 10 14 25 32 40 40 40 35 29 26 32 37 38 34 30 31 36 37 25 12 15 21 16 16 18 23 25 26 24 25 27 35 40 24 27 37 40 40 40 40 40
5 16 15 12 7 7 12 10 8 7 6 14 18 3 8 25 23 15 14 20 19 11 8 5 2 10 24 24 19 22 22 28 30 21 14 18 21 21 19 15 10 7 13 12 6 10 24 37 40 38 30 25 17 14 10 5 8 21 27 34 40 40 38 35 30 28 32 37 36 31 24 26 30 26 13 11 20 22 18 18 26 30 29 26 28 30 34 38 25 26 40 40 40 40 39 40
8 22 17 14 14 9 11 8 8 7 2 13 17 9 17 24 21 15 15 18 19 16 16 17 19 24 28 20 15 15 15 20 24 27 22 23 25 22 19 17 16 9 12 11 9 14 15 25 33 35 34 32 26 14 9 13 15 25 27 22 30 35 37 37 34 28 24 25 26 26 19 17 21 23 22 15 18 24 22 21 28 33 29 29 31 32 27 30 29 31 40 40 40 40 40 40
10 21 18 5 11 4 5 8 6 5 9 12 17 16 15 17 17 17 14 14 23 23 19 19 23 24 18 9 11 16 18 15 17 23 22 22 27 25 15 12 16 12 13 13 13 15 15 18 24 29 28 29 29 23 16 16 21 24 22 14 18 26 28 29 29 27 25 25 25 26 18 14 20 24 23 17 17 23 25 23 30 32 31 31 29 26 17 28 32 40 40 40 40 40 40 40
4 16 15 4 8 4 6 11 14 9 9 8 8 20 18 17 18 19 16 16 24 22 18 13 9 11 8 10 16 21 18 16 17 19 20 22 27 18 16 5 13 16 15 14 13 17 18 15 20 27 29 28 29 27 22 18 24 22 16 14 20 24 23 22 23 23 27 32 28 26 20 15 18 21 23 18 19 23 26 29 31 31 30 30 24 24 22 31 39 40 40 40 38 40 40 40
12 20 16 7 6 8 3 6 15 15 8 3 3 10 21 23 19 17 21 22 21 21 23 20 14 9 9 13 17 17 14 15 15 18 16 16 15 3 14 6 10 14 16 14 15 18 14 10 16 24 27 28 30 29 26 16 25 21 16 17 22 25 25 24 21 22 29 32 27 27 22 14 11 18 24 22 24 24 27 30 31 32 25 28 28 26 26 37 40 40 40 40 37 35 40 38
4 16 18 11 5 6 1 5 11 12 9 7 4 3 12 23 22 17 21 22 18 19 23 22 21 17 15 13 10 18 18 13 11 13 12 5 8 5 5 4 5 8 12 13 15 12 8 11 15 14 18 21 29 31 33 33 31 15 11 16 22 27 25 23 21 23 29 30 23 24 28 15 9 20 29 27 25 25 27 29 29 33 22 27 31 25 31 40 40 36 40 40 36 26 36 39
11 14 9 8 6 3 1 6 12 17 16 11 4 1 5 17 23 19 20 19 14 17 22 19 24 25 20 18 12 21 27 17 7 7 14 5 6 4 4 4 6 9 10 11 10 7 10 17 16 7 12 17 26 32 35 40 34 16 14 14 20 24 24 22 20 27 28 21 22 27 27 16 14 22 28 26 24 22 30 30 23 27 26 30 28 26 40 40 32 24 40 40 35 19 28 40
