AppendixA/HikerMovements/data/slope_limited.asc
ncols 271
nrows 294
xllcorner 698225
yllcorner 5141858
cellsize 30.00
nodata_value -32767
[rows 0 to 56 of 294, columns 96 to 191 of 271]
11 5 30 33 13 8 40 40 30 2 1 0 8 39 40 40 40 30 21 4 40 40 40 18 5 8 4 17 34 18 33 38 18 24 40 40 40 24 17 26 26 40 40 40 40 26 12 22 21 11 14 7 40 40 40 40 40 40 4 17 19 31 33 31 26 17 10 10 14 11 12 16 17 22 38 40 39 29 25 27 24 20 17 12 5 4 4 6 5 5 7 8 7 4 4 4
13 12 31 26 8 13 40 40 16 1 0 0 1 2 40 40 40 40 40 40 28 40 40 36 40 17 6 12 39 38 30 40 40 39 40 40 40 15 27 27 31 40 40 40 40 20 20 24 29 17 13 24 40 40 40 40 40 40 12 16 26 37 36 32 29 21 16 18 21 17 20 31 34 40 40 40 38 33 32 32 25 18 12 2 8 9 9 11 12 12 15 20 24 21 9 3
3 15 19 21 12 17 40 40 9 2 0 0 0 1 4 40 40 40 40 40 40 40 40 40 40 40 15 2 35 40 33 40 40 40 40 40 36 15 27 34 34 40 40 40 40 19 22 23 32 28 21 33 40 40 40 40 40 40 32 6 24 39 40 31 28 18 13 19 26 27 27 32 40 40 40 36 28 26 25 19 11 7 5 11 11 6 7 5 7 17 23 26 32 37 35 23
9 13 13 20 13 25 40 40 7 2 0 0 0 0 1 3 11 27 40 40 27 40 40 40 40 40 40 2 19 40 40 40 40 40 40 40 40 40 40 36 31 40 40 40 40 28 23 25 31 28 27 38 40 40 40 40 40 40 33 5 21 34 40 32 29 29 21 12 25 31 33 36 40 36 30 24 19 21 17 12 10 8 12 12 8 5 4 5 13 23 24 27 27 35 40 40
16 12 13 19 9 22 40 40 8 6 1 0 0 0 0 1 3 10 39 40 40 40 40 40 12 40 40 0 1 40 40 40 40 40 40 40 40 40 40 40 19 34 40 40 40 22 19 24 33 30 33 40 40 40 40 40 40 40 33 19 25 25 35 37 30 30 38 24 17 21 27 29 29 25 22 18 15 14 12 9 8 8 9 7 6 8 7 14 24 28 26 27 22 27 30 40
17 16 17 16 13 16 40 40 40 26 2 3 0 0 0 0 0 1 1 40 40 40 40 40 40 40 40 0 3 22 40 40 40 40 40 40 40 40 40 40 40 40 40 40 40 17 12 17 28 35 40 40 40 40 40 40 40 40 29 23 38 34 31 36 36 30 40 40 22 11 17 22 24 21 17 14 13 12 9 4 5 4 3 1 4 11 14 20 27 29 25 23 23 24 29 38
16 17 16 16 16 8 29 40 40 40 40 21 1 1 1 0 0 0 0 3 29 11 28 40 40 40 18 2 1 5 40 40 40 40 40 40 40 40 40 40 40 40 40 40 40 36 9 12 19 34 40 40 40 40 40 40 40 40 29 28 40 40 37 26 37 37 40 40 40 27 19 23 23 17 13 13 13 11 7 2 2 1 0 2 7 12 16 20 27 27 19 19 22 24 33 35
19 19 19 19 15 11 13 34 40 40 40 40 13 4 4 1 0 0 0 1 7 3 0 22 33 9 0 0 0 15 40 40 40 40 40 40 40 40 40 40 40 40 32 28 39 40 30 16 16 25 38 40 40 40 40 40 40 40 40 36 34 40 40 31 33 36 40 40 40 40 33 30 22 15 13 12 10 6 6 5 2 0 1 3 10 11 14 19 25 24 18 16 15 18 24 26
24 23 23 23 22 21 19 18 25 25 40 40 27 27 28 10 4 1 0 0 0 1 1 5 8 3 0 0 0 13 40 40 40 40 40 40 40 40 40 40 40 40 40 26 29 33 40 23 13 20 33 40 40 40 40 40 40 40 40 31 29 40 40 40 32 31 40 40 40 40 40 37 25 16 10 6 7 7 5 4 3 1 0 1 13 16 15 21 24 23 20 14 11 14 17 17
25 23 24 25 24 23 21 15 10 19 40 40 40 40 40 39 19 4 1 2 6 0 1 3 1 0 0 0 0 5 19 40 40 40 40 40 40 40 36 40 40 40 40 40 28 30 40 27 20 25 30 40 40 40 30 40 40 40 40 33 25 39 40 40 36 28 32 39 40 40 40 40 34 26 15 8 7 6 5 7 4 1 0 2 13 21 19 24 24 26 23 16 13 15 17 10
16 14 13 19 22 24 24 22 19 15 21 40 40 40 40 40 40 33 5 8 30 40 33 22 0 2 0 0 0 0 11 40 40 40 40 40 40 38 28 40 40 40 40 40 23 30 37 33 29 20 32 40 40 40 24 40 40 40 40 40 29 29 40 40 39 33 29 34 40 40 40 40 36 26 23 16 13 8 5 9 10 4 6 8 20 22 20 27 29 27 23 18 15 13 12 5
3 2 8 19 17 24 25 23 24 21 21 36 40 40 40 40 40 40 40 40 40 40 40 40 40 12 2 0 0 0 7 26 40 40 40 40 40 35 29 22 40 40 40 40 40 37 36 38 28 23 39 40 40 40 36 40 40 40 40 40 40 38 40 40 40 40 35 33 40 40 37 40 37 22 17 17 15 9 4 6 12 12 17 22 21 21 21 28 30 26 26 22 16 7 5 1
5 2 9 24 21 21 24 23 22 20 18 13 17 40 40 40 40 40 40 40 40 40 40 40 40 40 9 5 1 1 11 39 40 40 40 40 40 22 27 24 22 40 40 40 40 40 34 40 40 34 34 40 40 40 40 40 40 40 40 40 40 40 40 40 40 40 40 38 40 40 38 40 37 22 16 16 14 9 4 1 6 12 19 21 20 19 22 30 33 30 27 18 19 10 1 4
4 1 11 28 28 18 20 19 19 19 16 8 8 29 40 40 40 40 40 40 40 40 40 40 40 40 40 18 5 6 19 40 40 40 40 40 40 18 20 14 13 23 40 40 40 40 40 40 40 31 20 40 40 40 40 40 40 40 40 29 40 40 40 40 40 40 40 40 33 37 40 39 39 29 22 18 16 14 8 1 4 12 17 11 12 18 26 36 37 30 21 8 18 14 7 8
40 7 13 31 31 13 11 11 15 21 23 20 22 24 32 38 40 36 40 40 40 40 40 40 40 40 40 40 40 40 40 40 40 40 40 40 40 23 22 1 21 6 40 40 40 40 40 40 15 20 17 40 40 40 40 40 40 40 40 30 32 40 40 40 40 40 40 40 30 32 35 32 36 34 29 24 23 23 18 7 8 20 15 8 13 25 35 39 33 22 12 5 16 16 15 8
40 40 12 33 34 12 7 5 14 20 27 26 20 23 26 23 26 21 40 40 34 16 40 40 40 40 40 40 40 40 40 40 40 40 40 40 40 37 40 28 14 15 38 40 40 40 40 26 14 10 25 40 40 40 40 40 40 40 40 40 18 28 40 40 40 40 40 40 40 31 25 26 30 33 33 30 27 27 28 22 34 30 15 16 27 34 37 34 27 18 15 12 19 16 17 15
40 40 10 34 37 15 15 17 22 21 19 27 27 28 25 19 17 21 30 26 15 17 30 28 40 40 40 40 40 40 40 40 40 40 40 40 37 36 40 40 28 28 40 40 37 24 26 31 18 8 29 40 40 40 40 40 40 40 40 40 17 7 26 39 40 40 40 40 40 36 25 21 22 30 35 33 28 27 30 40 40 36 23 29 34 34 32 29 27 23 21 18 24 24 21 19
40 40 14 39 40 31 32 33 32 22 14 16 26 30 22 20 19 23 26 25 17 21 28 18 24 34 40 40 40 40 40 40 40 40 40 40 21 14 28 38 31 37 40 40 24 14 20 31 22 10 19 30 40 40 40 40 40 40 40 40 29 3 25 37 40 40 40 40 40 35 26 18 16 21 33 37 37 34 34 40 40 40 35 31 28 28 28 30 30 23 19 17 22 25 26 24
40 39 20 40 40 40 39 37 26 18 21 17 25 22 28 27 24 31 32 29 23 36 37 30 28 28 36 40 40 40 40 40 40 40 40 38 25 16 21 22 26 36 39 34 19 15 21 30 19 5 16 24 40 40 40 40 40 40 40 40 39 7 19 37 40 40 40 40 35 33 31 21 20 19 24 34 40 40 40 40 40 40 40 32 23 26 29 30 25 17 16 14 20 26 27 29
40 30 26 40 40 40 33 35 32 30 33 36 33 29 36 37 29 36 31 25 30 40 39 40 40 40 40 40 27 32 40 40 37 36 34 30 30 25 9 15 27 32 35 34 28 30 29 28 24 19 19 23 37 40 40 40 40 40 40 40 40 12 16 40 40 40 40 39 26 27 29 22 23 29 28 31 36 40 40 40 40 40 40 40 27 30 29 25 21 17 15 16 22 25 28 32
40 38 35 40 40 40 24 33 40 40 40 40 39 37 32 32 34 39 33 27 35 40 39 40 40 40 40 32 24 37 38 30 28 22 27 30 29 24 17 27 36 40 40 40 36 32 33 32 33 27 24 24 35 40 40 40 40 40 40 40 40 15 19 40 40 40 40 36 27 23 24 20 24 31 34 32 30 35 40 40 40 40 40 40 34 32 29 20 18 20 8 15 20 23 27 30
40 40 40 40 40 40 40 40 40 38 40 40 35 36 26 27 40 40 38 37 40 40 40 37 40 40 38 35 34 40 40 31 24 20 24 27 25 25 29 40 40 40 40 40 34 29 30 37 34 23 23 24 33 40 40 40 40 40 40 40 40 40 29 40 40 40 40 35 28 25 23 21 24 27 31 37 37 40 40 40 32 37 40 40 40 37 30 20 16 15 6 8 19 22 23 25
40 40 40 40 40 40 40 34 11 9 20 33 29 27 27 32 39 34 35 40 40 40 40 40 40 40 40 40 40 40 37 25 20 23 22 14 20 38 40 40 40 40 40 34 28 23 26 30 21 14 16 20 26 33 40 40 40 40 40 40 40 40 40 40 40 40 40 36 27 21 20 18 24 31 34 40 40 40 40 20 22 27 32 40 40 40 30 20 16 9 7 6 11 22 23 24
40 31 29 40 40 40 40 5 12 10 22 29 37 26 21 19 34 32 39 40 40 40 40 40 40 40 40 40 40 38 25 18 15 13 16 30 39 40 40 40 40 40 33 29 22 16 23 23 11 13 16 17 22 23 37 40 40 40 40 40 40 40 40 40 40 40 40 39 29 16 15 21 31 38 38 40 40 40 40 37 39 38 37 39 40 40 36 25 19 11 5 3 7 14 22 27
40 37 22 40 40 40 40 22 7 14 37 39 40 40 24 32 40 40 40 40 40 38 40 40 40 40 40 36 36 31 23 14 7 30 40 40 40 40 40 40 38 32 30 31 25 14 26 23 16 16 18 22 26 20 17 40 40 40 40 40 40 40 40 40 38 40 40 36 26 20 18 27 34 37 37 37 38 40 40 40 40 40 40 40 40 40 40 34 24 17 7 3 3 10 18 28
40 40 40 40 40 40 40 34 14 22 40 40 34 40 39 40 40 40 40 35 30 27 34 40 39 38 29 24 30 29 18 15 33 40 40 40 40 40 40 39 34 28 30 33 33 25 31 16 22 21 18 27 31 17 12 25 40 40 40 40 40 40 40 28 28 40 40 30 20 22 19 28 34 38 39 35 39 40 40 40 40 40 40 40 40 40 40 37 27 22 13 10 12 12 14 21
40 40 40 40 40 40 40 36 37 40 40 40 22 40 40 40 40 40 40 38 27 29 34 38 36 29 21 15 14 20 27 33 40 40 39 40 40 38 35 32 29 31 31 32 35 30 25 11 19 24 24 25 31 26 20 27 40 40 40 37 40 40 40 29 26 37 40 33 18 20 22 31 39 40 40 40 40 40 30 29 38 40 40 34 36 39 40 38 26 20 12 11 11 7 7 8
36 40 40 40 27 40 34 26 40 40 40 39 31 40 40 40 40 36 39 40 31 33 35 35 31 21 15 14 7 14 38 40 40 39 40 35 30 24 23 23 25 29 24 26 29 26 16 12 19 23 31 28 29 33 32 36 40 40 40 33 36 40 40 30 20 24 37 35 18 18 24 35 40 40 40 40 40 36 19 18 22 25 34 32 25 30 40 40 25 16 6 3 3 3 2 5
28 10 20 12 23 25 19 28 40 40 37 31 38 40 40 40 40 37 33 34 27 30 25 24 22 15 12 8 12 29 40 40 40 40 39 32 28 23 24 23 23 13 11 19 23 21 16 16 23 24 32 35 35 39 39 39 38 39 38 25 21 35 40 32 21 21 28 27 12 14 23 34 38 40 40 40 33 17 15 15 10 17 29 29 31 37 40 40 20 14 9 6 9 8 8 11
40 40 36 32 24 15 5 31 40 34 22 23 31 34 40 40 25 32 31 29 20 16 8 15 21 22 21 22 32 40 40 40 40 40 37 32 27 26 24 19 10 2 2 12 17 16 16 21 26 22 33 40 40 40 40 36 31 30 31 21 12 21 39 35 25 18 21 19 10 15 25 35 39 40 34 25 17 11 10 12 28 37 40 34 37 40 40 29 15 16 14 12 12 10 12 18
40 40 40 40 25 12 15 31 38 25 17 21 30 37 40 39 12 17 23 23 11 8 16 23 27 29 34 38 40 40 40 40 40 40 35 29 24 21 14 9 6 3 4 7 13 16 20 17 21 20 36 40 40 40 36 29 21 18 23 25 24 23 34 38 30 19 12 9 15 21 32 37 34 35 24 31 40 40 40 40 40 40 38 29 35 39 29 19 12 17 23 21 19 20 23 30
40 40 40 40 40 33 27 33 40 30 24 25 40 40 30 32 24 21 22 20 20 23 30 36 36 33 37 40 40 40 38 37 40 40 32 25 21 14 8 8 8 14 15 12 17 17 20 17 17 14 36 40 40 40 26 16 14 15 25 31 34 31 32 38 35 21 10 10 20 30 37 33 14 20 30 40 40 40 40 40 40 38 24 19 29 32 24 22 26 34 37 31 31 32 32 33
40 37 40 40 40 40 40 40 40 40 38 33 40 40 35 29 16 16 15 17 26 31 37 40 40 40 40 40 40 40 40 38 36 39 33 24 21 16 15 11 16 23 22 20 23 18 24 27 22 15 39 40 40 39 20 7 17 20 25 29 30 30 30 32 36 30 18 21 32 38 34 15 6 12 35 40 37 40 40 40 40 37 29 22 21 24 25 35 40 40 35 27 29 27 25 26
40 38 33 40 40 40 40 40 40 40 40 40 40 40 40 34 11 7 9 14 30 38 38 32 40 40 40 40 40 40 40 39 39 40 36 27 22 16 19 17 26 24 20 21 24 27 26 29 27 20 40 40 40 37 22 14 17 18 20 21 20 22 27 28 34 35 31 35 37 31 17 11 12 21 36 30 19 28 35 36 37 39 40 31 18 25 33 40 40 29 15 15 18 14 15 20
35 38 35 30 33 40 40 40 40 40 40 40 40 40 40 40 20 5 7 15 30 40 40 28 29 35 38 40 39 37 37 39 40 40 33 28 23 20 23 25 28 20 18 19 18 20 26 28 25 18 40 40 40 32 19 16 11 9 7 8 12 12 22 26 33 40 40 39 30 15 4 13 18 26 26 17 14 19 27 33 35 34 34 38 31 31 36 40 38 18 11 15 18 17 20 19
32 30 32 29 25 24 35 40 40 40 40 40 40 40 40 40 38 19 7 12 26 40 40 35 18 16 19 22 22 23 30 35 37 34 30 30 29 31 30 28 19 14 17 13 15 14 22 29 26 19 40 40 40 34 23 12 7 12 17 23 21 18 21 22 33 40 40 40 27 8 9 7 17 27 27 23 19 23 31 33 29 28 27 31 34 36 33 34 33 24 21 22 27 27 23 17
36 25 24 26 26 22 19 26 40 40 40 40 40 40 40 40 40 31 20 10 21 39 40 39 22 9 10 16 17 20 24 28 27 24 27 31 29 29 29 24 15 17 12 6 11 13 19 28 29 26 37 40 40 40 35 25 21 22 29 34 32 28 26 27 33 36 35 40 32 7 3 10 15 26 33 36 33 33 35 27 19 22 27 29 35 38 33 33 30 28 26 25 27 21 14 12
37 28 21 22 24 22 22 22 35 39 40 40 40 40 40 40 40 30 24 9 19 37 40 35 31 17 9 18 19 21 23 24 22 20 24 21 13 7 14 17 26 24 9 4 10 15 22 28 28 28 32 40 40 40 40 39 36 29 26 26 24 26 29 32 33 34 29 36 34 14 15 16 18 27 34 40 40 40 39 30 16 18 23 33 39 40 40 36 31 30 26 25 19 12 9 10
31 30 24 23 25 23 24 23 35 38 33 40 40 40 39 37 40 30 25 8 19 33 40 32 27 23 17 22 24 24 23 23 19 20 22 14 5 2 5 14 27 26 10 6 14 18 24 28 25 26 26 34 40 40 40 40 40 39 28 18 15 22 29 33 36 30 27 29 30 26 16 9 18 26 30 40 40 40 40 40 35 20 18 26 34 37 37 36 32 28 24 23 17 15 11 11
27 29 30 26 29 31 27 24 35 39 30 40 40 40 37 32 40 38 34 13 23 35 40 33 21 23 21 25 27 26 27 24 16 19 20 12 5 4 8 16 22 21 21 17 16 18 23 27 23 22 23 25 34 38 38 39 40 40 37 26 17 24 31 35 36 27 18 16 25 35 39 32 17 9 12 24 40 40 40 40 40 30 16 23 28 26 29 30 29 25 26 25 20 13 9 5
31 31 38 35 33 35 27 23 32 39 37 40 36 38 36 36 40 40 38 12 23 34 40 40 30 29 23 26 30 33 32 24 20 18 15 11 9 6 9 19 25 19 26 30 19 14 22 29 21 18 22 24 30 34 36 36 40 40 39 32 29 32 33 33 23 14 4 16 32 39 40 40 39 27 17 4 29 40 40 40 40 40 30 25 26 24 22 20 24 27 28 22 15 11 9 4
40 31 37 40 40 36 35 33 33 40 36 38 39 35 34 36 40 40 40 15 18 28 37 40 40 38 33 30 34 37 31 23 18 14 7 3 15 15 10 17 27 22 25 40 33 20 21 30 27 21 19 19 25 33 37 32 37 40 40 39 36 36 31 19 5 13 23 32 38 40 40 40 40 40 38 22 18 40 40 40 40 40 40 32 30 24 18 16 21 26 25 21 20 19 15 11
40 40 32 36 40 40 37 40 40 40 37 40 40 40 40 36 40 40 40 32 13 23 26 37 40 40 40 37 37 34 30 19 9 8 5 4 13 22 8 13 22 24 19 36 40 38 25 27 31 24 18 18 21 30 38 33 34 40 40 40 38 31 27 9 15 25 28 33 33 34 40 40 40 40 40 40 12 35 40 40 40 40 39 39 33 22 21 20 25 27 25 25 26 23 21 17
40 40 39 30 35 40 40 40 40 40 40 40 40 40 40 38 40 40 40 40 27 11 13 26 40 40 40 38 35 31 27 14 6 1 3 5 13 22 11 6 13 17 12 23 34 40 39 31 31 28 20 17 19 24 36 36 39 40 40 40 40 27 21 3 20 23 24 31 30 20 39 40 40 40 40 40 28 8 39 40 40 40 36 36 37 28 27 26 30 30 27 25 21 21 23 20
40 40 40 40 28 40 40 40 40 40 40 40 40 40 40 35 40 40 40 39 26 13 11 25 40 40 40 37 32 25 27 15 5 2 3 8 19 23 13 6 10 12 10 16 21 37 40 33 33 32 23 20 21 25 35 33 34 40 40 40 40 28 18 6 22 19 25 34 30 18 23 28 30 40 40 40 37 17 19 40 40 40 36 28 38 36 37 36 31 28 23 21 18 19 24 25
40 40 40 40 39 37 40 40 38 35 40 40 37 40 40 40 40 40 40 40 32 23 12 33 40 40 40 37 30 21 26 19 13 16 18 19 24 24 11 9 11 11 11 17 23 36 40 34 35 33 26 24 25 29 35 28 23 40 40 40 40 29 15 8 21 31 36 32 23 19 16 26 22 36 40 40 40 29 31 40 40 40 40 25 34 38 40 40 31 26 18 22 24 20 19 27
40 40 40 40 40 37 40 40 40 40 40 40 39 32 40 40 40 40 40 40 40 23 9 36 40 40 40 29 31 26 27 27 26 29 30 28 27 18 8 9 10 14 13 19 27 39 40 34 32 33 32 29 29 29 29 26 29 40 40 40 40 24 12 8 16 40 40 22 19 23 22 29 27 32 33 40 40 40 40 40 36 40 40 29 32 39 40 40 33 28 24 26 31 31 22 24
27 40 40 40 40 35 40 40 40 40 40 40 40 24 33 40 40 40 40 40 40 24 17 40 40 40 40 26 35 33 30 32 32 27 23 22 20 11 10 13 11 13 14 18 29 40 40 34 27 33 36 31 28 25 23 29 35 40 40 40 40 29 16 4 12 36 40 33 28 33 28 31 37 40 27 28 40 40 40 34 40 40 40 34 35 40 40 39 37 33 26 24 24 38 34 28
16 30 38 40 39 31 32 38 40 40 40 40 40 40 31 36 40 40 40 40 36 25 24 40 40 40 40 37 39 33 28 32 30 17 6 5 4 5 6 11 9 17 21 26 39 40 40 30 22 27 39 34 28 26 27 34 36 40 40 40 40 35 24 4 16 30 40 40 39 36 26 30 39 40 39 18 20 40 40 40 40 40 40 36 37 40 39 36 36 31 26 24 16 25 37 36
22 23 25 37 37 28 22 20 24 40 40 40 40 40 40 37 40 40 40 40 33 19 25 40 40 40 40 40 37 27 26 28 25 12 1 1 1 0 2 9 19 27 29 34 40 40 32 25 22 21 35 40 37 35 36 37 33 36 38 40 40 39 30 9 20 34 40 40 40 35 25 27 25 40 40 40 18 18 33 38 40 39 40 36 38 39 34 35 36 27 21 28 22 13 32 40
22 22 23 28 33 27 18 19 27 26 40 40 40 40 40 40 40 40 40 40 37 14 17 39 40 40 40 38 28 23 24 22 20 16 5 1 0 0 3 16 28 31 31 34 36 29 26 20 22 22 29 40 40 40 39 32 25 29 32 40 40 40 32 14 25 32 40 40 40 34 23 24 10 35 40 40 40 27 26 28 33 38 39 39 40 35 33 35 26 26 26 32 28 20 30 40
17 23 22 22 28 28 19 23 30 25 40 40 40 40 40 40 40 40 40 40 40 19 11 40 40 40 40 27 23 22 25 20 17 20 16 9 1 0 1 20 32 32 29 29 25 24 28 20 23 29 33 40 40 40 37 23 24 32 34 40 40 36 33 25 26 34 40 40 40 34 25 25 9 22 33 40 40 40 29 18 28 36 39 40 40 34 34 31 13 27 36 32 31 23 22 36
11 25 24 24 29 25 19 25 34 35 40 37 40 40 40 40 40 40 40 40 40 31 5 40 40 40 34 19 16 25 24 18 14 19 18 15 7 1 5 24 30 31 31 28 25 21 26 27 30 35 36 40 40 40 35 26 30 35 36 38 40 37 34 28 21 33 40 40 40 34 29 31 9 16 25 35 40 40 40 24 24 32 40 40 38 37 37 23 17 27 32 35 32 19 8 24
15 26 25 26 28 17 19 30 40 40 40 29 40 40 32 39 40 40 38 40 40 38 11 40 40 40 40 28 16 20 22 17 9 12 16 16 10 3 10 28 27 28 32 31 28 15 22 34 34 32 32 40 40 40 37 30 30 35 37 37 40 37 31 29 15 29 40 40 40 38 28 34 23 11 20 28 34 40 40 40 27 25 40 40 37 33 24 16 17 21 22 34 34 21 14 14
17 25 26 23 21 16 24 38 40 40 32 19 35 38 35 40 40 40 40 40 40 39 16 40 40 40 40 35 18 15 16 16 14 19 20 15 7 3 12 27 27 28 32 30 28 13 21 35 33 28 30 40 40 40 37 26 28 36 40 40 39 31 29 32 13 26 40 40 40 40 29 34 36 22 14 21 28 30 37 40 35 20 40 40 36 25 14 10 18 20 19 27 29 27 25 21
17 29 28 14 15 21 36 40 40 40 16 5 37 40 40 40 40 40 40 40 40 37 17 40 40 40 38 35 24 18 14 24 31 32 28 21 12 4 9 24 28 25 34 30 29 25 25 33 35 31 32 40 40 40 35 23 30 40 40 38 32 27 32 31 6 28 40 40 40 40 40 38 40 34 22 11 24 28 30 32 35 24 37 40 40 33 18 17 22 17 6 21 31 33 33 21
16 26 29 19 19 27 40 40 40 33 12 22 40 40 40 40 40 40 40 40 40 33 13 40 40 40 40 38 28 22 25 33 37 32 29 24 21 13 12 22 24 18 31 36 32 28 28 33 37 38 37 40 40 40 33 20 34 40 40 30 25 29 32 22 9 26 40 40 37 40 40 40 40 40 31 14 13 22 29 29 33 35 19 40 40 40 34 22 17 4 4 24 39 36 28 17
