AppendixA/HikerMovements/data/slope_limited.asc
ncols 271
nrows 294
xllcorner 698225
yllcorner 5141858
cellsize 30.00
nodata_value -32767
[rows 57 to 113 of 294, columns 96 to 191 of 271]
21 23 31 32 29 36 40 40 40 37 39 40 40 40 40 40 40 40 40 40 40 24 20 40 40 40 40 40 34 30 31 33 34 25 22 19 22 23 17 16 19 15 24 35 32 25 31 36 40 40 40 40 40 40 39 24 36 40 37 28 28 32 22 11 11 19 40 40 37 34 40 40 40 40 39 22 7 11 21 25 30 37 29 25 31 40 40 26 15 7 4 30 40 30 19 18
38 40 40 40 37 40 40 40 40 32 40 40 40 40 40 40 40 40 40 40 40 17 34 40 40 40 40 40 40 37 31 30 28 24 17 21 23 24 22 12 15 15 24 32 31 21 29 40 40 40 40 40 40 37 40 39 36 40 36 30 32 30 13 11 16 16 29 40 40 38 32 40 40 40 40 30 9 7 15 20 25 31 31 18 16 40 40 35 24 11 16 29 35 27 19 19
40 40 40 39 39 40 40 40 34 34 40 40 40 40 40 40 40 40 40 40 38 5 40 40 40 40 40 40 40 38 30 25 25 24 14 24 28 15 20 17 16 17 23 29 30 21 28 40 40 40 35 37 40 35 40 40 40 40 39 30 29 27 13 8 10 11 21 39 40 39 27 33 40 40 40 36 14 10 14 22 23 26 27 21 4 31 40 36 29 19 21 26 28 22 22 21
30 29 32 35 33 40 40 40 40 40 40 40 40 40 40 40 40 40 40 38 19 7 34 40 40 40 40 40 40 40 29 21 24 23 12 27 33 18 13 13 14 20 23 25 28 21 32 40 40 40 34 36 40 32 37 40 40 39 39 35 31 30 20 10 9 19 27 40 40 33 17 26 38 40 40 37 21 13 14 17 20 25 25 24 16 26 34 36 33 21 19 20 23 21 22 24
26 27 29 27 25 40 40 40 40 40 40 40 40 40 40 40 40 40 38 20 8 6 22 40 40 40 40 40 40 40 33 25 26 18 12 22 37 36 23 15 12 12 23 28 28 18 32 40 40 40 38 40 38 32 39 39 38 36 33 37 40 40 35 24 23 23 35 40 40 23 15 28 40 40 40 34 21 23 17 15 16 25 27 28 29 30 34 30 31 23 22 15 11 22 27 28
29 30 27 20 40 40 40 40 40 40 40 40 40 40 40 40 40 40 28 23 17 4 27 40 40 40 40 40 40 40 39 28 21 13 11 16 30 39 35 26 16 6 17 28 30 21 27 40 40 40 40 40 38 36 37 33 31 29 25 33 40 40 40 31 25 21 40 40 36 23 26 35 40 40 37 32 25 30 23 18 17 24 28 31 37 36 30 21 27 29 22 12 0 14 31 33
30 28 37 40 40 40 40 40 40 40 40 40 40 40 40 40 40 31 29 27 27 24 38 40 40 40 40 40 40 40 36 18 12 13 12 16 24 33 34 31 24 11 12 21 27 33 35 40 40 40 40 40 35 33 31 25 21 24 26 28 29 40 40 36 30 34 40 40 34 27 25 36 40 33 22 26 28 34 31 22 18 22 27 29 32 34 24 20 29 29 17 7 4 2 25 36
29 28 40 40 40 40 40 40 40 40 40 40 40 40 38 38 34 26 30 29 31 36 40 40 35 40 40 40 40 40 27 10 14 18 14 14 23 29 32 31 27 20 19 20 14 40 40 40 40 40 40 37 34 33 25 14 16 28 35 36 27 33 37 37 38 40 40 40 33 31 27 40 40 30 23 19 26 38 35 25 16 19 27 26 24 25 22 19 26 25 13 2 2 7 13 31
19 40 40 40 40 40 39 40 40 40 40 40 40 36 30 24 19 16 31 34 34 37 40 40 30 40 40 40 40 40 25 11 20 19 11 14 24 27 28 29 31 31 26 24 18 40 40 40 40 40 40 32 35 30 12 3 17 31 37 38 38 35 34 36 40 40 40 40 31 34 37 40 40 33 23 25 33 38 33 24 19 18 23 26 26 23 19 16 23 18 7 3 7 11 14 22
40 40 40 40 40 25 20 40 40 40 40 40 32 23 22 16 17 17 33 37 36 36 40 40 36 40 40 40 40 40 32 23 21 17 13 17 26 30 30 30 31 39 35 34 32 40 40 40 40 40 30 28 31 20 8 12 25 30 30 32 40 40 39 38 40 40 40 30 28 34 40 40 39 28 26 32 32 27 28 31 27 20 20 24 27 22 20 16 18 10 3 6 13 11 15 22
40 40 40 40 38 15 32 40 40 40 40 29 13 12 23 14 7 27 29 27 36 40 40 38 37 40 40 40 40 40 40 28 23 22 18 21 28 31 36 32 29 38 40 40 38 40 40 40 40 40 29 25 22 16 10 19 32 30 20 24 33 39 40 39 40 40 38 27 31 36 40 34 25 27 31 28 19 21 33 37 26 19 22 24 22 23 23 21 14 4 6 10 15 9 9 19
40 40 40 40 32 32 40 40 40 40 34 7 3 3 20 27 27 36 31 31 34 40 40 37 31 40 40 40 40 40 40 34 29 20 13 17 25 25 29 32 24 28 35 40 40 40 40 40 40 40 30 27 22 15 9 24 31 22 10 15 22 27 34 38 40 40 33 33 37 34 32 28 29 28 27 22 20 33 38 32 25 24 26 23 18 22 23 22 20 12 13 9 5 6 9 12
40 40 40 40 40 40 40 38 37 31 25 14 18 19 24 37 40 40 38 38 39 40 40 36 24 31 40 40 40 40 40 40 29 14 9 12 19 23 22 31 21 18 24 40 40 40 40 40 40 40 27 22 20 19 13 24 23 16 4 9 15 21 28 32 35 36 31 32 28 28 29 33 30 24 22 26 35 39 34 29 31 30 27 27 27 21 21 21 23 25 28 29 26 25 24 40
40 40 40 40 40 40 40 36 15 12 28 22 24 29 35 40 40 40 40 40 40 40 40 29 19 24 40 40 40 40 40 40 26 18 14 12 13 21 20 27 24 16 20 34 40 40 40 40 40 40 29 26 19 20 21 21 19 14 7 8 16 21 23 24 30 37 28 19 15 18 23 28 22 19 21 31 36 34 33 34 35 32 31 31 34 27 23 24 26 32 36 39 37 35 35 40
40 40 40 40 38 29 30 22 12 5 17 18 17 31 40 40 37 37 38 40 40 40 30 28 26 27 40 40 40 40 40 37 26 24 21 12 11 19 20 26 26 22 21 26 35 40 40 40 40 40 25 22 18 15 21 21 18 14 11 14 18 17 19 23 34 34 19 12 10 10 23 27 19 18 24 29 29 32 35 34 33 32 33 27 30 30 24 23 22 26 33 37 36 36 37 40
40 40 40 31 13 22 7 15 18 3 5 6 18 36 33 18 18 14 25 40 38 23 25 26 20 32 40 40 40 40 38 28 30 30 19 9 7 20 20 24 25 25 25 22 20 40 40 40 40 40 40 33 17 14 13 15 13 14 17 18 16 15 17 22 31 25 14 9 8 8 24 27 23 18 19 26 32 34 31 29 30 31 25 16 20 28 23 20 16 20 24 27 32 35 40 40
40 40 40 21 12 16 20 19 9 3 5 5 28 35 9 9 20 16 29 40 21 17 25 19 21 40 40 40 40 40 29 27 34 27 12 9 5 18 22 23 25 26 26 25 18 39 40 40 40 40 40 40 40 29 17 8 6 16 20 17 14 15 16 22 27 22 13 11 12 17 23 20 18 24 27 34 36 30 27 26 26 21 13 7 10 21 23 22 19 20 19 19 26 29 40 36
40 40 39 22 7 8 24 22 7 17 19 10 30 31 12 8 16 20 28 40 37 28 28 30 40 40 40 40 40 37 26 27 30 21 9 11 7 14 22 25 25 27 26 28 33 35 40 40 40 40 40 40 40 40 31 15 8 22 21 17 16 17 18 22 26 23 15 19 22 22 20 19 17 30 40 37 31 28 25 20 16 11 11 10 6 12 17 18 18 17 14 11 14 22 27 18
40 40 10 22 18 15 12 18 30 34 36 27 29 27 10 6 8 14 20 40 40 40 38 40 40 40 40 40 40 36 25 26 32 19 3 8 11 6 18 24 26 27 27 26 37 40 40 40 40 40 40 40 40 40 40 40 35 24 28 21 19 20 21 26 28 25 20 24 27 25 24 24 26 34 40 34 29 28 18 14 14 8 14 14 5 7 10 12 12 11 9 6 9 14 14 9
40 18 13 22 21 7 8 24 37 40 40 40 38 29 17 8 0 4 16 27 40 40 40 40 40 40 40 40 40 39 30 37 39 18 7 8 12 6 9 19 23 25 27 24 29 37 40 40 40 40 40 40 40 40 40 40 40 40 38 24 21 20 23 28 29 27 25 27 25 25 29 26 26 36 40 32 31 23 13 12 13 13 16 12 3 2 4 7 8 7 5 5 6 10 12 8
36 5 19 22 17 7 22 29 38 40 40 40 40 40 21 10 5 8 17 15 27 40 40 40 40 40 40 40 40 39 34 40 40 35 26 12 14 17 25 30 28 25 30 25 22 23 40 40 40 40 40 40 40 40 40 40 40 40 40 38 26 17 21 23 22 22 19 18 14 17 19 19 24 35 34 30 27 16 12 13 14 14 14 7 0 0 1 2 3 2 2 2 2 9 15 9
32 9 24 20 10 22 32 39 40 40 40 40 40 40 28 15 7 13 19 15 14 35 40 40 40 40 40 40 40 35 34 40 40 40 40 32 28 40 40 40 40 35 31 28 25 21 36 40 40 40 40 40 40 40 40 40 40 40 40 40 40 22 26 16 15 19 18 17 6 8 7 12 23 26 30 29 25 16 9 9 11 12 10 5 0 0 0 1 1 2 1 3 3 7 14 13
24 15 26 15 16 30 40 40 40 40 40 40 40 40 40 26 13 19 24 21 17 34 35 40 40 40 40 40 39 36 40 40 40 39 40 40 40 40 40 40 40 40 33 30 31 26 30 39 39 39 37 32 37 40 40 40 40 40 40 40 40 37 38 18 8 24 30 34 25 12 8 16 21 21 29 32 28 20 15 9 9 13 10 3 1 0 0 1 0 2 1 2 7 8 16 14
4 17 18 21 26 36 40 40 40 40 40 40 40 40 40 36 30 29 31 20 26 39 40 40 40 40 40 40 40 39 40 40 31 25 40 40 40 40 29 26 40 40 40 37 33 29 29 28 30 34 33 33 29 36 40 40 40 40 37 37 40 40 40 40 22 13 27 38 39 32 24 24 32 30 29 33 35 30 27 22 17 19 15 6 1 1 1 5 8 9 9 11 18 15 13 10
16 11 11 27 33 40 40 40 40 40 40 40 40 40 40 36 38 34 27 22 32 40 40 30 40 40 40 40 40 40 40 35 21 21 28 34 34 33 28 24 33 40 40 40 38 34 31 26 24 31 30 33 34 28 35 40 40 40 38 30 38 40 37 40 40 26 20 31 40 40 40 35 34 38 37 33 39 40 40 38 34 34 30 24 17 14 17 22 20 20 19 22 24 14 11 8
22 18 21 27 32 40 40 40 40 39 30 40 40 40 40 35 29 25 19 23 40 40 40 27 40 40 40 40 40 40 40 28 21 24 22 20 23 25 24 13 24 39 40 40 40 39 36 32 26 29 29 32 36 29 27 30 37 40 40 32 30 38 28 40 40 40 30 18 35 39 40 40 36 36 40 40 40 40 40 40 40 40 40 38 39 36 36 35 28 19 16 21 20 19 17 13
20 30 28 24 36 40 40 40 40 30 26 40 40 40 40 39 22 19 10 25 40 40 40 40 40 40 40 40 40 39 35 27 25 27 22 15 18 16 18 10 21 32 39 40 40 40 38 38 32 29 28 31 35 30 28 26 23 35 40 38 30 36 28 40 40 40 39 21 14 26 33 40 40 38 40 40 40 40 40 40 40 40 40 40 40 40 40 39 38 29 23 29 30 30 28 24
15 29 29 25 40 40 40 40 30 17 28 38 40 40 40 40 24 19 17 32 40 40 40 40 40 40 40 40 40 35 32 30 26 20 26 23 13 11 18 20 23 26 31 37 40 40 35 35 35 35 34 28 25 25 30 32 25 25 40 40 31 33 35 40 40 40 40 32 16 6 23 34 40 40 40 40 40 40 40 40 40 40 40 40 40 40 40 40 40 40 40 40 40 40 40 31
16 20 22 30 38 40 40 40 37 8 30 40 40 40 40 40 27 23 30 40 40 40 40 40 40 40 40 40 40 36 32 26 23 18 26 26 16 7 19 23 26 29 28 25 31 40 35 30 34 37 39 31 18 17 26 35 37 33 38 40 39 28 35 40 40 40 40 37 28 16 12 12 29 40 40 40 40 40 40 40 40 40 40 40 40 40 40 40 40 40 40 40 40 40 40 40
20 20 17 25 24 40 40 40 36 14 40 40 40 40 40 36 39 37 40 40 40 40 40 40 40 40 40 40 40 36 29 18 22 22 25 25 18 8 16 25 29 35 29 21 19 37 40 34 34 34 37 38 29 21 24 31 36 38 36 40 40 39 40 40 40 39 39 35 36 23 15 11 15 27 37 40 40 34 31 40 40 40 40 40 40 40 40 40 40 40 40 33 31 36 40 40
18 24 26 14 24 40 40 30 27 28 40 40 40 40 33 40 40 40 40 40 40 40 40 40 40 36 32 40 39 32 35 24 21 23 26 25 21 15 12 25 31 36 36 31 21 30 40 38 31 31 34 39 38 21 16 23 27 30 31 32 39 40 40 40 40 36 35 34 40 37 22 23 23 25 33 39 40 35 27 38 40 40 40 40 40 40 40 40 40 40 40 27 27 29 35 40
16 21 26 24 31 40 39 30 23 37 40 40 40 40 34 40 40 40 40 40 40 40 40 37 34 31 34 39 36 27 30 27 24 26 28 25 23 20 7 17 28 36 36 39 32 31 40 38 33 34 33 34 40 31 20 21 25 26 28 27 38 40 40 34 38 40 40 40 40 40 40 35 23 20 26 31 33 35 26 37 40 40 40 40 40 40 40 40 40 40 40 36 32 32 28 40
13 14 24 32 35 36 30 23 26 36 40 40 40 38 40 40 40 40 40 40 40 40 40 38 33 31 35 36 35 29 25 23 25 29 33 30 24 17 3 9 17 32 31 37 39 36 39 36 33 34 35 31 33 36 31 28 25 24 25 31 37 40 40 39 39 40 40 40 40 40 40 40 29 20 27 30 24 34 32 38 33 40 40 40 40 40 40 39 39 34 31 34 25 31 31 40
21 15 27 37 33 23 22 20 19 35 40 40 40 40 40 40 40 40 40 40 40 40 40 36 25 29 36 34 37 33 24 21 25 32 37 31 20 12 5 9 13 27 28 28 37 39 38 34 28 27 34 35 29 28 29 31 30 27 22 29 34 40 40 40 38 39 40 40 40 40 40 40 40 30 35 36 17 30 36 25 19 20 37 40 40 39 40 40 38 34 26 31 19 29 40 40
40 28 27 35 29 14 18 21 18 40 40 40 40 40 40 40 40 40 40 40 40 39 35 36 27 29 35 34 36 32 25 23 30 36 34 27 16 12 9 10 16 25 28 28 33 36 37 32 27 24 31 39 37 25 23 30 36 37 32 30 30 40 40 40 40 29 33 40 40 40 40 40 40 40 38 37 20 15 25 14 12 13 14 33 30 17 40 40 40 40 32 31 27 37 40 40
40 40 26 32 30 6 12 13 21 39 40 40 40 40 40 40 40 40 40 38 36 36 33 32 31 30 31 32 35 30 28 28 34 36 29 21 13 16 17 13 18 27 25 29 34 35 34 29 28 24 28 37 40 30 21 30 37 40 40 37 31 36 40 40 40 32 27 36 40 40 40 40 40 40 40 38 29 15 8 13 9 18 16 12 15 12 36 40 40 40 40 40 37 40 40 40
40 40 40 35 34 9 7 4 21 40 40 40 40 40 40 40 40 40 32 27 33 40 31 27 31 28 29 35 36 29 30 31 35 33 22 18 16 24 23 17 17 30 29 26 31 36 34 23 30 31 28 33 38 32 27 30 31 40 40 40 37 28 36 31 40 38 28 30 40 40 40 40 40 40 40 40 37 27 33 30 28 36 34 13 15 30 40 40 40 40 40 40 40 40 40 40
40 40 40 37 40 22 10 3 29 40 40 40 40 40 40 40 40 32 25 26 31 35 32 28 30 29 30 34 36 31 31 31 34 30 16 20 24 27 24 13 16 30 34 27 26 34 37 28 30 35 37 39 40 33 28 23 24 38 40 40 40 36 39 32 35 35 29 33 40 40 34 40 40 40 39 40 40 36 40 40 40 40 40 40 40 40 40 40 40 40 40 40 40 40 40 40
40 40 40 40 40 32 12 5 38 40 40 40 40 40 40 40 40 27 25 25 28 32 32 30 27 25 29 36 40 36 33 30 25 26 17 21 27 29 22 4 11 29 37 28 21 26 37 37 37 36 40 40 40 39 32 28 31 38 40 40 40 40 40 40 36 32 28 33 40 40 33 40 40 40 35 34 40 38 32 31 31 35 40 40 40 40 40 40 40 40 40 40 40 40 40 40
40 40 40 40 40 36 29 19 40 40 40 40 40 40 40 40 33 23 23 24 27 31 30 24 20 23 29 40 40 40 31 22 14 23 23 23 28 27 21 8 2 27 39 28 17 18 29 31 32 32 32 40 40 40 34 33 38 40 40 40 40 40 40 40 40 39 33 34 40 40 29 40 40 40 34 35 40 40 32 21 18 24 39 40 40 40 40 40 40 40 40 40 40 40 40 40
40 40 40 40 40 40 33 29 40 40 40 40 40 40 40 40 25 21 21 22 23 22 25 20 15 26 34 40 40 40 25 18 13 19 21 26 30 26 21 9 4 21 40 34 24 24 23 23 21 25 23 32 40 40 30 23 29 32 24 40 40 40 40 40 40 40 40 40 40 40 23 40 40 40 30 36 40 40 40 40 33 29 39 40 40 40 40 40 40 40 40 36 35 40 40 40
40 40 40 40 40 40 37 39 40 40 40 40 40 40 40 39 21 22 19 14 15 18 23 20 14 23 38 39 40 40 33 24 20 22 20 25 29 28 23 12 8 11 36 40 36 31 26 28 28 23 22 20 25 38 36 25 23 23 18 25 40 40 40 40 40 40 40 40 39 40 37 37 40 40 39 40 40 40 40 40 40 40 40 40 40 40 40 40 40 40 40 30 26 36 40 40
40 40 40 40 40 40 40 40 40 40 40 40 40 40 40 32 26 24 20 19 19 21 24 25 20 19 40 40 40 40 38 28 26 25 22 23 25 28 27 20 14 5 20 35 38 33 28 25 30 30 26 20 14 25 35 35 31 26 28 23 40 40 40 40 40 40 40 40 40 40 40 40 40 40 40 40 40 32 32 40 40 40 40 40 40 40 40 40 40 40 40 31 32 40 40 40
40 40 40 40 40 40 39 40 40 40 40 40 40 40 40 29 28 25 24 24 23 21 23 26 25 19 38 40 40 40 35 27 29 28 25 25 23 22 26 23 23 13 6 20 30 34 31 19 17 33 30 21 16 17 26 32 35 30 30 22 27 40 40 40 40 40 35 40 40 40 40 40 40 40 40 34 40 30 27 32 35 40 40 40 40 40 40 40 37 40 40 40 40 40 40 40
40 40 40 40 40 40 30 40 40 40 40 40 40 40 36 22 22 26 27 27 26 19 15 19 26 23 28 40 40 40 34 26 26 28 28 28 23 14 21 20 25 22 11 10 13 27 34 25 13 25 33 25 16 19 21 22 24 28 32 23 17 34 40 40 40 40 32 28 37 40 40 40 40 40 35 26 39 40 40 37 25 26 32 38 40 34 38 40 40 40 40 40 40 40 40 40
40 40 40 40 40 40 30 40 40 40 40 40 40 36 21 9 19 28 27 28 29 20 13 12 24 26 30 40 40 40 36 28 25 29 30 30 26 13 20 20 21 26 21 13 4 14 31 37 26 24 32 33 24 18 17 15 13 21 33 32 25 31 40 40 40 40 40 17 24 34 40 40 40 40 40 40 40 40 40 40 36 27 31 40 40 37 40 40 40 40 40 40 40 34 39 40
40 40 40 40 38 40 36 40 40 40 40 40 40 22 15 14 16 19 24 28 30 21 15 11 23 34 33 38 40 40 36 30 27 31 31 26 29 22 24 22 15 23 27 23 16 13 16 36 39 37 34 34 32 26 18 11 12 19 28 35 38 32 39 40 40 40 40 35 35 22 40 40 40 40 40 40 40 40 40 40 40 40 40 40 40 39 38 40 40 40 40 40 40 40 40 40
40 40 40 40 34 32 31 39 40 40 40 40 40 15 11 9 4 7 19 24 29 23 18 18 28 37 32 31 38 40 31 26 27 31 30 20 25 25 27 24 14 15 22 25 22 21 12 21 32 38 39 34 34 34 30 21 20 25 27 30 40 40 35 40 40 40 40 40 40 40 35 40 40 40 40 40 40 40 40 40 40 40 40 40 32 27 33 38 40 40 40 40 40 40 40 40
40 40 40 40 40 25 16 33 40 40 40 40 23 8 6 6 7 15 23 23 18 19 22 26 31 35 35 33 35 39 32 27 26 28 27 16 21 23 26 25 16 11 17 22 22 24 18 3 15 27 37 40 36 32 35 35 26 25 30 27 30 40 37 38 40 40 40 40 40 40 40 40 40 40 40 40 40 40 40 40 40 40 40 29 20 30 40 40 40 40 40 40 40 40 40 27
40 40 40 40 40 30 6 40 40 40 40 38 19 8 12 14 16 24 28 18 7 8 22 32 33 34 38 37 32 36 35 28 23 21 25 21 20 20 22 23 19 17 20 23 18 17 20 16 6 17 30 37 38 31 30 31 27 23 27 26 22 30 35 33 40 40 40 40 40 40 40 40 40 40 40 40 40 40 40 40 40 40 40 32 28 40 40 40 40 40 40 40 40 27 10 20
40 40 40 40 40 37 7 40 40 40 40 30 25 16 21 20 22 23 22 13 15 10 21 40 36 32 35 37 33 35 34 28 25 23 25 23 21 19 21 23 23 22 20 21 12 9 16 21 19 13 19 27 34 39 37 27 29 31 28 28 21 24 25 27 35 40 40 40 40 40 40 40 32 40 34 40 40 40 40 40 40 40 40 32 33 40 40 40 40 40 40 40 32 9 10 17
40 40 40 40 40 37 14 40 40 40 39 31 30 23 19 17 15 16 19 15 17 20 30 38 32 30 33 38 35 31 32 29 29 24 21 22 22 18 21 23 23 23 15 14 11 7 11 21 24 15 9 16 28 40 40 38 28 36 38 36 30 30 29 23 23 33 40 40 40 40 40 40 34 40 38 40 40 40 40 40 40 40 39 30 40 40 40 39 40 40 40 40 25 9 14 13
40 40 33 40 40 29 27 40 40 40 39 31 32 22 15 10 10 23 26 20 18 21 28 27 24 31 36 38 31 26 33 32 30 25 22 23 21 19 21 20 20 25 14 9 12 13 21 24 21 15 13 14 23 26 38 40 34 33 39 40 38 35 40 37 25 21 30 38 40 40 40 40 40 40 40 40 40 40 40 40 40 40 40 40 40 40 33 35 40 40 40 40 12 12 15 14
40 40 34 40 40 16 38 40 40 40 33 31 32 19 16 12 22 31 26 22 20 16 19 22 27 34 35 34 27 24 32 31 31 30 27 24 20 19 19 19 17 25 20 14 19 24 27 24 19 15 20 19 19 18 26 40 40 37 36 39 38 33 40 40 37 25 26 37 40 40 40 40 40 40 40 40 40 40 40 40 40 40 40 40 40 40 40 40 40 40 40 26 4 11 13 15
40 40 40 40 39 2 40 40 40 40 23 33 29 16 16 23 30 28 19 19 21 16 21 27 28 32 29 26 28 26 29 29 31 34 31 24 18 14 15 21 18 18 18 21 25 29 28 21 18 20 22 21 20 18 15 29 38 38 40 40 40 35 26 38 40 30 32 34 37 32 31 33 34 32 35 40 40 40 40 40 40 40 40 40 40 40 40 40 40 40 32 11 4 11 16 21
40 40 40 40 30 15 40 40 40 32 25 28 26 22 23 28 26 23 18 18 16 21 27 29 24 20 27 26 30 27 25 28 34 34 32 27 15 9 10 22 23 15 9 18 27 33 33 20 18 21 21 19 12 5 6 14 23 30 36 40 40 40 31 28 38 35 34 30 26 28 27 22 22 24 30 37 40 40 40 40 40 40 40 40 40 40 40 40 40 35 13 12 11 12 22 30
40 40 40 36 25 17 40 40 40 34 32 23 28 31 28 24 23 25 21 17 10 20 24 20 11 15 28 31 27 25 25 28 36 33 30 26 16 16 16 23 22 15 11 19 25 29 33 26 21 19 14 8 6 6 3 4 11 17 22 29 38 40 40 34 38 37 37 34 30 34 32 22 17 23 33 34 33 40 40 40 40 40 40 40 40 40 40 40 40 37 23 20 24 26 32 40
