AppendixA/Cholera/Dadaab/src/dadaab/d_costp_a.txt
ncols         146
nrows         270
xllcorner     40.271522396316
yllcorner     -0.018005853421
cellsize      0.00083333333333335
NODATA_value  -9999
[rows 210 to 251 of 270, columns 0 to 94 of 146]
0 0 83 117 186 263 300 353 416 448 372 300 235 166 83 0 0 83 117 186 263 343 416 485 559 634 707 768 833 901 971 1044 1118 1083 1044 1006 971 916 833 750 666 583 500 416 333 250 166 83 0 83 166 83 0 0 83 166 186 166 117 83 83 0 0 83 83 117 166 186 235 263 300 343 372 416 448 485 533 527 471 416 353 300 235 186 117 83 0 0 83 166 235 250 263 300 353
83 83 117 186 235 300 372 416 471 424 343 263 186 117 83 0 83 117 186 235 300 372 448 527 600 671 745 820 885 950 1017 1086 1157 1157 1118 1083 1000 916 833 750 666 583 500 416 333 250 166 83 0 83 117 117 83 0 83 166 235 235 186 166 117 83 0 0 0 83 83 117 166 186 235 263 300 343 372 416 471 527 533 471 416 353 300 235 186 117 83 0 83 117 166 166 186 235 300
166 166 186 235 300 353 416 485 485 416 333 250 166 83 0 0 83 166 235 300 353 416 485 559 634 712 786 857 931 1003 1067 1133 1201 1230 1166 1083 1000 916 833 750 666 583 500 416 333 250 166 83 0 0 83 166 83 0 83 117 186 263 263 235 186 117 83 83 0 0 0 83 83 117 166 186 235 263 300 353 416 448 485 527 471 416 353 300 235 166 83 0 0 83 83 83 117 186 235
250 250 263 300 353 416 471 527 448 372 300 235 166 83 0 83 117 186 263 343 416 471 533 600 671 745 820 897 971 1044 1118 1184 1250 1252 1169 1086 1003 920 837 754 671 589 506 424 343 263 186 117 83 0 83 166 83 0 0 83 166 250 333 300 235 186 166 117 83 83 0 0 0 83 83 117 166 186 235 300 343 372 416 448 485 471 416 343 263 186 117 83 0 0 0 0 83 117 166
333 333 343 372 416 471 533 485 416 343 263 186 117 83 0 83 166 235 300 372 448 527 589 650 716 786 857 931 1006 1083 1157 1230 1301 1261 1178 1096 1013 931 849 768 687 606 527 448 372 300 235 166 83 0 83 166 117 83 0 83 166 235 300 353 300 263 235 186 166 117 83 83 0 0 0 83 83 117 186 235 263 300 343 372 416 448 416 372 300 235 186 117 83 83 83 0 0 83 83
416 416 424 448 485 533 527 448 372 300 235 166 83 0 0 83 166 250 333 416 485 559 634 707 768 833 901 971 1044 1118 1193 1269 1343 1274 1193 1111 1030 950 870 790 712 634 559 485 416 333 250 166 83 0 83 166 166 83 0 83 117 186 263 343 372 343 300 263 235 186 166 117 83 83 0 0 0 83 117 166 186 235 263 300 343 372 343 300 263 250 235 186 166 166 117 83 0 0 0
500 500 506 527 559 559 485 416 343 263 186 117 83 0 83 117 186 263 343 424 506 589 671 745 820 885 950 1017 1086 1157 1230 1304 1374 1293 1213 1133 1054 975 897 820 745 666 583 500 416 333 250 166 83 0 83 166 166 83 0 0 83 166 250 333 416 416 372 343 300 263 235 186 166 117 83 83 0 0 83 83 117 166 186 235 263 300 263 235 186 166 166 166 166 186 186 117 83 83 0
583 583 589 606 600 527 448 372 300 235 166 83 0 0 83 166 235 300 372 448 527 606 687 768 849 931 1003 1067 1133 1201 1272 1343 1343 1269 1193 1118 1044 971 897 820 745 666 583 500 416 333 250 166 83 0 83 166 186 117 83 0 83 166 235 300 372 448 448 416 372 343 300 263 235 186 166 117 83 0 0 0 83 83 117 166 186 235 186 166 117 83 83 83 83 117 166 166 117 83 83
666 666 671 634 559 485 416 343 263 186 117 83 0 83 117 186 263 343 416 485 559 634 712 790 870 950 1030 1111 1184 1250 1317 1366 1301 1230 1157 1083 1006 931 857 786 712 634 559 485 416 333 250 166 83 0 83 117 186 166 83 0 83 117 186 263 343 424 506 485 448 416 372 343 300 263 235 186 117 83 83 0 0 0 83 83 117 166 117 83 83 0 0 0 0 83 83 83 83 0 0
750 745 671 600 527 448 372 300 235 166 83 0 0 83 166 235 300 372 448 527 600 671 745 820 897 975 1054 1133 1213 1293 1366 1317 1250 1184 1118 1044 971 897 820 745 671 600 527 448 372 300 235 166 83 0 0 83 166 166 83 0 0 83 166 250 333 416 485 559 527 485 448 416 372 343 300 235 186 166 117 83 83 0 0 0 83 83 83 0 0 0 83 83 0 0 0 0 0 0 83
786 712 634 559 485 416 343 263 186 117 83 0 83 117 186 263 343 416 485 559 634 712 786 857 931 1006 1083 1160 1238 1317 1343 1272 1201 1133 1067 1003 931 857 786 712 634 559 485 416 343 263 186 117 83 0 0 83 166 186 117 83 0 83 166 235 300 372 448 527 600 559 527 485 448 416 353 300 263 235 186 166 117 83 83 0 0 0 0 0 83 83 117 117 83 83 83 83 83 83 117
745 671 600 527 448 372 300 235 166 83 0 0 83 166 235 300 372 448 527 600 671 745 820 897 971 1044 1118 1193 1269 1346 1301 1230 1157 1086 1017 950 885 820 745 671 600 527 448 372 300 235 166 83 0 0 0 83 166 235 166 83 0 83 117 186 263 343 424 506 559 527 485 448 416 372 343 300 263 235 186 166 117 83 83 0 0 0 0 0 83 117 166 186 166 166 166 166 166 166 186
712 634 559 485 416 343 263 186 117 83 0 83 117 186 263 343 416 485 559 634 712 786 857 931 1006 1083 1157 1230 1304 1317 1250 1184 1118 1044 971 901 833 768 707 634 559 485 416 343 263 186 117 83 0 83 0 83 166 250 166 83 0 0 83 166 250 333 416 485 485 448 416 372 343 300 263 235 186 166 117 83 83 0 0 0 83 83 83 0 0 83 83 117 166 186 235 250 250 250 263
687 606 527 448 372 300 235 166 83 0 0 83 166 235 300 372 448 527 600 671 745 820 897 971 1044 1118 1193 1269 1343 1272 1201 1133 1067 1003 931 857 786 716 650 589 527 448 372 300 235 166 83 0 0 83 0 83 166 250 186 117 83 0 83 166 235 300 372 448 416 372 343 300 263 235 186 166 117 83 83 0 0 0 83 83 117 166 117 83 0 0 0 83 83 117 166 186 235 263 300
671 589 506 424 343 263 186 117 83 0 83 117 186 263 343 416 485 559 634 712 786 857 931 1006 1083 1157 1230 1304 1304 1230 1157 1086 1017 950 885 820 745 671 600 533 471 416 343 263 186 117 83 0 83 83 0 83 166 250 235 166 83 0 83 117 186 263 343 372 343 300 263 235 186 166 117 83 83 0 0 0 83 83 117 166 186 235 186 117 83 83 0 0 0 83 83 117 166 186 235
666 583 500 416 333 250 166 83 0 0 83 166 235 300 372 448 527 600 671 745 820 897 971 1044 1118 1193 1269 1343 1269 1193 1118 1044 971 901 833 768 707 634 559 485 416 353 300 235 166 83 0 0 83 83 0 83 166 235 250 166 83 0 0 83 166 250 333 300 263 235 186 166 117 83 83 0 0 0 83 83 117 166 186 235 263 300 235 186 166 117 83 83 0 0 0 83 83 117 166
650 583 500 416 333 250 166 83 0 83 117 186 263 343 416 485 559 634 712 786 857 931 1006 1083 1157 1230 1304 1317 1238 1160 1083 1006 931 857 786 716 650 589 527 448 372 300 235 186 117 83 0 83 117 83 0 83 117 186 263 186 117 83 0 83 166 250 263 235 186 166 117 83 83 0 0 0 83 83 117 166 186 235 263 300 343 353 300 263 235 186 166 117 83 83 0 0 0 83 83
600 533 471 416 333 250 166 83 0 83 166 235 300 372 448 527 600 671 745 820 897 971 1044 1118 1193 1269 1343 1293 1213 1133 1054 975 897 820 745 671 600 533 471 416 343 263 186 117 83 0 0 83 166 83 0 0 83 166 250 235 166 83 0 83 166 235 186 166 117 83 83 0 0 0 83 83 117 166 186 235 263 300 343 372 416 416 372 343 300 263 235 186 166 117 83 83 0 0 0
559 485 416 353 300 235 166 83 0 83 166 250 333 416 485 559 634 712 786 857 931 1006 1083 1157 1230 1304 1356 1274 1193 1111 1030 950 870 790 712 634 559 485 416 353 300 235 166 83 0 0 83 117 186 117 83 0 83 166 235 250 166 83 0 83 117 166 117 83 83 0 0 0 83 83 117 166 186 235 263 300 343 372 416 448 485 485 448 416 372 343 300 263 235 186 166 117 83 83 0
527 448 372 300 235 186 117 83 0 83 166 250 333 416 500 583 666 745 820 897 971 1044 1118 1193 1269 1343 1343 1261 1178 1096 1013 931 849 768 687 606 527 448 372 300 235 186 117 83 0 83 117 186 235 166 83 0 83 117 186 250 166 83 0 0 83 83 83 0 0 0 83 83 117 166 186 235 263 300 343 372 416 448 485 527 559 559 527 485 448 416 372 343 300 263 235 186 166 117 83
485 416 343 263 186 117 83 0 0 83 166 250 333 416 500 583 666 750 833 916 1000 1083 1157 1230 1304 1343 1304 1252 1169 1086 1003 920 837 754 671 589 506 424 343 263 186 117 83 0 0 83 166 235 250 166 83 0 0 83 166 235 186 117 83 0 83 0 0 0 83 83 117 166 186 235 263 300 343 372 416 448 485 527 559 600 634 634 600 559 527 485 448 416 372 343 300 263 235 186 117
416 372 300 235 166 83 0 0 83 117 186 263 343 424 506 589 671 754 837 920 1003 1086 1169 1252 1304 1269 1230 1193 1157 1083 1000 916 833 750 666 583 500 416 333 250 166 83 0 0 83 117 186 263 263 186 117 83 0 83 117 166 117 83 83 0 0 0 83 83 117 166 186 235 263 300 343 372 416 448 485 527 559 600 634 671 712 712 671 634 600 559 527 485 448 416 372 343 300 235 186
353 300 263 186 117 83 0 83 117 186 235 300 372 448 527 606 687 768 849 931 1013 1096 1178 1261 1230 1193 1157 1118 1083 1044 1000 916 833 750 666 583 500 416 333 250 166 83 0 83 117 186 235 300 300 235 166 83 0 0 83 83 83 0 0 0 83 83 117 166 186 235 263 300 343 372 416 448 485 527 559 600 634 671 712 745 786 786 745 712 671 634 600 559 527 485 448 416 353 300 263
300 235 186 166 83 0 0 83 166 235 300 353 416 485 559 634 712 790 870 950 1030 1111 1193 1193 1157 1118 1083 1044 1006 971 931 897 820 745 666 583 500 416 333 250 166 83 0 83 166 235 300 300 235 186 166 117 83 0 0 0 0 0 83 83 117 166 186 235 263 300 343 372 416 448 485 527 559 600 634 671 712 745 786 820 857 857 820 786 745 712 671 634 600 559 527 471 416 372 343
235 186 117 83 83 0 83 117 186 263 343 416 471 533 600 671 745 820 897 975 1054 1133 1157 1118 1083 1044 1006 971 931 897 857 820 786 712 634 559 485 416 333 250 166 83 0 83 166 250 263 235 186 117 83 83 0 0 0 0 83 83 117 166 186 235 263 300 343 372 416 448 485 527 559 600 634 671 687 712 745 768 790 820 857 901 897 857 820 786 745 712 671 634 589 533 485 448 416
186 117 83 0 0 0 83 166 235 300 372 448 527 589 650 716 786 857 931 1006 1083 1118 1083 1044 1006 971 931 897 857 820 786 745 712 671 606 527 448 372 300 235 166 83 0 83 166 235 186 166 117 83 0 0 0 0 0 0 83 83 117 186 235 250 263 300 353 416 471 527 559 583 583 583 583 589 606 634 671 687 712 745 786 833 833 833 833 833 820 786 745 707 650 600 559 527 485
117 83 0 0 83 83 117 186 263 343 416 485 559 634 707 768 833 901 971 1044 1083 1044 1006 971 931 897 857 820 786 745 712 671 634 600 559 506 424 343 263 186 117 83 0 83 166 166 117 83 83 0 0 83 83 83 83 0 0 0 83 117 166 166 186 235 300 353 416 471 500 500 500 500 500 506 527 559 589 606 634 671 716 754 750 750 750 750 754 768 790 768 716 671 634 589 527
83 0 0 83 117 166 186 235 300 372 448 527 600 671 745 820 885 950 1017 1044 1006 971 931 897 857 820 786 745 712 671 634 600 559 527 485 448 416 333 250 166 83 0 0 83 117 83 83 0 0 0 83 117 166 166 117 83 83 0 0 83 83 83 117 186 235 300 353 416 416 416 416 416 416 424 448 485 506 527 559 600 650 671 666 666 666 666 671 687 712 745 745 671 600 533 471
83 0 83 117 186 235 263 300 353 416 485 559 634 712 786 857 931 1003 1006 971 931 897 857 820 786 745 712 671 634 600 559 527 485 448 416 372 343 300 263 186 117 83 0 83 83 0 0 0 83 83 117 186 235 235 186 166 117 83 0 0 0 0 83 117 186 235 300 333 333 333 333 333 333 343 372 416 424 448 485 533 589 589 583 583 583 583 589 606 634 666 671 634 559 485 416
0 0 83 166 235 300 343 372 416 471 533 600 671 745 820 897 971 950 931 897 857 820 786 745 712 671 634 600 559 527 485 448 416 372 343 300 263 235 186 166 117 83 0 0 0 0 83 83 117 166 186 235 300 300 263 235 186 117 83 83 83 0 0 83 117 186 235 250 250 250 250 250 250 263 300 333 343 372 416 471 506 506 500 500 500 500 506 527 559 583 589 589 527 448 372
0 83 117 186 263 343 416 448 485 533 589 650 716 786 857 931 897 870 849 820 786 745 712 671 634 600 559 527 485 448 416 372 343 300 263 235 186 166 117 83 83 0 0 0 83 83 117 166 186 235 263 300 353 372 343 300 235 186 166 166 117 83 0 0 83 117 166 166 166 166 166 166 166 186 235 250 263 300 353 416 424 424 416 416 416 416 424 448 485 500 506 506 471 416 343
0 0 83 166 250 333 416 500 559 600 650 707 768 833 897 857 820 790 768 745 712 671 634 600 559 527 485 448 416 372 343 300 263 235 186 166 117 83 83 0 0 0 83 83 117 166 186 235 263 300 343 372 416 448 416 353 300 263 250 235 186 117 83 0 0 83 83 83 83 83 83 83 83 117 166 166 186 235 300 333 343 343 333 333 333 333 343 372 416 416 424 424 416 353 300
83 0 83 166 250 333 416 500 583 666 716 768 824 857 820 786 745 712 687 671 634 600 559 527 485 448 416 372 343 300 263 235 186 166 117 83 83 0 0 0 83 83 117 166 186 235 263 300 343 372 416 448 485 527 471 416 372 343 333 300 235 186 117 83 0 0 0 0 0 0 0 0 0 83 83 83 117 186 235 250 263 263 250 250 250 250 263 300 333 333 343 343 333 300 235
0 0 83 166 250 333 416 500 583 666 750 833 820 786 745 712 671 634 606 589 559 527 485 448 416 372 343 300 263 235 186 166 117 83 83 0 0 0 83 83 117 166 186 235 263 300 343 372 416 448 485 527 559 589 533 485 448 424 416 353 300 235 186 117 83 83 0 0 0 83 83 83 0 0 0 0 83 117 166 166 186 186 166 166 166 166 186 235 250 250 263 263 250 250 186
0 83 117 186 263 343 424 506 589 671 754 786 745 712 671 634 600 559 527 506 485 448 416 372 343 300 263 235 186 166 117 83 83 0 0 0 83 83 117 166 186 235 263 300 343 372 416 448 485 527 559 600 634 650 600 559 527 506 471 416 353 300 235 186 166 117 83 83 83 117 166 117 83 83 83 0 0 83 83 83 117 117 83 83 83 83 117 166 166 166 186 186 166 166 166
0 83 166 235 300 372 448 527 606 687 745 712 671 634 600 559 527 485 448 424 416 372 343 300 263 235 186 166 117 83 83 0 0 0 83 83 117 166 186 235 263 300 343 372 416 448 485 527 559 600 634 671 712 716 671 634 606 589 533 471 416 353 300 263 235 186 166 166 166 186 235 186 166 166 117 83 0 0 0 0 83 83 0 0 0 0 83 83 83 83 117 117 83 83 83
83 117 186 263 343 416 485 559 634 712 671 634 600 559 527 485 448 416 372 343 333 300 263 235 186 166 117 83 83 0 0 0 83 83 117 166 186 235 263 300 343 372 416 448 485 527 559 600 634 671 712 745 786 786 745 712 687 650 589 533 471 416 372 343 300 263 250 250 250 263 300 263 250 235 186 117 83 83 83 0 0 0 0 83 83 0 0 0 0 0 83 83 0 0 0
166 186 235 300 372 448 527 600 671 634 600 559 527 485 448 416 372 343 300 263 250 235 186 166 117 83 83 0 0 0 83 83 117 166 186 235 263 300 343 372 416 448 485 527 559 600 634 671 712 745 786 820 857 857 820 790 768 707 650 589 533 485 448 416 372 343 333 333 333 343 372 343 333 300 235 186 166 166 117 83 83 83 83 117 117 83 83 83 83 0 0 0 0 83 0
250 263 300 353 416 485 559 634 600 559 527 485 448 416 372 343 300 263 235 186 166 166 117 83 83 0 0 0 83 83 117 166 186 235 263 300 343 372 416 448 485 527 559 600 634 671 712 745 786 820 857 897 931 931 897 870 824 768 707 650 600 559 527 485 448 424 416 416 416 424 448 424 416 353 300 263 250 235 186 166 166 166 166 186 186 166 166 166 117 83 83 83 83 117 83
333 343 372 416 471 533 589 559 527 485 448 416 372 343 300 263 235 186 166 117 83 83 83 0 0 0 83 83 117 166 186 235 263 300 343 372 416 448 485 527 559 600 634 671 712 745 786 820 857 897 931 971 1006 1006 975 942 885 824 768 716 671 634 600 559 527 506 500 500 500 506 527 506 471 416 372 343 333 300 263 250 250 250 250 263 263 250 250 235 186 166 166 166 166 186 166
416 424 448 485 533 527 506 485 448 416 372 343 300 263 235 186 166 117 83 83 0 0 0 0 83 83 117 166 186 235 263 300 343 372 416 448 485 527 559 600 634 671 712 745 786 820 857 897 931 971 1006 1044 1083 1083 1054 1003 942 885 833 786 745 712 671 634 606 589 583 583 583 589 606 589 533 485 448 424 416 372 343 333 333 333 333 343 343 333 333 300 263 250 250 250 250 263 250
500 506 527 527 485 448 424 416 372 343 300 263 235 186 166 117 83 83 0 0 0 83 83 83 117 166 186 235 263 300 343 372 416 448 485 527 559 600 634 671 712 745 786 820 857 897 931 971 1006 1044 1083 1118 1157 1160 1121 1060 1003 950 901 857 820 786 745 712 687 671 666 666 666 671 687 650 600 559 527 506 485 448 424 416 416 416 416 424 424 416 416 372 343 333 333 333 333 343 333
