AppendixA/Cholera/Dadaab/src/dadaab/d_costp_a.txt
ncols         146
nrows         270
xllcorner     40.271522396316
yllcorner     -0.018005853421
cellsize      0.00083333333333335
NODATA_value  -9999
[rows 126 to 167 of 270, columns 0 to 94 of 146]
448 424 416 372 343 333 333 300 263 235 186 166 117 83 83 0 0 0 0 83 83 117 166 166 186 235 250 263 300 333 343 372 343 263 186 117 83 83 83 117 166 83 0 0 0 0 83 83 83 83 83 0 83 117 186 263 186 117 83 0 0 83 0 0 83 166 235 300 372 448 424 416 416 416 416 372 343 300 235 186 166 117 83 0 0 0 83 83 83 83 117 166 186 117 83
372 343 333 300 263 250 250 235 186 166 117 83 83 0 0 0 0 0 83 117 166 186 235 250 263 300 333 343 372 416 424 448 372 300 235 186 166 166 166 186 166 83 0 83 83 0 0 0 0 0 0 0 83 166 235 300 235 186 117 83 0 83 83 0 83 117 186 263 343 424 506 500 500 500 485 448 416 353 300 263 235 186 117 83 83 0 0 0 0 0 83 83 117 83 0
300 263 250 235 186 166 166 166 117 83 83 0 0 0 83 0 0 83 117 186 235 263 300 333 343 372 416 424 448 485 506 485 416 353 300 263 250 250 250 250 166 83 0 83 83 0 83 83 83 0 0 83 117 186 263 343 300 235 166 83 0 0 83 0 0 83 166 250 333 416 500 583 583 583 559 527 471 416 372 343 300 235 186 166 117 83 83 83 83 0 0 0 83 0 0
235 186 166 166 117 83 83 83 83 0 0 0 83 83 0 0 83 117 186 235 300 343 372 416 424 448 485 506 527 559 589 533 471 416 372 343 333 333 333 250 166 83 0 83 83 0 83 117 83 83 0 83 166 235 300 372 343 263 186 117 83 0 83 0 83 117 186 263 343 424 506 589 666 666 634 589 533 485 448 416 353 300 263 235 186 166 166 166 117 83 83 0 0 0 0
166 117 83 83 83 0 0 0 0 0 83 83 83 0 0 83 117 186 235 300 353 416 448 485 506 527 559 589 606 634 650 589 533 485 448 424 416 416 333 250 166 83 0 0 0 0 83 83 0 0 0 83 166 250 333 416 372 300 235 166 83 0 0 0 83 117 186 263 343 424 506 589 671 745 707 650 600 559 527 471 416 372 343 300 263 250 250 235 186 117 83 0 0 83 83
83 83 0 0 0 0 83 83 83 83 117 83 0 0 83 117 186 235 300 353 416 471 527 559 589 606 634 671 687 712 707 650 600 559 527 506 500 424 343 263 186 117 83 0 0 83 117 83 0 0 83 117 186 263 343 424 416 343 263 186 117 83 0 0 0 83 166 250 333 416 500 583 666 750 768 716 671 634 589 533 485 448 416 372 343 300 235 186 117 83 0 0 83 117 166
0 0 0 83 83 83 117 166 166 166 117 83 0 83 117 186 235 300 353 416 471 533 589 634 671 687 712 745 768 790 768 716 671 634 606 589 527 448 372 300 235 166 83 0 83 117 166 83 0 0 83 166 235 300 372 448 448 372 300 235 186 117 83 0 0 83 166 250 333 416 500 583 666 745 820 786 745 707 650 589 533 471 416 353 300 235 186 117 83 0 0 83 117 186 235
83 83 83 117 166 166 186 235 186 117 83 0 0 83 166 235 300 353 416 471 533 589 650 707 745 768 790 820 849 870 833 786 745 712 687 634 559 485 416 333 250 166 83 0 83 166 166 83 0 83 117 186 263 343 416 485 485 416 353 300 235 186 117 83 0 83 166 250 333 416 485 559 634 712 790 768 707 650 589 533 471 416 353 300 235 186 117 83 0 0 83 117 186 235 300
166 166 166 186 235 250 235 186 117 83 0 0 83 117 186 263 343 416 471 533 589 650 707 768 820 849 870 897 931 950 901 857 820 790 745 666 583 500 416 333 250 166 83 0 83 166 166 83 0 83 166 235 300 372 448 527 533 471 416 353 300 235 166 83 0 83 166 235 300 372 448 527 606 687 745 707 650 589 533 471 416 353 300 235 186 117 83 0 0 83 117 186 235 300 353
250 250 250 263 300 235 186 117 83 0 0 83 117 186 235 300 372 448 527 589 650 707 768 824 885 931 950 975 1006 1017 971 931 897 833 750 666 583 500 416 333 250 166 83 0 83 166 166 83 0 83 166 250 333 416 485 559 589 533 471 416 333 250 166 83 0 83 117 186 263 343 424 506 589 671 671 634 589 533 471 416 353 300 235 186 117 83 0 0 83 117 186 235 300 353 416
333 333 333 300 235 186 117 83 0 0 83 117 186 235 300 353 416 485 559 634 707 768 824 885 942 1003 1030 1054 1083 1086 1044 1000 916 833 750 666 583 500 416 333 250 166 83 0 83 117 166 83 0 83 166 250 333 416 500 583 650 583 500 416 333 250 166 83 0 0 83 166 250 333 416 500 583 650 600 559 527 471 416 353 300 235 186 117 83 0 0 83 117 186 235 300 353 416 471
343 300 263 235 186 117 83 0 0 83 117 186 235 300 353 416 471 533 600 671 745 820 885 942 1003 1060 1111 1133 1160 1157 1083 1000 916 833 750 666 583 500 416 333 250 166 83 0 0 83 166 83 0 83 166 250 333 416 500 583 666 589 506 424 343 263 186 117 83 0 83 166 250 333 416 500 583 589 533 485 448 416 353 300 235 186 117 83 0 0 83 117 186 235 300 353 416 471 533
263 235 186 166 117 83 0 0 83 117 186 235 300 353 416 471 533 589 650 716 786 857 931 1003 1060 1121 1178 1213 1238 1169 1086 1003 920 837 754 671 589 506 424 343 263 186 117 83 0 83 166 83 0 83 166 250 333 416 500 583 666 606 527 448 372 300 235 166 83 0 83 166 250 333 416 485 559 533 471 416 372 343 300 235 186 117 83 0 0 83 117 186 235 300 353 416 471 533 589
186 166 117 83 83 0 0 83 117 186 235 300 353 416 471 533 589 650 707 768 833 901 971 1044 1118 1178 1238 1293 1261 1178 1096 1013 931 849 768 687 606 527 448 372 300 235 166 83 0 83 166 83 0 83 166 250 333 416 500 583 666 634 559 485 416 333 250 166 83 0 83 166 235 300 372 448 527 485 416 353 300 263 235 186 117 83 0 0 83 117 186 235 300 353 416 471 533 589 650
117 83 83 0 0 0 83 117 186 235 300 353 416 471 533 589 650 707 768 824 885 950 1017 1086 1157 1230 1296 1356 1274 1193 1111 1030 950 870 790 712 634 559 485 416 333 250 166 83 0 83 166 83 0 83 166 250 333 416 500 583 666 666 583 500 416 333 250 166 83 0 83 117 186 263 343 416 471 416 372 300 235 186 166 117 83 0 0 83 117 186 235 300 353 416 471 533 589 650 707
83 0 0 0 83 83 117 186 235 300 353 416 471 533 589 650 707 768 824 885 942 1003 1067 1133 1201 1272 1343 1374 1293 1213 1133 1054 975 897 820 745 666 583 500 416 333 250 166 83 0 83 166 83 0 83 166 250 333 416 500 583 666 666 583 500 416 333 250 166 83 0 0 83 166 235 300 372 416 353 300 263 186 117 83 83 0 0 83 117 186 235 300 353 416 471 533 589 650 707 768
0 0 83 83 117 166 186 235 300 353 416 471 533 589 650 707 768 824 885 942 1003 1060 1121 1184 1250 1317 1386 1396 1317 1238 1160 1083 1000 916 833 750 666 583 500 416 333 250 166 83 0 83 117 83 0 83 166 250 333 416 500 583 666 671 589 506 424 343 263 186 117 83 0 83 117 186 263 343 353 300 235 186 166 83 0 0 0 83 117 186 235 300 353 416 471 533 589 650 707 768 824
83 83 117 166 186 235 263 300 353 416 471 533 589 650 707 768 824 885 942 1003 1060 1121 1178 1238 1301 1366 1433 1416 1333 1250 1166 1083 1000 916 833 750 666 583 500 416 333 250 166 83 0 0 83 0 0 83 166 250 333 416 500 583 666 687 606 527 448 372 300 235 166 83 0 0 83 166 235 300 300 235 186 117 83 83 0 83 83 117 186 235 300 353 416 471 533 589 650 707 768 824 885
166 166 186 235 263 300 343 372 416 471 533 589 650 707 768 824 885 942 1003 1060 1121 1178 1238 1296 1356 1419 1483 1416 1333 1250 1166 1083 1000 916 833 750 666 583 500 416 333 250 166 83 0 0 83 0 83 117 186 263 343 424 506 589 671 712 634 559 485 416 343 263 186 117 83 0 83 117 186 235 235 186 117 83 0 0 0 83 166 186 235 300 353 416 471 533 589 650 707 768 824 885 942
250 250 263 300 343 372 416 448 485 533 589 650 707 768 824 885 942 1003 1060 1121 1178 1238 1296 1356 1414 1474 1500 1416 1333 1250 1166 1083 1000 916 833 750 666 583 500 416 333 250 166 83 0 0 83 0 83 166 235 300 372 448 527 606 687 745 671 600 527 448 372 300 235 166 83 0 0 83 117 186 186 117 83 0 0 83 83 117 186 263 300 353 416 471 533 589 650 707 768 824 885 942 1003
333 333 343 372 416 448 485 527 559 600 650 707 768 824 885 942 1003 1060 1121 1178 1238 1296 1356 1414 1474 1532 1502 1419 1335 1252 1169 1086 1003 920 837 754 671 589 506 424 343 263 186 117 83 0 83 0 83 166 250 333 416 485 559 634 712 786 712 634 559 485 416 343 263 186 117 83 0 0 83 117 166 83 0 0 83 117 166 186 235 300 372 416 471 533 589 650 707 768 824 885 942 1003 1060
416 416 424 448 485 527 559 600 634 671 716 768 824 885 942 1003 1060 1121 1178 1238 1296 1356 1414 1474 1532 1592 1509 1426 1343 1261 1178 1096 1013 931 849 768 687 606 527 448 372 300 235 166 83 0 0 0 83 166 250 333 416 500 583 666 745 820 745 671 600 527 448 372 300 235 186 117 83 0 0 83 83 83 0 83 117 186 235 263 300 353 416 485 533 589 650 707 768 824 885 942 1003 1060 1121
500 500 506 527 559 600 634 671 712 745 786 833 885 942 1003 1060 1121 1178 1238 1296 1356 1414 1474 1532 1592 1602 1520 1438 1356 1274 1193 1111 1030 950 870 790 712 634 559 485 416 333 250 166 83 0 0 83 117 186 263 343 424 506 589 671 754 837 786 712 634 559 485 416 353 300 235 186 117 83 0 0 0 0 0 83 166 235 300 343 372 416 471 533 600 650 707 768 824 885 942 1003 1060 1121 1178
583 583 589 606 634 671 712 745 786 820 857 901 950 1003 1060 1121 1178 1238 1296 1356 1414 1474 1532 1592 1649 1618 1536 1455 1374 1293 1213 1133 1054 975 897 820 745 666 583 500 416 333 250 166 83 0 0 83 166 235 300 372 448 527 606 687 768 824 768 707 650 589 533 471 416 353 300 235 186 117 83 0 0 83 83 117 186 263 343 416 448 485 533 589 650 716 768 824 885 942 1003 1060 1121 1178 1238
666 666 671 687 712 745 786 820 857 897 931 971 1017 1067 1121 1178 1238 1296 1356 1414 1474 1532 1592 1649 1709 1637 1556 1476 1396 1317 1238 1160 1083 1000 916 833 750 666 583 500 416 333 250 166 83 0 0 83 166 250 333 416 485 559 634 712 790 768 707 650 589 533 471 416 353 300 235 186 117 83 0 0 0 0 0 83 166 235 300 372 448 527 600 650 707 768 833 885 942 1003 1060 1121 1178 1238 1296
750 750 754 768 790 820 857 897 931 971 1006 1044 1086 1133 1184 1238 1296 1356 1414 1474 1532 1592 1649 1709 1740 1660 1581 1500 1416 1333 1250 1166 1083 1000 916 833 750 666 583 500 416 333 250 166 83 0 0 83 166 250 333 416 500 583 666 745 768 707 650 589 533 471 416 353 300 235 186 117 83 0 0 83 83 83 0 83 117 186 263 343 424 506 589 671 745 820 885 950 1003 1060 1121 1178 1238 1296 1356
833 833 837 849 870 897 931 971 1006 1044 1083 1118 1157 1201 1250 1301 1356 1414 1474 1532 1592 1649 1709 1767 1750 1666 1583 1500 1416 1333 1250 1166 1083 1000 916 833 750 666 583 500 416 333 250 166 83 0 0 83 166 250 333 416 500 583 666 750 707 650 589 533 471 416 353 300 235 186 117 83 0 0 83 117 166 83 0 0 83 166 250 333 416 485 559 634 712 786 857 931 1006 1083 1160 1238 1296 1356 1414
916 916 920 931 950 975 1006 1044 1083 1118 1157 1193 1230 1272 1317 1366 1419 1474 1532 1592 1649 1709 1767 1827 1751 1668 1585 1502 1419 1335 1252 1169 1086 1003 920 837 754 671 589 506 424 343 263 186 117 83 0 83 166 250 333 416 500 583 666 707 650 589 533 471 416 353 300 235 186 117 83 0 0 83 117 186 186 117 83 0 83 166 235 300 372 448 527 600 671 745 820 897 975 1054 1133 1213 1293 1374 1455
1000 1000 1003 1013 1030 1054 1083 1118 1157 1193 1230 1269 1304 1343 1386 1433 1483 1536 1592 1649 1709 1767 1827 1820 1740 1660 1581 1502 1419 1335 1252 1169 1086 1003 920 837 754 671 589 506 424 343 263 186 117 83 0 83 166 250 333 416 500 583 666 650 589 533 471 416 353 300 235 186 117 83 0 0 83 117 186 235 235 166 83 0 83 117 186 263 343 416 485 559 634 712 790 870 950 1030 1111 1193 1269 1346 1424
1083 1083 1086 1096 1111 1133 1160 1193 1230 1269 1304 1343 1379 1416 1457 1502 1550 1600 1654 1709 1767 1827 1880 1798 1717 1637 1556 1476 1396 1317 1238 1160 1083 1000 916 833 750 666 583 500 416 333 250 166 83 0 0 83 166 250 333 416 485 559 634 589 533 471 416 353 300 235 186 117 83 0 0 83 117 186 235 300 250 166 83 0 0 83 166 235 300 372 448 527 606 687 768 849 931 1006 1083 1160 1238 1317 1396
1166 1166 1169 1178 1193 1213 1238 1269 1304 1343 1379 1416 1455 1490 1529 1572 1618 1666 1717 1771 1827 1885 1863 1781 1699 1618 1536 1455 1374 1293 1213 1133 1054 975 897 820 745 666 583 500 416 333 250 166 83 0 0 83 166 235 300 372 448 527 589 533 471 416 353 300 235 186 117 83 0 0 83 117 186 235 300 343 263 186 117 83 0 83 117 186 263 343 424 506 589 671 745 820 897 975 1054 1133 1213 1293 1374
1250 1250 1252 1261 1274 1293 1317 1346 1379 1416 1455 1490 1529 1565 1602 1643 1687 1734 1783 1835 1889 1932 1850 1767 1685 1602 1520 1438 1356 1274 1193 1111 1030 950 870 790 712 634 559 485 416 333 250 166 83 0 0 83 117 186 263 343 424 485 533 471 416 353 300 235 186 117 83 0 0 83 117 186 235 300 353 372 300 235 166 83 0 0 83 166 250 333 416 485 559 634 712 790 870 950 1030 1111 1193 1274 1356
1333 1333 1335 1343 1356 1374 1396 1424 1455 1490 1529 1565 1602 1641 1677 1715 1757 1802 1850 1900 1952 1923 1840 1757 1674 1592 1509 1426 1343 1261 1178 1096 1013 931 849 768 687 606 527 448 372 300 235 166 83 0 0 0 83 166 250 333 372 416 471 416 353 300 235 186 117 83 0 0 83 117 186 235 300 353 416 416 343 263 186 117 83 0 83 166 235 300 372 448 527 606 687 768 849 931 1013 1096 1178 1261 1343
1416 1416 1419 1426 1438 1455 1476 1502 1532 1565 1602 1641 1677 1715 1751 1789 1829 1872 1918 1900 1880 1863 1827 1751 1668 1585 1502 1419 1335 1252 1169 1086 1003 920 837 754 671 589 506 424 343 263 186 117 83 0 0 0 83 166 235 263 300 353 416 353 300 235 186 117 83 0 0 83 117 186 235 300 353 416 471 448 372 300 235 166 83 0 83 117 186 263 343 424 506 589 671 754 837 920 1003 1086 1169 1252 1335
1333 1335 1343 1356 1374 1396 1424 1455 1490 1529 1565 1602 1643 1687 1734 1783 1827 1863 1844 1820 1798 1781 1751 1715 1660 1581 1500 1416 1333 1250 1166 1083 1000 916 833 750 666 583 500 416 333 250 166 83 0 0 0 0 83 117 166 186 235 300 343 300 235 186 117 83 0 0 83 117 186 235 300 353 416 471 533 485 416 333 250 166 83 0 0 83 166 250 333 416 500 583 666 750 833 916 1000 1083 1166 1250 1333
1250 1252 1261 1274 1293 1317 1346 1379 1416 1455 1490 1529 1572 1618 1666 1717 1751 1789 1765 1740 1717 1699 1677 1641 1602 1556 1476 1396 1317 1238 1160 1083 1000 916 833 750 666 583 500 416 333 250 166 83 0 83 83 0 0 83 83 117 186 235 263 235 186 117 83 0 0 83 117 186 235 300 353 416 471 533 589 506 424 343 263 186 117 83 0 83 166 250 333 416 500 583 666 750 833 916 1000 1083 1157 1230 1304
1166 1169 1178 1193 1213 1238 1269 1304 1343 1379 1416 1457 1502 1550 1600 1641 1677 1715 1687 1660 1637 1618 1602 1565 1529 1490 1455 1374 1293 1213 1133 1054 975 897 820 745 666 583 500 416 333 250 166 83 0 83 83 0 0 0 0 83 117 166 186 186 117 83 0 0 83 117 186 235 300 353 416 471 533 589 606 527 448 372 300 235 166 83 0 83 166 250 333 416 500 583 666 750 833 901 971 1044 1118 1193 1269
1083 1086 1096 1111 1133 1160 1193 1230 1269 1304 1343 1386 1433 1483 1529 1565 1602 1641 1609 1581 1556 1536 1520 1490 1455 1416 1379 1343 1274 1193 1111 1030 950 870 790 712 634 559 485 416 333 250 166 83 0 83 83 0 83 83 0 0 83 83 117 117 83 0 0 83 117 186 235 300 353 416 471 533 589 650 634 559 485 416 333 250 166 83 0 83 166 250 333 416 500 583 650 716 786 857 931 1006 1083 1160 1238
1000 1003 1013 1030 1054 1083 1118 1157 1193 1230 1272 1317 1366 1416 1455 1490 1529 1565 1532 1502 1476 1455 1438 1416 1379 1343 1304 1269 1230 1178 1096 1013 931 849 768 687 606 527 448 372 300 235 166 83 0 83 83 0 0 0 0 0 0 0 83 83 0 0 83 117 186 235 300 353 416 471 533 589 650 707 666 583 500 416 333 250 166 83 0 83 166 250 333 416 471 533 600 671 745 820 897 975 1054 1133 1213
916 920 931 950 975 1006 1044 1083 1118 1157 1201 1250 1301 1343 1379 1416 1455 1490 1455 1424 1396 1374 1356 1343 1304 1269 1230 1193 1157 1118 1083 1003 920 837 754 671 589 506 424 343 263 186 117 83 0 83 83 0 0 0 83 83 83 0 0 0 0 83 117 186 235 300 353 416 471 533 589 650 707 745 666 583 500 416 333 250 166 83 0 83 166 235 300 353 416 485 559 634 712 790 870 950 1030 1111 1193
833 837 849 870 897 931 971 1006 1044 1086 1133 1184 1230 1269 1304 1343 1379 1416 1379 1346 1317 1293 1274 1261 1230 1193 1157 1118 1083 1044 1006 971 916 833 750 666 583 500 416 333 250 166 83 0 0 83 83 0 0 83 117 166 117 83 0 0 83 117 186 235 300 353 416 471 533 583 589 606 634 671 666 583 500 416 333 250 166 83 0 83 117 186 235 300 372 448 527 606 687 768 849 931 1006 1083 1157
750 754 768 790 820 857 897 931 971 1017 1067 1118 1157 1193 1230 1269 1304 1343 1304 1269 1238 1213 1193 1178 1157 1118 1083 1044 1006 971 931 897 857 820 745 666 583 500 416 333 250 166 83 0 83 117 83 0 0 83 166 117 83 0 0 83 117 186 235 300 353 416 471 500 500 500 506 527 559 600 650 583 500 416 333 250 166 83 0 0 83 117 186 263 343 424 506 589 671 745 820 897 971 1044 1118
