AppendixA/Cholera/Dadaab/src/dadaab/d_costp_a.txt
ncols         146
nrows         270
xllcorner     40.271522396316
yllcorner     -0.018005853421
cellsize      0.00083333333333335
NODATA_value  -9999
[rows 0 to 41 of 270, columns 0 to 94 of 146]
250 250 250 166 83 0 83 83 0 0 83 117 166 186 235 166 83 0 83 166 250 333 416 500 583 666 745 786 745 712 671 634 600 559 527 471 416 372 343 300 235 186 117 83 0 0 0 83 166 235 186 117 83 0 0 0 83 166 250 333 250 166 83 0 0 83 117 186 235 300 333 300 263 250 250 250 235 186 166 166 166 166 166 166 166 186 235 250 250 250 250 250 250 263 250
166 166 186 166 83 0 0 83 83 0 0 83 83 117 186 166 83 0 83 166 250 333 416 500 583 634 671 716 671 634 600 559 527 485 448 416 353 300 263 235 186 117 83 0 0 0 83 117 186 186 117 83 0 0 83 83 117 186 263 343 263 186 117 83 0 0 83 117 186 235 250 235 186 166 166 166 166 117 83 83 83 83 83 83 83 117 166 166 166 166 166 166 166 186 166
83 83 117 166 117 83 0 83 117 83 0 0 0 83 117 166 83 0 83 166 250 333 416 485 527 559 600 650 600 559 527 485 448 416 372 343 300 235 186 166 117 83 0 0 83 0 83 166 186 117 83 0 0 83 117 166 186 235 300 372 300 235 186 117 83 0 0 83 117 166 166 166 117 83 83 83 83 83 0 0 0 0 0 0 0 83 83 83 83 83 83 83 83 117 83
0 0 83 83 117 83 0 83 166 83 0 0 0 0 83 83 83 0 83 166 235 300 372 416 448 485 533 589 533 485 448 416 372 343 300 263 235 186 117 83 83 0 0 83 0 0 83 166 117 83 0 0 83 117 186 235 263 300 333 300 263 235 186 166 117 83 0 0 83 83 83 83 83 0 0 0 0 0 0 83 83 83 83 0 0 0 0 0 0 0 0 0 0 83 0
83 0 0 0 83 83 0 83 166 117 83 0 0 0 0 0 0 0 83 117 186 263 300 343 372 416 471 527 471 416 372 343 300 263 235 186 166 117 83 0 0 0 83 83 0 83 117 117 83 0 0 83 117 186 235 300 300 263 250 235 186 166 117 83 83 83 0 0 0 0 0 0 0 0 83 83 83 83 83 117 166 166 117 83 83 83 83 83 83 83 83 83 0 0 0
0 83 83 0 0 0 0 83 83 117 117 83 0 83 83 0 0 0 0 83 166 186 235 263 300 353 416 448 416 353 300 263 235 186 166 117 83 83 0 0 83 83 83 0 0 83 117 83 0 0 83 117 186 235 300 263 235 186 166 166 117 83 83 0 0 0 0 83 83 83 83 83 83 83 117 166 166 166 166 186 235 235 186 166 166 166 166 166 166 166 166 117 83 83 83
0 0 83 83 0 0 0 0 0 83 83 83 0 0 0 0 83 0 0 83 83 117 166 186 235 300 353 372 343 300 235 186 166 117 83 83 0 0 0 83 117 166 83 0 83 83 83 0 0 83 117 186 235 250 235 186 166 117 83 83 83 0 0 0 83 83 83 117 166 166 166 166 166 166 186 235 250 250 250 263 300 300 263 250 250 250 250 250 250 250 235 186 166 166 166
83 0 0 0 83 0 0 83 0 0 0 0 0 0 0 0 83 0 0 0 0 83 83 117 186 235 300 300 263 235 186 117 83 83 0 0 0 0 0 83 166 117 83 0 83 0 0 0 83 117 186 235 186 166 166 117 83 83 0 0 0 0 83 83 117 166 166 186 235 250 250 250 250 250 263 300 333 333 333 343 372 372 343 333 333 333 333 333 333 333 300 263 250 250 250
83 83 83 0 0 0 0 0 0 0 0 0 83 0 0 0 0 0 0 0 0 0 0 83 117 186 235 235 186 166 117 83 0 0 0 83 0 0 83 117 166 83 0 0 0 0 83 83 117 166 166 166 117 83 83 83 0 0 0 83 83 83 117 166 186 235 250 263 300 333 333 333 333 333 343 372 416 416 416 424 448 448 424 416 416 416 416 416 416 416 372 343 333 333 333
0 0 0 0 0 0 0 0 83 83 83 0 0 0 0 0 0 0 0 0 0 0 0 0 83 117 166 186 117 83 83 0 0 83 83 0 0 83 117 186 117 83 0 0 83 83 117 83 83 83 83 83 83 0 0 0 0 83 83 117 166 166 186 235 263 300 333 343 372 416 416 416 416 416 424 448 485 500 500 506 527 527 506 500 500 500 500 500 500 485 448 424 416 416 416
0 0 83 83 83 83 83 0 0 0 83 83 0 0 0 0 0 0 0 0 0 0 0 0 0 83 83 117 83 0 0 0 83 83 0 0 83 117 166 166 83 0 0 83 83 83 83 0 0 0 0 0 0 0 83 83 83 117 166 186 235 250 263 300 343 372 416 424 448 485 500 500 500 500 506 527 559 583 583 589 606 606 589 583 583 583 583 583 583 559 527 506 500 500 500
0 0 0 0 0 0 0 0 0 0 0 0 0 0 0 0 0 0 0 0 0 0 0 0 0 0 0 83 0 0 83 83 83 0 0 83 117 83 83 83 83 0 0 0 0 0 0 0 0 0 83 0 83 83 117 166 166 186 235 263 300 333 343 372 416 448 485 506 527 559 583 583 583 583 589 606 634 666 666 671 687 687 671 666 666 666 666 666 666 634 606 589 583 583 583
83 0 0 0 0 0 0 0 0 0 0 0 0 0 0 0 0 0 0 0 0 0 0 0 83 83 0 0 0 0 83 117 83 0 83 83 83 0 0 0 0 0 0 83 83 83 83 83 83 83 0 0 83 166 186 235 250 263 300 343 372 416 424 448 485 527 559 589 606 634 666 666 666 666 671 687 712 745 750 754 768 768 754 750 750 750 750 750 745 712 687 671 666 666 666
117 83 83 83 0 0 83 83 83 0 0 0 0 0 0 83 0 0 0 0 0 0 0 0 0 83 0 0 83 0 0 83 0 0 0 0 0 0 0 83 83 83 83 117 166 166 166 117 83 0 0 83 117 186 263 300 333 343 372 416 448 485 506 527 559 600 634 671 687 712 745 750 750 750 754 768 790 820 833 837 849 849 837 833 833 833 833 833 820 790 768 754 750 750 750
186 166 166 117 83 0 0 83 117 83 0 83 0 0 0 0 0 0 0 0 0 0 0 0 0 0 0 83 83 0 0 0 0 0 83 83 0 0 83 117 166 166 166 186 235 235 166 83 0 0 83 117 186 235 300 372 416 424 448 485 527 559 589 606 634 671 712 745 768 790 820 833 833 833 837 849 870 897 916 920 931 931 920 916 916 916 916 916 897 870 849 837 833 833 833
235 186 166 166 117 83 0 83 83 83 0 0 0 0 0 0 0 0 0 0 0 0 0 0 0 0 83 83 83 0 0 0 0 83 83 0 0 83 117 186 235 250 250 263 235 186 117 83 0 83 117 186 235 300 353 416 485 506 527 559 600 634 671 687 712 745 786 820 849 870 897 916 916 916 916 916 916 916 920 931 950 975 1000 1000 1000 1000 1000 1000 975 950 931 920 916 916 916
166 117 83 83 83 83 0 0 0 0 0 0 0 0 0 0 0 0 0 0 0 0 0 0 0 0 0 0 0 0 0 0 83 0 0 0 83 117 186 235 300 333 300 235 186 117 83 0 0 83 166 235 300 353 416 471 533 589 606 634 671 712 745 768 790 820 857 870 849 837 833 833 833 833 833 833 833 833 837 849 870 897 916 920 931 950 950 931 920 897 870 849 837 833 833
83 83 0 0 0 0 0 83 0 0 0 0 0 0 0 0 0 0 0 0 0 0 0 0 0 0 0 0 0 0 0 0 0 0 0 83 117 186 235 300 353 343 263 186 117 83 0 0 83 117 186 263 343 416 471 533 589 650 687 712 745 750 754 768 790 820 820 790 768 754 750 750 750 750 750 750 750 750 754 768 790 820 833 837 849 870 870 849 837 820 790 768 754 750 750
0 0 0 83 83 83 83 83 0 0 0 0 0 0 0 0 0 0 0 0 0 0 0 0 0 0 0 0 0 0 0 0 0 83 83 117 186 235 300 353 353 300 235 166 83 0 0 83 117 186 235 300 372 448 527 583 589 606 634 666 666 666 671 687 712 745 745 712 687 671 666 666 666 666 666 666 666 666 671 687 712 745 750 754 768 790 790 768 754 745 712 687 671 666 666
83 83 83 117 166 166 83 0 0 83 0 0 0 0 0 0 0 0 0 0 0 0 0 0 0 0 0 0 0 0 0 83 83 117 166 186 235 300 353 353 300 235 186 117 83 0 83 117 186 235 300 353 416 448 485 500 506 527 559 583 583 583 589 606 634 666 666 634 606 589 583 583 583 583 583 583 583 583 589 606 634 666 666 671 687 712 712 687 671 666 634 606 589 583 583
166 166 166 186 235 166 83 0 0 0 0 0 0 0 0 0 0 0 0 0 0 0 0 0 0 0 0 0 0 0 0 83 83 117 186 263 300 333 333 300 235 186 117 83 0 0 83 166 235 300 333 333 343 372 416 416 424 448 485 500 500 500 506 527 559 583 583 559 527 506 500 500 500 500 500 500 500 500 506 527 559 583 583 589 606 634 634 606 589 583 559 527 506 500 500
166 166 166 166 166 166 117 83 0 0 0 0 0 0 0 0 0 0 0 0 0 0 0 0 0 0 0 0 0 0 0 0 0 83 166 235 250 250 250 235 186 117 83 0 0 83 117 186 250 250 250 250 263 300 333 333 343 372 416 416 416 416 424 448 485 500 500 485 448 424 416 416 416 416 416 416 416 416 424 448 485 500 500 506 527 559 559 527 506 500 485 448 424 416 416
83 83 83 83 83 83 83 0 0 0 0 0 0 0 0 0 0 0 0 0 0 0 0 0 0 0 0 0 83 0 0 0 0 83 117 186 166 166 166 166 117 83 0 0 83 117 166 166 166 166 166 166 186 235 250 250 263 300 333 333 333 333 343 372 416 416 416 416 372 343 333 333 333 333 333 333 333 333 343 372 416 416 416 424 448 485 485 448 424 416 416 372 343 333 333
0 0 0 0 0 0 0 0 0 0 83 0 0 0 0 0 0 0 0 0 0 0 0 0 0 0 0 83 0 0 0 0 0 0 83 117 83 83 83 83 83 0 0 83 83 83 83 83 83 83 83 83 117 166 166 166 186 235 250 250 250 250 263 300 333 333 333 333 300 263 250 250 250 250 250 250 250 250 263 300 333 333 333 343 372 416 416 372 343 333 333 300 263 250 250
0 83 83 83 83 83 83 0 0 0 0 0 83 0 0 0 0 0 0 0 0 0 0 0 0 0 0 0 0 83 83 83 83 0 83 83 0 0 0 0 0 0 0 0 0 0 0 0 0 0 0 0 83 83 83 83 117 166 166 166 166 166 186 235 250 250 250 250 235 186 166 166 166 166 166 166 166 166 186 235 250 250 250 263 300 333 333 300 263 250 250 235 186 166 166
83 117 166 166 117 83 0 0 0 0 0 0 0 83 0 0 0 0 0 0 0 0 0 0 0 0 0 0 0 83 83 117 83 0 0 0 0 0 83 83 0 0 0 83 83 83 83 83 83 83 83 0 0 0 0 0 83 83 83 83 83 83 117 166 166 166 166 166 166 117 83 83 83 83 83 83 83 83 117 166 166 166 166 186 235 250 250 235 186 166 166 166 117 83 83
83 117 186 166 83 0 0 0 0 0 83 83 0 0 0 83 0 0 0 0 0 0 0 0 0 0 0 83 0 0 0 83 83 0 83 83 83 83 117 117 83 83 83 117 166 166 166 166 166 166 117 83 83 83 83 0 0 0 0 0 0 0 83 83 83 83 83 83 83 83 0 0 0 0 0 0 0 0 83 83 83 83 83 117 166 166 166 166 117 83 83 83 83 0 0
0 83 117 117 83 0 0 0 0 0 0 0 0 0 0 0 83 0 0 0 0 0 0 0 0 0 83 83 0 83 0 0 83 0 83 117 166 166 186 186 166 166 166 186 235 250 250 250 250 235 186 166 166 166 117 83 83 83 83 83 83 0 0 0 0 0 0 0 0 0 0 83 83 0 0 83 83 0 0 0 0 0 0 83 83 83 83 83 83 0 0 0 0 0 83
0 0 83 83 0 0 0 0 0 0 0 0 0 83 0 0 0 0 0 0 0 0 0 0 0 0 0 0 0 83 83 0 0 0 0 83 166 250 263 263 250 250 250 263 300 333 333 333 333 300 263 250 250 235 186 166 166 166 166 166 117 83 83 83 83 83 83 83 83 83 83 117 117 83 83 117 117 83 83 83 83 83 0 0 0 0 0 0 0 0 83 83 83 83 117
83 0 0 83 0 0 0 0 0 0 83 83 0 0 0 0 0 0 0 0 0 0 0 0 0 0 0 83 83 117 117 83 0 0 0 83 166 250 333 343 333 333 333 343 372 416 416 416 416 372 343 333 333 300 263 250 250 250 250 235 186 166 166 166 166 166 166 166 166 166 166 186 186 166 166 186 186 166 166 166 166 117 83 83 83 83 83 83 83 83 117 166 166 166 186
117 83 0 0 0 0 0 0 0 0 0 0 0 0 0 0 0 0 0 0 0 0 0 83 0 0 0 83 166 186 186 117 83 83 0 83 166 235 300 372 416 416 416 424 448 485 500 500 485 448 424 416 416 372 343 333 333 333 333 300 263 250 250 250 250 250 250 250 250 250 250 263 263 250 250 263 263 250 250 250 235 186 166 166 166 166 166 166 166 166 186 235 250 250 263
186 117 83 0 0 83 0 0 0 0 0 0 0 0 0 0 0 0 0 0 0 0 83 83 0 83 0 83 117 186 235 186 166 83 0 83 117 186 263 343 424 500 500 506 527 559 583 583 559 527 506 500 485 448 424 416 416 416 416 372 343 333 333 333 333 333 333 333 333 333 333 343 343 333 333 343 343 333 333 333 300 263 250 250 250 250 250 250 250 250 263 300 333 333 300
235 186 117 83 0 0 0 0 0 0 0 0 0 0 0 0 0 0 0 83 0 83 117 83 0 83 0 0 83 166 250 250 166 83 0 0 83 166 250 333 416 485 559 589 606 634 666 666 634 606 589 583 559 527 506 500 500 500 485 448 424 416 416 416 416 416 416 416 416 416 416 424 424 416 416 424 424 416 416 416 372 343 333 333 333 333 333 333 333 333 343 372 416 343 263
186 166 117 83 0 0 0 0 83 0 0 0 0 0 0 0 0 0 0 0 0 83 166 83 0 83 83 0 83 166 186 235 186 117 83 0 83 166 235 300 372 448 527 606 687 712 745 745 712 687 671 666 634 606 589 583 583 583 559 527 506 500 500 500 500 500 500 500 500 500 500 506 506 500 500 506 506 500 500 485 448 424 416 416 416 416 416 416 416 416 424 448 416 333 250
117 83 83 0 0 83 83 83 0 0 0 0 0 0 0 0 0 0 0 0 83 117 166 83 0 83 83 0 83 83 117 186 235 166 83 0 83 117 186 263 343 424 506 589 671 754 820 820 790 768 754 745 712 687 671 666 666 666 634 606 589 583 583 583 583 583 583 583 583 583 583 589 589 583 583 589 589 583 583 559 527 506 500 500 500 500 500 500 500 500 506 500 416 333 250
83 0 0 0 83 117 83 0 0 0 0 0 0 0 0 0 0 0 0 0 83 166 166 83 0 0 83 0 0 0 83 166 235 166 83 0 0 83 166 250 333 416 500 583 666 750 833 897 870 849 837 820 790 768 754 750 750 745 712 687 671 666 666 666 666 666 666 666 666 666 666 671 671 666 666 671 671 666 666 634 606 589 583 583 583 583 583 583 583 583 583 500 416 333 250
0 0 0 83 117 117 83 0 0 0 83 83 0 0 0 0 0 0 0 83 117 186 186 117 83 0 83 83 83 0 83 117 186 186 117 83 0 83 166 250 333 416 500 583 666 750 833 916 950 931 920 897 870 849 837 833 833 820 790 768 754 750 750 750 750 750 750 750 750 750 750 754 754 750 750 754 754 750 745 712 687 671 666 666 666 666 666 666 666 650 589 506 424 343 263
0 0 83 117 83 83 0 0 83 83 117 117 83 83 0 0 0 83 83 117 186 235 235 166 83 0 83 166 83 0 0 83 166 235 166 83 0 83 166 250 333 416 500 583 666 750 833 916 1000 1013 1003 975 950 931 920 916 916 897 870 849 837 833 833 833 833 833 833 833 833 833 833 837 837 833 833 837 837 833 820 790 768 754 750 750 750 750 750 745 671 600 533 471 416 343 263
0 83 83 83 0 0 0 83 117 166 186 186 166 117 83 83 83 117 166 186 235 300 250 166 83 0 83 166 117 83 0 83 117 186 166 83 0 83 166 250 333 416 500 583 666 750 833 916 1000 1083 1083 1054 1030 1013 1003 1000 1000 975 950 931 920 916 916 916 916 916 916 916 916 916 916 920 920 916 916 920 920 916 897 870 849 837 833 833 833 833 768 707 634 559 485 416 353 300 235
0 0 0 0 0 83 83 117 186 235 263 263 235 186 166 166 166 186 235 263 300 333 250 166 83 0 83 166 166 83 0 0 83 166 166 83 0 83 166 250 333 416 500 583 666 750 833 916 1000 1083 1160 1133 1111 1096 1086 1083 1083 1054 1030 1013 1003 1000 1000 1000 1000 1000 1000 1000 1000 1000 1000 1003 1003 1000 1000 1003 1003 1000 975 950 931 920 901 857 820 786 716 650 589 527 448 372 300 235 186
0 0 83 83 83 117 166 186 235 300 343 343 300 263 250 250 250 263 300 343 372 333 250 166 83 0 83 117 186 117 83 0 83 166 166 83 0 83 166 250 333 416 500 583 666 750 833 916 1000 1083 1166 1213 1193 1178 1169 1166 1160 1133 1111 1096 1086 1083 1083 1083 1083 1083 1083 1083 1083 1083 1083 1086 1086 1083 1083 1086 1086 1083 1054 1003 942 885 833 786 745 712 671 600 533 471 416 343 263 186 117
83 83 117 166 166 186 235 263 300 353 416 416 372 343 333 333 333 343 372 416 416 333 250 166 83 0 0 83 166 166 83 0 83 117 166 83 0 83 166 250 333 416 500 583 666 750 833 916 1000 1083 1166 1250 1274 1261 1252 1250 1238 1213 1193 1178 1169 1166 1166 1166 1166 1166 1166 1166 1166 1166 1166 1169 1169 1166 1166 1169 1121 1060 1003 942 885 824 768 716 671 634 600 559 485 416 353 300 235 166 83
