AppendixA/Cholera/Dadaab/src/dadaab/d_costp_a.txt
ncols         146
nrows         270
xllcorner     40.271522396316
yllcorner     -0.018005853421
cellsize      0.00083333333333335
NODATA_value  -9999
[rows 42 to 83 of 270, columns 0 to 94 of 146]
166 166 186 235 250 263 300 343 372 416 471 485 448 424 416 416 416 424 448 485 424 343 263 186 117 83 0 83 166 166 83 0 0 83 166 83 0 83 166 250 333 416 500 583 666 750 833 916 1000 1083 1166 1250 1333 1343 1335 1333 1317 1293 1274 1261 1252 1250 1250 1250 1250 1250 1250 1250 1250 1250 1250 1252 1252 1250 1184 1121 1060 1003 942 885 824 768 707 650 600 559 527 485 448 372 300 235 186 117 83
250 250 263 300 333 343 372 416 448 485 533 559 527 506 500 500 500 506 527 527 448 372 300 235 166 83 0 83 166 186 117 83 0 83 166 83 0 83 166 250 333 416 500 583 666 750 833 916 1000 1083 1166 1250 1333 1333 1333 1333 1333 1333 1333 1333 1333 1333 1333 1333 1333 1333 1333 1333 1333 1333 1333 1333 1272 1201 1133 1067 1003 942 885 824 768 707 650 589 533 485 448 416 372 343 263 186 117 83 0
333 333 343 372 416 424 448 485 527 559 600 634 606 589 583 583 583 589 606 559 485 416 333 250 166 83 0 83 166 235 166 83 0 83 117 83 0 83 166 250 333 416 500 583 666 750 833 916 1000 1083 1166 1250 1250 1250 1250 1250 1250 1250 1250 1250 1250 1250 1250 1250 1250 1250 1250 1250 1250 1250 1250 1250 1230 1157 1086 1017 950 885 824 768 707 650 589 533 471 416 372 343 300 263 235 166 83 0 0
416 416 424 448 485 506 527 559 600 634 671 712 687 671 666 666 666 671 666 583 500 416 333 250 166 83 0 83 166 235 166 83 0 0 83 83 0 83 166 250 333 416 500 583 666 750 833 916 1000 1083 1166 1166 1166 1166 1166 1166 1166 1166 1166 1166 1166 1166 1166 1166 1166 1166 1166 1166 1166 1166 1166 1166 1166 1118 1044 971 901 833 768 707 650 589 533 471 416 353 300 263 235 186 166 117 83 0 83
500 500 506 527 559 589 606 634 671 712 745 786 768 754 750 750 750 750 666 583 500 416 333 250 166 83 0 83 117 186 186 117 83 0 83 83 0 83 166 250 333 416 500 583 666 750 833 916 1000 1083 1083 1083 1083 1083 1083 1083 1083 1083 1083 1083 1083 1083 1083 1083 1083 1083 1083 1083 1083 1083 1083 1083 1083 1083 1006 931 857 786 716 650 589 533 471 416 353 300 235 186 166 117 83 83 0 0 83
583 583 589 606 634 671 687 712 745 786 820 857 849 837 833 833 833 750 666 583 500 416 333 250 166 83 0 0 83 166 235 166 83 0 83 83 0 83 166 250 333 416 500 583 666 750 833 916 1000 1000 1000 1000 1000 1000 1000 1000 1000 1000 1000 1000 1000 1000 1000 1000 1000 1000 1000 1000 1000 1000 1000 1000 1000 1000 971 897 820 745 671 600 533 471 416 353 300 235 186 117 83 83 0 0 0 83 117
666 666 671 687 712 745 768 790 820 857 897 931 931 920 916 916 837 754 671 589 506 424 343 263 186 117 83 0 83 166 250 166 83 0 0 83 0 83 166 250 333 416 500 583 666 750 833 897 916 916 916 916 916 916 916 916 916 916 916 916 916 916 916 916 916 916 916 916 916 916 916 916 916 916 916 857 786 712 634 559 485 416 353 300 235 186 117 83 0 0 0 83 83 117 186
750 750 754 768 790 820 849 870 897 931 971 1006 1013 1003 1000 931 849 768 687 606 527 448 372 300 235 166 83 0 83 166 250 186 117 83 0 83 0 83 166 250 333 416 500 583 666 750 790 820 833 833 833 833 833 833 833 833 833 833 833 833 833 833 833 833 833 833 833 833 833 833 833 833 833 833 833 820 745 671 600 527 448 372 300 235 186 117 83 0 0 83 83 117 166 186 186
833 833 837 849 870 897 931 950 975 1006 1044 1083 1096 1086 1030 950 870 790 712 634 559 485 416 333 250 166 83 0 83 166 250 235 166 83 0 83 0 83 166 250 333 416 500 583 666 687 712 745 750 750 750 750 750 750 750 750 750 750 750 750 750 750 750 750 750 750 750 750 750 750 750 750 750 750 750 750 712 634 559 485 416 343 263 186 117 83 0 0 83 117 166 186 235 235 166
916 916 920 931 950 975 1006 1030 1054 1083 1118 1157 1178 1133 1054 975 897 820 745 666 583 500 416 333 250 166 83 0 83 166 250 186 117 83 0 0 0 83 166 250 333 416 500 583 589 606 634 666 666 666 666 666 666 666 666 666 666 666 666 666 666 666 666 666 666 666 666 666 666 666 666 666 666 666 666 666 666 600 527 448 372 300 235 166 83 0 0 83 117 186 235 250 235 186 117
1000 1000 1003 1013 1030 1054 1083 1111 1133 1160 1193 1230 1238 1160 1083 1000 916 833 750 666 583 500 416 333 250 166 83 0 83 166 235 166 83 0 0 0 83 117 186 263 343 424 500 500 506 527 559 583 583 583 583 583 583 583 583 583 583 583 583 583 583 583 583 583 583 583 583 583 583 583 583 583 583 583 583 583 583 559 485 416 343 263 186 117 83 0 83 117 186 235 186 166 166 117 83
1083 1083 1086 1096 1111 1133 1160 1193 1213 1238 1269 1304 1250 1166 1083 1000 916 833 750 666 583 500 416 333 250 166 83 0 83 117 186 166 83 0 0 0 83 166 235 300 372 416 416 416 424 448 485 500 500 500 500 500 500 500 500 500 500 500 500 500 500 500 500 500 500 500 500 500 500 500 500 500 500 500 500 500 500 500 448 372 300 235 166 83 0 0 83 166 186 166 117 83 83 83 0
1166 1166 1169 1178 1193 1213 1238 1269 1293 1317 1346 1333 1250 1166 1083 1000 916 833 750 666 583 500 416 333 250 166 83 0 0 83 166 166 83 0 0 0 83 166 250 333 333 333 333 333 343 372 416 416 416 416 416 416 416 416 416 416 416 416 416 416 416 416 416 416 416 416 416 416 416 416 416 416 416 416 416 416 416 416 416 343 263 186 117 83 0 83 117 186 117 83 83 0 0 0 0
1250 1250 1252 1261 1274 1293 1317 1346 1374 1396 1419 1335 1252 1169 1086 1003 920 837 754 671 589 506 424 343 263 186 117 83 0 83 166 166 83 0 0 0 83 166 250 250 250 250 250 250 263 300 333 333 333 333 333 333 333 333 333 333 333 333 333 333 333 333 333 333 333 333 333 333 333 333 333 333 333 333 333 333 333 333 333 333 250 166 83 0 0 83 166 117 83 0 0 0 83 83 83
1333 1333 1335 1343 1356 1374 1396 1424 1455 1476 1426 1343 1261 1178 1096 1013 931 849 768 687 606 527 448 372 300 235 166 83 0 83 166 117 83 0 83 0 83 166 166 166 166 166 166 166 186 235 250 250 250 250 250 250 250 250 250 250 250 250 250 250 250 250 250 250 250 250 250 250 250 250 250 250 250 250 250 250 250 250 250 263 250 166 83 0 83 117 117 83 0 0 83 83 117 166 83
1416 1416 1419 1426 1438 1455 1476 1502 1532 1520 1438 1356 1274 1193 1111 1030 950 870 790 712 634 559 485 416 333 250 166 83 0 83 166 83 0 0 83 0 83 83 83 83 83 83 83 83 117 166 166 166 166 166 166 166 166 166 166 166 166 166 166 166 166 166 166 166 166 166 166 166 166 166 166 166 166 166 166 166 166 166 166 186 235 166 83 0 83 83 83 0 0 83 117 166 186 117 83
1500 1500 1502 1509 1520 1536 1556 1581 1609 1536 1455 1374 1293 1213 1133 1054 975 897 820 745 666 583 500 416 333 250 166 83 0 83 166 83 0 83 0 0 0 0 0 0 0 0 0 0 83 83 83 83 83 83 83 83 83 83 83 83 83 83 83 83 83 83 83 83 83 83 83 83 83 83 83 83 83 83 83 83 83 83 83 117 186 166 83 0 83 0 0 0 83 117 186 186 117 83 0
1583 1583 1585 1592 1602 1618 1637 1660 1637 1556 1476 1396 1317 1238 1160 1083 1000 916 833 750 666 583 500 416 333 250 166 83 0 83 117 83 0 83 0 83 83 83 83 83 83 0 0 0 0 0 0 0 0 0 0 0 0 0 0 0 0 0 0 0 0 0 0 0 0 0 0 0 0 0 0 0 0 0 0 0 0 0 0 83 166 117 83 0 0 0 83 83 117 186 186 117 83 0 0
1666 1666 1668 1674 1685 1699 1717 1740 1660 1581 1500 1416 1333 1250 1166 1083 1000 916 833 750 666 583 500 416 333 250 166 83 0 0 83 83 0 83 0 83 166 166 166 166 117 83 0 83 83 83 83 83 83 83 83 0 0 0 0 83 83 83 83 0 83 83 0 0 83 83 0 0 83 83 83 83 0 0 83 83 83 83 0 83 166 83 0 0 83 83 117 166 186 186 117 83 0 0 83
1750 1750 1751 1757 1767 1781 1798 1751 1668 1585 1502 1419 1335 1252 1169 1086 1003 920 837 754 671 589 506 424 343 263 186 117 83 0 83 83 0 83 0 83 166 250 250 235 166 83 0 0 83 117 166 166 166 117 83 0 0 0 0 0 0 0 0 0 0 0 0 0 83 83 0 0 83 166 166 83 0 0 83 166 166 83 0 83 117 83 0 83 117 166 186 235 235 166 83 0 0 83 117
1833 1833 1835 1840 1850 1863 1840 1757 1674 1592 1509 1426 1343 1261 1178 1096 1013 931 849 768 687 606 527 448 372 300 235 166 83 0 83 83 0 83 0 83 166 250 333 263 186 117 83 0 0 83 83 117 166 83 0 0 0 0 0 0 0 0 0 0 0 0 0 0 83 83 0 0 83 166 166 83 0 0 83 166 166 83 0 83 83 0 0 83 166 235 263 235 186 117 83 0 83 117 186
1916 1916 1918 1923 1932 1932 1850 1767 1685 1602 1520 1438 1356 1274 1193 1111 1030 950 870 790 712 634 559 485 416 333 250 166 83 0 83 0 0 83 0 83 166 250 333 300 235 186 117 83 0 0 0 83 117 83 0 0 0 0 0 0 0 0 0 0 0 0 0 0 83 83 0 0 83 166 166 83 0 0 83 166 166 83 0 0 0 0 83 117 186 263 235 186 117 83 0 0 83 166 235
2000 2000 2001 2006 2015 1945 1863 1781 1699 1618 1536 1455 1374 1293 1213 1133 1054 975 897 820 745 666 583 500 416 333 250 166 83 0 83 0 83 83 0 83 166 250 333 353 300 235 186 117 83 83 0 0 83 83 0 0 0 0 0 0 83 83 0 0 83 83 0 0 83 83 0 0 83 166 166 83 0 0 83 166 166 83 0 0 83 83 117 186 235 235 186 117 83 0 0 83 117 186 235
2083 2083 2084 2089 2042 1961 1880 1798 1717 1637 1556 1476 1396 1317 1238 1160 1083 1000 916 833 750 666 583 500 416 333 250 166 83 0 83 0 83 83 0 83 166 250 333 416 353 300 235 186 166 117 83 0 0 0 0 83 0 0 0 0 0 0 0 0 0 0 0 0 83 83 0 0 83 166 166 83 0 0 83 166 166 83 0 83 117 166 186 235 235 186 117 83 0 0 83 117 186 235 186
2166 2166 2168 2142 2061 1980 1900 1820 1740 1660 1581 1500 1416 1333 1250 1166 1083 1000 916 833 750 666 583 500 416 333 250 166 83 0 0 0 83 0 0 83 166 250 333 416 416 353 300 263 235 186 117 83 83 0 0 0 0 0 0 0 0 0 0 0 0 0 0 0 83 83 0 0 83 83 83 83 0 0 83 83 83 83 0 83 166 235 263 235 186 117 83 0 0 83 117 186 235 186 117
2250 2250 2243 2163 2083 2001 1918 1835 1751 1668 1585 1502 1419 1335 1252 1169 1086 1003 920 837 754 671 589 506 424 343 263 186 117 83 0 0 83 0 83 117 186 263 343 424 471 416 372 343 300 235 186 166 117 83 0 83 83 83 83 83 83 83 83 83 83 83 0 0 0 0 0 0 0 0 0 0 0 0 0 0 0 0 0 83 166 250 235 186 117 83 0 0 83 117 186 235 186 117 83
2250 2251 2256 2173 2089 2006 1923 1840 1757 1674 1592 1509 1426 1343 1261 1178 1096 1013 931 849 768 687 606 527 448 372 300 235 166 83 0 0 83 0 83 166 235 300 372 448 527 485 448 416 353 300 263 235 166 83 0 83 166 166 166 166 166 166 166 166 117 83 0 0 0 0 0 0 0 0 0 0 0 0 0 0 0 0 83 117 186 235 186 117 83 0 0 83 117 186 235 186 117 83 0
2166 2168 2173 2181 2098 2015 1932 1850 1767 1685 1602 1520 1438 1356 1274 1193 1111 1030 950 870 790 712 634 559 485 416 333 250 166 83 0 0 0 0 83 166 250 333 416 485 559 559 527 471 416 372 333 250 166 83 0 83 166 250 250 250 250 250 250 166 83 0 0 0 83 83 0 0 83 83 83 83 0 0 83 83 83 0 83 166 235 186 117 83 0 0 83 117 186 235 186 117 83 0 0
2083 2084 2089 2098 2109 2027 1945 1863 1781 1699 1618 1536 1455 1374 1293 1213 1133 1054 975 897 820 745 666 583 500 416 333 250 166 83 0 83 0 0 83 166 250 333 416 500 583 634 589 533 485 416 333 250 166 83 0 83 166 250 333 333 333 333 250 166 83 0 83 0 83 83 0 0 83 166 166 83 0 0 83 166 83 0 83 166 186 166 83 0 0 83 117 186 235 186 117 83 0 0 83
2000 2001 2006 2015 2027 2042 1961 1880 1798 1717 1637 1556 1476 1396 1317 1238 1160 1083 1000 916 833 750 666 583 500 416 333 250 166 83 0 83 0 0 83 166 250 333 416 500 583 666 650 583 500 416 333 250 166 83 0 83 166 250 333 416 416 333 250 166 83 0 83 0 83 83 0 0 83 166 166 83 0 0 83 166 83 0 83 166 117 83 83 0 83 117 186 235 235 166 83 0 0 83 117
1916 1918 1923 1932 1945 1961 1980 1900 1820 1740 1660 1581 1500 1416 1333 1250 1166 1083 1000 916 833 750 666 583 500 416 333 250 166 83 0 83 0 0 83 166 250 333 416 500 583 666 666 583 500 416 333 250 166 83 0 83 166 250 333 416 416 333 250 166 83 0 83 0 83 83 0 0 83 166 166 83 0 83 117 166 83 0 83 117 83 0 0 0 83 166 235 235 186 117 83 0 83 117 186
1833 1835 1840 1850 1863 1880 1900 1916 1833 1750 1666 1583 1500 1416 1333 1250 1166 1083 1000 916 833 750 666 583 500 416 333 250 166 83 0 0 0 0 83 166 250 333 416 485 559 634 666 583 500 416 333 250 166 83 0 83 166 250 333 416 416 333 250 166 83 0 83 0 83 83 0 0 83 166 166 83 0 83 166 166 83 0 83 83 0 0 83 83 117 186 263 186 117 83 0 0 83 166 235
1750 1751 1757 1767 1781 1798 1820 1844 1835 1751 1668 1585 1502 1419 1335 1252 1169 1086 1003 920 837 754 671 589 506 424 343 263 186 117 83 0 0 0 83 166 235 300 372 448 527 606 666 583 500 416 333 250 166 83 0 83 166 250 333 416 416 333 250 166 83 0 83 0 83 83 0 0 83 166 166 83 0 83 166 166 83 0 83 0 0 83 117 166 186 235 235 166 83 0 0 83 117 186 263
1666 1668 1674 1685 1699 1717 1740 1765 1795 1757 1674 1592 1509 1426 1343 1261 1178 1096 1013 931 849 768 687 606 527 448 372 300 235 166 83 0 0 0 83 117 186 263 343 424 506 589 606 583 500 416 333 250 166 83 0 83 166 250 333 416 416 333 250 166 83 0 83 0 83 83 0 0 83 83 83 83 0 83 83 83 83 0 0 0 83 117 186 235 235 186 166 117 83 0 83 117 186 235 300
1583 1585 1592 1602 1618 1637 1660 1687 1717 1751 1685 1602 1520 1438 1356 1274 1193 1111 1030 950 870 790 712 634 559 485 416 333 250 166 83 0 0 0 0 83 166 250 333 416 485 506 527 559 500 416 333 250 166 83 0 83 166 250 333 416 416 333 250 166 83 0 0 0 0 0 0 0 0 0 0 0 0 0 0 0 0 0 0 83 117 186 235 263 186 117 83 83 0 0 83 166 235 300 353
1500 1502 1509 1520 1536 1556 1581 1609 1641 1677 1699 1618 1536 1455 1374 1293 1213 1133 1054 975 897 820 745 666 583 500 416 333 250 166 83 0 0 83 0 83 166 250 333 372 416 424 448 485 500 416 333 250 166 83 0 83 166 250 333 416 416 333 250 166 83 0 83 83 83 83 0 0 83 83 83 0 0 0 0 0 0 0 0 83 166 235 300 235 166 83 0 0 0 83 117 186 263 343 353
1416 1419 1426 1438 1455 1476 1502 1532 1565 1602 1641 1637 1556 1476 1396 1317 1238 1160 1083 1000 916 833 750 666 583 500 416 333 250 166 83 0 0 83 0 83 166 250 263 300 333 343 372 416 424 416 333 250 166 83 0 83 166 250 333 416 416 333 250 166 83 0 83 166 166 83 0 0 83 166 117 83 0 83 83 83 83 0 0 83 166 250 235 186 117 83 0 83 83 117 186 235 300 353 300
1333 1335 1343 1356 1374 1396 1424 1455 1490 1529 1565 1602 1581 1500 1416 1333 1250 1166 1083 1000 916 833 750 666 583 500 416 333 250 166 83 0 0 83 0 83 166 166 186 235 250 263 300 333 343 372 333 250 166 83 0 83 166 250 333 416 416 333 250 166 83 0 83 166 166 83 0 0 83 166 166 83 0 83 166 166 83 0 83 117 186 235 186 117 83 0 0 83 166 186 235 300 353 300 235
1250 1252 1261 1274 1293 1317 1346 1379 1416 1455 1490 1529 1572 1502 1419 1335 1252 1169 1086 1003 920 837 754 671 589 506 424 343 263 186 117 83 0 83 0 83 83 83 117 166 166 186 235 250 263 300 333 250 166 83 0 83 166 250 333 416 416 333 250 166 83 0 83 166 166 83 0 0 83 166 166 83 0 83 117 83 83 0 83 166 186 166 117 83 0 0 83 117 186 263 300 353 300 235 186
1166 1169 1178 1193 1213 1238 1269 1304 1343 1379 1416 1457 1502 1509 1426 1343 1261 1178 1096 1013 931 849 768 687 606 527 448 372 300 235 166 83 0 83 0 0 0 0 83 83 83 117 166 166 186 235 250 250 166 83 0 83 166 250 333 333 333 333 250 166 83 0 83 166 166 83 0 0 83 166 166 83 0 83 83 0 0 0 83 166 117 83 83 0 0 83 117 186 235 300 353 300 235 186 117
1083 1086 1096 1111 1133 1160 1193 1230 1269 1304 1343 1386 1433 1483 1438 1356 1274 1193 1111 1030 950 870 790 712 634 559 485 416 333 250 166 83 0 0 0 83 83 0 0 0 0 83 83 83 117 166 166 186 166 83 0 83 166 250 250 250 250 250 250 166 83 0 83 166 166 83 0 0 83 83 83 83 0 0 0 0 83 83 117 117 83 0 0 0 83 117 186 235 300 343 300 235 186 117 83
1000 1003 1013 1030 1054 1083 1118 1157 1193 1230 1272 1317 1366 1419 1455 1374 1293 1213 1133 1054 975 897 820 745 666 583 500 416 333 250 166 83 0 0 83 117 117 83 83 83 0 0 0 0 83 83 83 117 166 83 0 83 166 166 166 166 166 166 186 166 83 0 83 166 166 83 0 0 83 0 0 0 0 83 0 0 83 166 117 83 0 0 83 83 117 186 235 300 300 263 235 186 117 83 0
