AppendixA/HikerMovements/data/ascii_files_abm_Orsi/aspect_final.asc
ncols 271
nrows 294
xllcorner 698225
yllcorner 5141858
cellsize 30.00
nodata_value -32767
[rows 0 to 43 of 294, columns 0 to 95 of 271]
122 97 93 99 93 77 72 88 108 102 115 125 125 161 173 153 160 152 142 145 180 195 173 144 136 131 120 128 136 148 151 148 143 129 137 157 138 126 149 168 137 107 98 104 246 250 248 231 198 219 225 200 138 105 105 109 109 99 138 142 124 135 172 178 96 92 93 96 100 106 159 237 250 253 246 226 141 117 115 125 128 124 163 206 243 251 244 111 107 109 119 167 203 161 112 114
28 47 33 14 2 17 31 46 57 74 103 125 132 148 155 143 151 157 159 163 178 195 189 159 142 148 150 150 156 162 164 155 159 156 154 168 167 159 161 170 174 127 106 118 204 217 214 199 190 196 203 200 181 135 120 117 127 129 136 147 139 153 178 200 143 97 91 91 104 113 146 223 231 230 226 211 167 142 133 138 150 155 169 200 229 228 221 132 127 135 144 178 204 182 132 123
12 17 9 9 3 0 18 24 25 41 45 35 23 19 36 47 26 19 31 42 2 331 95 136 134 121 136 144 151 154 159 148 157 164 161 161 167 174 168 171 205 147 99 109 171 203 197 194 196 193 199 203 197 168 146 118 130 157 149 142 139 136 169 215 169 110 95 94 102 105 96 244 240 238 234 205 164 148 133 133 135 152 174 214 225 222 219 141 131 146 166 197 211 185 142 111
7 11 8 7 5 6 14 6 16 27 19 13 12 14 18 17 3 8 26 19 1 12 65 96 93 62 83 116 137 137 151 142 146 163 173 155 155 184 195 194 216 188 87 90 132 188 177 194 196 191 200 203 196 182 181 151 136 164 170 161 151 133 104 218 160 129 117 114 109 87 61 262 245 246 226 184 153 148 141 133 125 135 185 217 213 223 207 147 133 149 196 216 208 190 166 165
5 10 8 7 7 9 9 2 7 13 12 13 17 23 25 19 4 7 20 18 20 38 65 54 12 28 59 74 85 94 115 124 125 141 157 151 139 198 223 225 241 238 98 92 110 164 147 170 186 191 196 193 190 190 185 166 154 164 167 177 189 198 146 164 153 137 136 124 109 83 94 156 248 245 193 158 144 143 149 138 129 121 169 206 215 227 187 146 137 152 198 212 221 205 171 181
5 12 10 7 12 12 1 0 8 12 18 24 27 31 29 21 13 13 20 24 31 47 56 20 5 34 50 52 47 56 64 76 95 109 109 130 101 288 258 253 245 217 129 108 110 145 141 150 168 185 195 196 197 201 177 161 184 182 164 173 189 201 164 158 154 133 139 138 96 121 131 174 233 207 164 144 139 141 148 140 128 111 136 202 227 216 175 140 133 149 186 216 236 216 171 181
6 12 19 25 22 19 357 357 22 27 30 38 36 25 23 24 26 29 34 29 33 47 47 11 0 36 46 47 41 40 47 49 69 76 86 81 26 338 302 272 230 202 133 107 107 123 122 131 152 184 204 213 218 212 186 160 184 171 161 171 192 200 173 166 148 120 108 23 103 116 149 182 181 178 161 147 136 133 136 132 125 102 101 189 229 197 179 145 126 139 179 225 230 214 186 185
10 15 29 36 24 19 3 357 12 14 20 34 28 29 41 48 51 54 53 43 39 50 47 20 2 40 54 51 40 41 35 39 60 57 47 27 1 345 341 348 331 248 105 89 97 103 95 105 129 216 236 236 237 230 199 174 169 168 160 164 195 200 173 167 164 145 145 118 122 119 131 164 167 171 161 147 142 116 108 111 117 112 95 120 213 177 168 153 130 138 174 223 223 225 225 190
10 17 24 23 19 15 4 356 4 10 24 41 47 52 53 52 60 69 61 42 41 53 46 25 29 58 56 49 41 42 23 42 48 26 17 11 5 359 357 2 9 14 54 77 85 85 87 88 90 264 235 244 248 236 175 166 169 182 177 162 187 190 170 163 166 174 183 151 139 142 138 139 145 169 177 146 141 118 114 115 119 122 109 86 141 152 146 143 133 143 183 203 224 238 236 188
5 12 17 22 14 11 16 10 1 8 35 56 66 60 45 49 63 60 45 34 46 53 49 49 64 59 47 45 45 41 24 32 24 18 21 17 14 11 13 12 19 21 37 71 91 107 104 88 64 45 236 248 244 228 156 160 168 185 188 179 178 158 160 168 160 165 181 149 138 158 160 140 133 166 177 165 164 134 141 146 160 149 121 75 110 141 150 136 130 145 185 197 234 248 240 208
0 9 22 27 16 14 17 13 1 20 45 57 58 44 36 61 69 59 44 48 55 56 56 64 67 43 42 44 45 36 18 14 15 32 36 25 22 27 21 16 19 19 38 67 91 116 115 80 49 30 337 296 258 214 148 165 172 175 184 184 176 157 150 166 170 158 164 149 131 148 168 154 142 153 170 180 176 151 148 154 176 195 210 118 121 138 157 145 132 139 193 205 235 257 263 239
1 6 30 31 16 17 14 13 11 33 44 51 47 32 41 64 66 54 44 50 52 49 54 64 56 27 30 36 36 29 22 14 26 47 38 32 31 35 21 2 10 21 38 59 70 76 71 37 26 11 2 359 324 205 118 159 164 163 173 177 175 162 151 167 168 155 160 147 129 132 156 155 144 147 165 169 161 155 159 145 154 207 213 160 137 140 156 145 132 122 260 159 234 264 279 307
4 2 36 28 10 19 18 25 30 38 50 56 48 42 58 62 59 40 30 41 45 44 54 62 36 4 15 30 28 25 27 15 27 30 29 29 26 30 11 352 7 28 39 55 56 40 28 11 351 355 11 19 5 15 62 113 137 147 151 172 185 156 142 153 151 147 167 154 134 131 133 149 152 147 155 151 150 147 157 150 132 191 192 170 157 159 163 148 137 160 8 108 246 254 255 296
5 2 22 22 16 20 29 42 30 37 53 55 55 65 67 62 51 23 25 48 52 49 50 40 13 6 19 29 25 30 33 14 19 23 32 32 26 18 10 15 32 34 47 56 41 23 26 16 337 341 10 15 9 27 52 81 88 75 74 43 155 113 125 134 134 135 170 154 137 143 122 123 148 148 154 148 149 151 142 151 151 139 165 167 161 176 167 165 175 199 179 108 253 241 233 227
14 11 359 20 19 20 34 36 17 34 45 49 56 55 53 49 38 27 42 63 60 39 31 25 11 22 39 33 26 29 33 26 19 38 49 39 21 8 20 39 45 44 57 43 23 20 31 24 357 341 355 2 5 29 46 36 17 23 23 30 56 87 111 124 122 119 141 148 121 128 116 95 116 134 144 144 146 150 140 139 149 142 133 134 126 178 131 145 181 198 188 153 160 231 224 224
9 11 6 20 23 8 22 32 21 39 47 53 53 46 43 42 44 37 47 59 43 26 41 39 11 46 47 23 19 22 38 46 44 56 52 26 16 9 33 47 33 31 38 26 14 26 36 25 8 357 352 344 3 38 31 26 32 25 27 43 63 93 99 110 102 94 96 98 85 87 98 95 96 103 117 122 124 127 124 107 116 116 108 124 63 349 79 102 152 184 185 178 195 199 214 229
9 9 1 23 21 7 32 39 40 51 57 61 50 45 44 52 50 41 43 48 36 34 46 31 20 42 31 16 19 30 50 50 35 37 31 0 7 32 53 38 15 30 42 33 7 19 33 26 12 6 357 338 14 40 16 34 35 29 43 47 52 63 54 57 70 79 59 39 62 73 81 89 83 82 81 82 95 101 92 81 76 77 56 23 358 358 57 89 95 149 182 199 205 178 221 262
9 2 356 27 30 33 44 53 56 54 69 60 48 50 47 50 51 49 47 50 32 26 33 27 33 34 26 25 35 40 50 48 35 30 22 9 22 49 51 28 12 37 42 30 14 23 46 42 18 5 352 336 21 35 24 46 31 35 48 42 45 36 33 44 50 44 17 25 59 62 61 75 72 66 65 69 70 64 65 56 39 26 354 357 11 11 64 65 39 60 78 274 214 193 286 289
2 6 16 31 33 37 45 58 56 63 65 53 55 51 47 52 52 46 37 21 15 32 40 37 42 35 27 30 42 38 50 57 47 29 12 11 30 41 37 36 33 34 41 29 27 38 44 33 10 359 352 349 23 44 38 43 32 47 47 44 42 16 24 35 30 18 17 34 40 45 60 63 55 57 64 65 54 50 44 19 358 8 346 343 25 44 58 19 21 33 13 348 10 348 305 293
6 24 28 24 26 37 46 45 46 56 54 57 57 59 59 56 50 42 25 0 22 52 40 26 40 41 31 37 46 47 60 54 31 15 5 4 19 36 47 47 28 26 26 19 24 28 32 29 23 14 339 358 35 47 25 35 38 52 46 44 24 15 27 23 17 24 33 31 34 51 60 51 45 58 57 48 39 34 26 13 355 344 346 359 40 46 14 351 7 17 15 6 358 350 321 292
14 35 27 19 24 47 48 40 45 50 56 58 58 67 65 54 46 41 28 1 37 46 28 29 53 47 34 50 54 56 46 24 12 16 11 5 17 45 58 48 25 19 4 6 24 37 41 38 31 24 345 358 41 22 6 36 48 48 46 37 23 27 32 25 31 48 41 35 45 54 51 39 40 48 41 29 26 24 20 12 355 341 351 28 42 37 359 337 344 353 17 16 357 350 337 294
24 41 41 43 60 69 55 51 56 54 53 50 58 64 54 40 35 44 40 13 18 30 34 49 59 47 57 63 54 42 22 8 6 16 16 11 25 48 56 46 26 0 334 2 52 68 59 43 31 25 357 7 36 22 17 45 47 44 50 47 50 43 38 47 67 64 39 42 51 51 43 32 28 35 29 19 28 32 24 9 0 354 15 48 43 45 8 308 320 325 17 17 4 356 347 307
47 70 87 83 89 95 73 75 78 73 58 65 72 69 57 34 37 47 34 14 15 32 50 53 50 54 57 60 51 45 14 0 3 22 33 27 26 43 53 46 28 355 330 7 57 49 31 29 32 10 355 14 31 26 22 41 40 45 48 62 62 44 53 71 83 56 33 51 55 48 42 31 22 30 29 28 44 45 26 8 10 20 44 60 58 50 13 306 293 302 171 182 173 175 184 181
147 112 114 134 119 130 117 108 109 120 118 105 100 102 99 50 44 45 26 19 36 57 62 50 51 46 43 54 57 72 71 246 327 30 44 33 13 48 62 51 13 353 349 7 31 32 25 29 39 5 349 12 20 22 31 40 42 34 47 72 70 50 62 72 70 43 48 74 65 54 46 27 20 34 49 55 56 47 30 10 30 39 60 78 67 55 5 316 259 176 158 162 168 176 181 184
170 149 144 154 148 149 148 136 126 133 143 126 110 103 85 339 17 26 17 23 46 61 54 50 54 38 45 46 41 40 35 320 304 14 37 30 36 71 70 45 0 348 349 357 19 37 37 42 44 356 352 11 11 31 43 43 41 22 64 73 56 51 65 77 67 57 79 79 63 52 29 11 22 42 52 44 31 33 32 32 27 32 60 61 39 33 359 293 157 142 151 156 158 174 191 204
173 158 156 174 154 140 148 147 139 139 149 138 111 56 10 349 345 3 8 24 48 51 44 47 49 33 33 31 24 23 19 357 344 20 28 35 56 66 61 36 358 343 342 352 26 52 48 49 36 346 346 25 25 46 47 46 44 64 90 80 69 75 89 86 77 73 76 54 40 32 4 3 32 48 45 31 17 23 34 33 0 19 44 31 19 28 41 23 101 109 124 138 134 149 194 215
173 171 177 203 147 125 130 144 145 141 153 146 66 358 1 358 344 351 16 34 48 45 40 43 38 7 13 28 22 24 21 11 20 35 27 42 54 50 49 25 342 341 348 1 42 61 52 37 15 3 19 49 57 52 52 60 75 94 97 95 101 99 108 87 68 55 39 28 31 15 349 6 42 54 44 29 16 16 27 17 0 21 37 28 23 40 44 22 60 73 77 82 84 78 92 225
162 179 208 225 138 122 114 124 144 141 162 273 334 337 340 359 357 345 12 22 35 36 38 40 27 359 12 36 39 44 45 40 49 42 30 41 52 42 34 10 342 341 358 18 47 56 43 11 356 22 56 69 67 59 80 82 91 96 101 89 86 87 89 67 39 33 20 19 26 6 344 5 45 54 40 25 19 11 9 357 359 38 49 43 38 49 34 26 49 58 58 57 52 44 33 15
159 165 212 238 133 96 94 85 66 41 353 297 318 339 338 359 10 340 353 19 27 33 42 45 25 11 9 41 52 54 41 35 48 40 9 42 51 27 16 6 355 353 12 27 48 49 31 9 9 77 80 70 65 100 111 100 87 84 92 71 58 51 37 32 20 27 25 22 16 4 345 0 48 49 34 27 23 15 11 344 351 62 60 52 49 50 26 36 49 48 50 44 36 34 36 29
146 142 234 259 330 38 47 37 20 17 5 330 318 339 346 354 0 351 5 31 31 35 45 39 20 24 18 43 64 55 27 35 46 31 8 41 38 15 10 23 19 353 16 47 56 39 34 46 86 106 100 84 84 96 106 93 75 66 58 53 40 26 26 40 35 23 33 16 1 358 346 4 47 41 36 30 17 16 13 359 21 64 59 55 60 45 30 51 49 47 47 38 37 36 25 15
126 76 292 297 330 13 27 21 16 12 3 349 331 337 353 350 345 2 37 45 16 18 33 35 30 17 13 44 67 56 21 37 45 37 22 19 18 11 24 43 22 8 46 63 38 20 40 58 78 87 84 109 98 79 64 60 54 45 45 42 24 12 28 40 28 22 25 3 353 344 339 10 41 38 38 29 17 23 14 15 40 57 63 67 61 38 45 58 59 54 43 41 40 23 11 12
2 346 316 313 343 11 18 19 12 4 359 355 350 346 355 352 335 9 42 30 9 4 19 41 40 10 7 56 60 33 9 42 59 36 17 1 2 16 35 32 17 36 54 21 11 15 48 56 51 52 59 74 61 36 41 45 31 37 46 40 25 21 22 25 27 29 25 16 14 357 341 8 46 45 38 30 26 33 28 39 62 77 78 72 53 41 55 59 55 46 37 38 30 17 15 25
348 334 322 317 351 0 12 18 10 359 356 355 352 352 355 357 352 9 31 19 16 20 25 51 44 28 41 68 44 26 32 53 45 6 6 6 8 22 38 31 32 53 47 355 357 33 63 45 38 43 48 44 24 17 36 39 40 55 61 49 27 26 19 27 34 25 25 23 8 352 355 26 46 40 35 35 35 46 50 78 89 95 81 70 52 52 56 43 39 38 31 31 30 32 33 39
350 340 336 329 342 353 8 14 10 5 1 349 345 355 357 353 4 19 21 20 23 34 51 47 44 50 53 33 23 38 48 34 16 2 8 15 21 30 42 35 41 56 38 343 355 43 39 15 34 44 43 35 30 29 32 44 52 57 55 39 23 25 26 30 24 16 22 20 10 357 2 35 44 38 37 57 74 85 90 98 94 89 72 69 58 60 46 27 34 39 39 38 46 48 41 42
352 348 342 332 341 357 7 14 13 6 4 356 348 354 353 352 21 43 46 51 62 76 64 33 57 64 31 14 25 50 42 17 9 10 19 24 26 34 37 25 36 46 24 350 3 27 15 19 44 42 36 38 43 41 40 52 47 38 30 29 25 23 22 17 15 16 25 25 14 8 17 42 48 49 66 84 105 110 108 93 78 71 71 67 59 57 41 22 31 43 46 46 50 49 45 47
347 349 327 317 338 357 6 14 11 6 8 1 355 0 1 10 83 109 147 150 144 126 81 92 103 85 25 30 51 56 36 20 18 16 24 37 40 41 43 26 34 45 30 12 9 8 6 30 47 39 40 49 53 49 47 47 36 35 40 40 26 22 23 12 3 16 36 40 26 9 31 54 66 78 96 104 110 103 86 72 75 73 75 73 65 55 38 15 26 45 44 44 41 43 43 44
341 316 327 314 325 354 6 10 6 7 16 8 356 15 62 127 136 131 152 167 167 170 164 135 129 123 171 145 112 73 46 46 30 18 35 61 67 87 106 56 50 53 48 30 358 7 20 58 62 49 57 67 63 47 42 37 28 45 54 34 17 25 27 6 350 18 51 58 55 46 69 78 92 101 107 109 100 78 65 74 76 73 63 64 65 41 23 9 25 39 42 41 38 43 44 43
355 325 325 329 324 347 4 10 12 22 32 37 79 127 123 137 149 140 148 176 181 170 170 158 153 161 157 168 179 175 134 117 115 118 102 107 95 116 138 194 172 100 82 53 342 6 76 97 87 84 81 71 53 35 35 36 39 48 38 20 18 21 22 5 3 48 67 75 86 92 122 112 108 102 98 91 67 54 75 78 68 59 47 51 37 10 9 8 23 37 41 41 46 50 50 51
350 334 327 342 332 315 150 132 148 155 143 125 121 132 127 131 145 134 137 179 181 163 164 166 165 169 173 179 181 176 167 170 169 161 145 144 138 132 155 180 173 160 143 124 288 129 128 118 108 105 90 62 44 29 31 42 43 33 22 22 30 31 32 30 60 85 76 85 96 113 120 117 108 94 79 69 49 71 86 77 60 40 36 38 15 3 13 16 28 34 38 54 57 52 59 69
349 343 328 141 155 171 168 155 159 172 165 157 141 131 125 126 141 135 127 152 169 166 162 154 157 170 181 182 180 179 170 171 176 164 143 144 152 149 163 174 173 167 172 198 186 141 145 135 121 107 78 59 48 27 31 48 45 33 34 41 46 50 54 70 84 103 102 95 91 98 105 102 94 86 78 72 64 73 68 57 40 28 30 26 7 12 25 29 29 25 45 53 42 49 66 69
349 16 79 134 146 166 174 163 158 167 162 165 151 133 128 129 136 139 140 143 157 175 173 152 136 153 173 177 178 176 168 179 189 168 139 137 152 158 168 171 170 170 170 192 183 157 166 175 154 162 162 120 116 140 49 70 55 48 57 56 62 71 78 83 73 79 98 95 83 70 73 77 76 72 71 60 39 48 52 41 25 21 30 17 5 19 39 37 32 30 41 38 32 45 59 53
9 97 111 117 126 151 168 164 159 164 158 162 145 125 122 119 119 126 136 139 149 179 177 161 145 143 152 155 168 179 174 186 193 168 139 127 147 161 168 172 169 168 171 176 166 163 182 180 158 170 189 174 157 189 187 115 57 61 75 78 89 95 90 88 81 84 88 83 70 55 54 53 44 46 44 23 19 44 53 39 17 15 19 2 17 48 59 47 31 27 27 33 33 46 52 47
114 117 126 112 104 97 127 153 158 157 157 156 135 115 104 98 107 116 129 135 143 170 165 156 157 149 145 145 162 180 179 190 191 166 140 109 111 136 154 166 166 161 168 172 156 160 178 172 159 171 190 187 178 185 192 186 169 81 91 102 85 89 86 93 102 105 94 77 66 49 41 37 34 38 32 14 30 51 44 28 4 12 20 5 39 60 59 32 2 24 36 58 49 47 51 50
142 117 111 93 91 68 70 106 142 157 158 150 127 111 97 95 99 105 119 131 141 159 152 150 148 142 137 142 155 173 173 186 191 174 154 117 91 88 96 107 129 141 159 162 148 156 173 171 168 168 182 194 189 174 180 197 207 142 105 98 68 77 85 91 97 103 95 75 59 35 28 39 43 42 40 33 47 43 30 22 5 10 20 23 50 62 48 13 0 34 50 52 33 39 62 62
