AppendixA/HikerMovements/data/ascii_files_abm_Orsi/aspect_final.asc
ncols 271
nrows 294
xllcorner 698225
yllcorner 5141858
cellsize 30.00
nodata_value -32767
[rows 132 to 175 of 294, columns 0 to 95 of 271]
170 165 175 185 190 195 204 200 150 113 83 64 54 35 20 23 27 20 5 79 99 96 92 96 86 72 85 93 89 106 131 108 102 107 107 92 97 125 199 177 83 56 67 74 103 146 112 96 99 111 96 72 84 90 102 118 134 153 135 119 100 93 98 101 94 87 73 77 107 123 139 146 143 150 163 165 169 166 149 145 119 125 114 88 96 114 101 97 125 134 132 112 99 98 95 80
163 164 186 187 193 206 212 207 164 123 100 83 72 34 33 55 55 54 88 118 103 72 57 53 44 63 88 103 95 79 91 118 126 114 113 104 105 119 160 190 214 118 81 76 69 79 103 94 91 87 63 74 95 98 89 83 79 124 142 133 111 104 113 112 102 86 58 63 72 81 99 116 118 125 143 158 169 171 154 150 120 110 129 95 97 108 111 107 117 133 137 102 98 98 91 73
148 146 188 187 209 224 222 219 179 135 117 116 124 97 103 111 135 142 118 105 69 37 42 41 60 89 104 106 110 80 85 100 106 104 96 103 115 129 146 189 205 182 129 93 76 76 87 86 71 35 70 102 110 106 84 83 80 91 114 127 117 107 106 97 82 73 73 71 74 89 96 96 91 98 114 136 151 161 154 154 136 106 127 129 116 125 130 119 109 119 139 95 85 86 88 82
74 101 178 227 263 246 232 218 179 160 130 117 125 96 105 105 116 131 108 45 26 33 64 85 99 105 103 92 123 116 113 118 126 103 88 94 98 112 123 170 194 189 176 148 134 112 93 78 48 35 72 98 101 99 78 83 94 81 77 93 104 90 78 69 65 64 75 85 93 101 95 81 88 103 114 124 130 145 145 135 140 103 107 118 114 120 127 119 103 98 136 112 76 71 75 73
61 97 258 284 288 244 228 198 171 167 144 88 8 58 86 89 83 51 15 22 43 70 100 121 117 109 90 85 114 127 128 133 155 152 128 109 100 92 86 110 168 190 190 172 163 159 130 95 63 93 91 87 71 70 73 70 76 69 65 68 67 67 65 67 72 58 68 97 99 96 88 86 96 105 108 105 105 120 137 120 107 89 90 85 85 89 100 105 96 86 102 135 91 80 74 59
72 85 305 270 220 198 184 179 183 192 193 139 108 107 99 83 67 22 25 59 75 88 97 105 113 101 103 96 103 115 117 117 138 160 152 132 114 95 79 93 126 182 189 177 171 170 167 157 135 135 122 86 64 72 78 68 66 61 62 58 59 69 72 71 71 70 83 99 96 92 100 100 99 100 98 93 93 89 106 104 65 80 75 73 71 71 77 78 78 73 76 101 110 96 85 73
76 69 339 202 150 171 164 179 210 220 204 168 165 146 128 115 59 25 46 60 72 91 81 72 82 85 109 104 93 97 102 101 120 145 155 146 109 110 100 102 112 148 196 189 166 158 164 174 165 149 145 131 102 95 95 98 94 78 73 72 85 89 89 77 78 92 89 84 84 89 98 96 96 91 89 93 85 69 64 42 49 76 70 67 64 61 53 50 50 55 63 77 96 95 92 92
103 80 72 132 121 124 147 198 220 217 209 163 141 143 132 152 319 27 39 45 54 61 59 63 76 86 96 100 93 91 94 104 117 136 149 167 136 123 114 107 105 76 162 161 150 151 156 159 170 174 170 152 132 123 114 115 116 111 110 104 112 104 97 89 91 99 93 77 76 79 77 84 83 76 71 68 63 64 46 35 53 70 72 63 57 45 40 41 44 54 64 74 76 82 94 121
144 112 136 133 115 114 103 167 188 207 211 178 141 109 84 353 305 352 40 41 41 43 54 70 75 76 82 91 103 100 97 98 91 105 109 147 153 139 124 108 93 38 81 118 133 141 150 139 153 179 183 165 140 142 137 126 122 127 127 122 119 108 99 92 94 97 95 85 78 72 70 82 74 60 54 50 56 62 44 46 53 60 60 56 47 42 47 46 59 72 78 74 71 94 113 130
161 144 168 183 86 83 76 113 151 194 217 207 184 135 37 357 357 90 55 43 50 60 75 77 72 70 77 89 103 122 114 103 71 65 67 82 112 121 123 112 120 152 116 114 127 134 142 140 142 174 179 163 146 150 153 138 125 125 123 110 102 94 87 79 82 81 79 81 77 67 68 68 54 47 48 50 61 57 40 43 48 51 55 52 57 56 53 65 73 82 82 78 87 103 120 144
163 153 202 242 81 55 87 110 126 205 241 237 241 311 321 352 23 17 25 86 139 131 112 96 94 95 93 94 101 118 126 135 99 72 68 71 83 95 102 101 117 156 141 117 123 128 127 140 150 171 165 154 146 149 156 150 135 119 128 100 85 74 55 61 69 66 69 70 67 63 54 43 36 44 44 57 62 42 28 41 51 57 65 63 63 55 65 73 76 76 74 83 93 94 99 172
160 63 306 299 316 39 82 89 63 318 281 264 288 333 333 341 16 31 59 112 136 150 140 121 114 113 114 103 95 91 96 126 145 133 104 94 91 96 97 91 100 127 142 113 104 112 113 127 163 161 147 149 142 135 144 140 142 124 121 110 85 61 45 61 67 62 58 50 53 48 35 33 37 45 52 61 47 22 25 51 64 76 63 61 51 59 69 70 86 85 80 89 90 84 86 131
358 338 330 338 344 36 52 31 18 356 337 320 310 327 339 343 25 55 86 110 127 143 142 121 109 101 105 94 72 75 75 91 122 153 136 111 88 84 82 95 107 109 128 112 100 111 111 116 150 158 126 117 117 96 101 93 81 64 36 32 33 34 31 54 53 44 38 38 43 31 21 30 39 53 68 56 37 30 42 66 77 77 55 58 61 69 61 73 84 91 88 92 85 85 93 105
11 352 300 307 345 31 22 14 8 1 355 341 329 318 330 358 58 74 82 94 105 122 119 99 95 92 85 73 62 76 77 84 87 121 145 109 75 61 64 83 97 93 97 102 104 113 105 99 105 137 108 28 37 56 34 24 18 10 5 16 21 23 30 33 28 28 32 37 37 27 22 32 47 64 71 51 45 47 67 77 68 56 65 67 80 87 71 80 79 82 93 87 86 82 82 84
47 42 263 258 277 342 358 2 359 6 16 5 346 325 317 40 88 87 83 81 82 95 123 99 101 98 89 92 85 85 85 84 88 99 135 162 93 66 71 72 67 76 86 83 91 95 74 48 40 37 348 352 21 22 6 9 9 4 0 13 23 29 35 29 26 31 41 49 43 30 33 46 65 73 69 49 43 56 75 73 56 56 57 70 82 102 112 92 80 81 92 76 86 80 76 77
130 74 256 238 256 290 325 9 12 7 24 13 359 348 352 110 119 125 104 86 76 74 89 104 115 116 101 119 116 103 100 91 103 112 141 178 159 110 91 74 77 94 101 90 87 68 38 34 27 11 353 353 11 15 3 7 12 9 7 16 27 43 50 45 46 48 70 72 52 34 46 66 79 80 68 52 52 70 72 68 63 57 56 71 83 89 114 100 81 85 85 70 80 89 86 84
90 120 153 242 262 273 291 4 26 15 25 14 2 10 87 116 130 145 134 96 77 68 70 92 101 125 117 122 124 119 117 107 104 117 137 181 185 147 117 100 102 110 133 128 95 50 32 33 11 1 359 1 8 14 10 0 2 16 25 25 46 63 58 42 37 59 91 85 43 55 85 90 86 83 71 61 58 78 72 73 73 58 65 72 81 76 80 75 74 74 74 84 93 96 95 94
79 108 139 290 285 283 281 313 28 36 54 79 146 154 129 116 127 149 159 127 106 102 102 100 88 110 121 121 123 121 126 121 104 110 120 143 181 174 142 111 101 93 100 133 74 17 22 13 353 355 1 0 1 9 8 359 358 27 41 41 63 67 47 26 49 78 86 73 59 92 104 98 85 74 67 49 54 77 74 73 65 60 71 72 73 73 69 54 62 60 75 96 104 102 100 108
38 28 340 309 311 307 286 232 124 77 83 109 123 136 136 121 121 141 161 151 142 138 134 126 105 109 108 99 101 114 124 132 120 111 134 131 146 164 157 100 85 67 64 50 340 354 8 4 355 350 357 359 357 2 4 14 23 52 59 59 65 55 36 41 77 86 83 68 76 84 82 80 80 63 56 49 57 63 63 63 58 70 77 79 78 80 72 56 57 83 93 100 104 105 102 114
5 350 343 322 314 323 330 171 170 142 119 115 125 119 118 120 122 132 147 144 147 150 148 140 120 112 103 84 84 98 112 130 133 115 130 141 138 162 190 86 74 70 69 33 318 339 2 4 3 350 352 6 1 3 12 31 40 67 74 69 54 50 61 85 91 83 72 60 72 72 59 54 55 61 60 60 50 54 59 64 75 88 92 93 92 82 79 76 96 112 103 96 104 115 114 115
19 300 316 331 331 319 90 63 125 136 121 90 109 121 115 111 114 125 135 132 135 149 155 143 124 119 130 115 99 97 101 109 127 112 108 101 105 131 232 107 84 85 86 10 293 312 355 1 1 356 357 5 3 11 11 29 49 67 60 41 45 63 86 109 105 82 60 51 61 64 43 39 44 58 64 36 40 63 72 75 89 102 103 98 101 79 83 96 119 118 108 99 108 123 130 126
2 328 313 338 53 105 202 135 126 134 134 89 104 125 127 120 117 117 125 124 122 140 157 143 130 132 150 142 118 109 103 85 99 106 93 63 68 62 295 138 104 96 88 335 301 295 327 340 351 3 5 359 3 17 19 41 57 56 39 30 51 65 72 86 95 69 46 45 53 56 28 27 48 54 41 20 56 79 83 82 84 93 93 85 90 84 89 99 108 109 119 113 114 126 136 138
352 333 320 22 53 63 139 149 140 148 162 134 124 126 129 120 124 113 108 111 108 110 129 127 122 132 150 152 123 107 112 98 102 116 96 95 92 93 149 136 122 107 66 312 313 309 324 321 339 359 2 10 17 25 40 52 57 53 41 43 50 60 60 58 48 30 30 44 51 40 24 32 62 54 42 46 75 89 93 94 86 76 71 66 70 84 94 96 92 95 111 120 118 124 129 134
346 325 289 335 50 77 107 134 136 157 142 138 141 141 130 91 94 98 88 83 78 73 83 92 91 98 109 132 114 89 109 122 118 130 149 136 130 131 151 149 140 124 292 297 307 319 321 317 321 352 1 37 64 71 70 55 59 67 62 44 52 63 55 44 32 23 26 40 35 23 29 43 61 67 67 80 88 89 94 100 92 60 66 68 71 82 91 86 92 97 107 123 123 125 113 100
356 357 333 265 110 101 97 94 101 136 125 127 143 164 164 98 81 86 75 68 64 62 71 88 93 76 65 71 83 82 97 105 121 145 156 149 136 129 140 155 161 183 305 306 311 325 319 309 285 327 24 66 73 67 52 29 60 70 64 35 65 67 56 43 32 26 26 35 34 29 37 44 51 66 69 81 87 82 78 76 58 54 68 71 79 81 81 81 91 104 116 122 120 114 91 72
5 14 31 107 124 109 83 54 74 110 121 110 113 180 162 122 103 107 109 89 76 64 71 82 89 80 85 73 68 80 75 67 89 124 149 157 124 106 107 117 202 288 304 311 330 344 339 329 306 307 2 53 47 32 25 20 66 68 57 46 83 80 73 63 38 27 31 41 42 41 54 53 59 67 69 75 78 77 65 51 43 63 66 69 75 79 75 79 88 103 111 113 97 50 57 51
29 63 76 83 93 101 72 36 66 91 109 86 38 2 41 83 94 97 106 100 76 56 57 61 57 62 89 85 68 70 60 59 66 72 94 174 37 57 39 18 353 302 297 307 335 355 3 354 336 339 6 45 39 20 34 52 83 75 63 72 86 89 82 57 26 26 36 40 46 61 73 77 81 78 86 83 80 75 71 61 69 80 80 78 66 79 82 82 93 102 90 82 81 51 41 14
117 103 113 95 90 94 187 327 69 73 60 38 14 10 37 57 55 45 42 41 35 26 39 45 41 52 65 59 47 63 64 61 59 52 42 1 347 14 15 15 1 319 300 305 329 0 9 354 340 348 28 53 33 24 56 77 94 77 60 70 73 78 69 35 28 36 21 38 64 79 79 93 95 92 96 94 89 78 90 91 86 91 94 88 79 89 93 94 92 95 80 79 96 162 343 341
153 121 123 122 110 81 56 266 83 58 43 35 22 17 32 36 31 34 38 36 23 11 28 39 43 56 56 38 28 59 77 69 64 46 27 1 353 2 8 18 354 327 314 306 316 5 5 352 348 355 44 60 53 67 86 87 80 58 48 61 70 75 66 22 25 33 24 60 79 82 92 102 100 102 93 89 98 87 92 100 96 93 91 80 106 100 101 104 79 77 86 84 80 304 313 323
165 131 118 128 133 68 30 225 126 82 60 36 22 22 28 29 30 37 52 60 29 1 26 45 53 59 56 41 36 65 70 69 74 39 23 13 356 8 13 12 332 314 320 313 305 329 343 349 354 28 85 71 80 70 76 63 44 38 54 63 74 67 54 8 349 30 41 69 78 85 98 101 101 100 95 91 103 98 102 104 102 94 81 79 98 93 98 101 71 74 73 70 57 326 308 312
174 119 89 108 157 293 39 67 104 72 30 21 31 30 20 27 36 55 72 73 70 239 121 80 78 72 70 63 73 83 63 69 77 44 43 28 5 23 0 353 328 302 308 327 334 346 337 335 23 71 88 78 74 53 51 40 38 51 65 59 64 55 52 27 334 64 77 88 98 101 98 98 97 93 104 109 115 111 116 125 117 105 83 83 75 76 79 74 82 80 63 64 57 338 310 307
7 16 55 58 12 328 10 41 25 5 14 22 33 29 15 28 62 87 83 72 78 144 165 127 115 103 88 91 111 105 78 76 64 60 79 5 358 7 351 333 332 324 319 325 339 0 5 355 25 47 59 86 62 65 69 50 65 75 79 56 67 70 63 48 95 139 132 112 113 108 91 99 109 103 101 108 122 119 117 133 135 131 124 106 67 75 73 78 91 78 68 73 64 339 312 303
4 12 35 33 15 2 4 21 4 359 27 37 45 43 27 56 83 89 82 77 77 86 134 129 127 122 100 102 115 132 115 89 63 66 17 330 340 348 349 326 324 336 344 335 342 13 16 9 23 57 75 74 70 93 109 125 110 89 92 89 93 86 61 60 91 123 142 125 111 110 91 94 114 113 101 97 108 110 101 100 111 118 131 145 86 94 87 89 88 75 88 86 64 345 312 301
1 18 36 28 13 7 15 28 41 99 125 129 110 91 78 92 74 67 82 94 89 87 106 116 122 125 118 113 110 132 110 101 84 77 14 312 314 333 342 322 317 337 0 357 358 19 40 76 122 125 104 67 79 89 103 128 134 98 93 111 96 77 55 71 84 98 115 125 104 102 104 93 95 91 94 88 86 89 78 71 80 85 90 125 97 109 107 100 89 86 92 88 65 1 302 288
24 70 58 42 28 25 46 71 101 117 136 152 159 154 130 130 81 78 90 98 109 111 109 104 103 116 122 113 96 92 69 81 70 64 355 317 309 315 331 325 318 339 4 5 20 42 68 91 123 125 105 83 79 76 82 85 112 106 101 110 86 64 70 87 88 86 91 101 88 81 97 91 78 77 82 85 76 75 78 90 92 95 77 75 98 105 109 112 105 97 87 82 75 52 270 254
125 117 152 164 159 110 103 98 100 102 121 143 167 181 160 149 127 108 98 92 102 109 105 95 90 96 101 75 44 41 61 35 40 36 355 333 323 316 319 321 331 3 4 24 69 88 96 94 103 78 71 85 78 68 57 50 67 90 97 97 72 61 83 90 94 90 80 78 83 80 88 92 89 89 91 90 78 74 90 103 101 109 100 92 104 95 92 104 108 101 90 82 74 73 214 247
146 108 134 174 197 173 126 102 85 96 97 103 151 183 153 140 125 109 98 87 88 94 93 100 92 77 51 24 36 50 43 9 2 4 353 345 332 323 320 317 344 14 25 56 83 103 104 95 68 32 48 53 62 49 44 58 69 81 91 84 79 86 97 94 92 90 81 87 95 91 96 102 104 105 104 96 84 79 77 91 91 102 110 104 99 93 86 88 91 95 96 79 64 65 61 260
152 115 123 169 211 198 151 121 108 101 83 67 53 102 124 132 115 95 81 88 93 97 104 105 97 67 41 43 48 48 26 7 342 337 340 342 332 320 318 318 343 14 30 43 66 86 92 81 29 14 34 42 42 49 63 83 81 79 83 84 113 110 106 104 86 86 97 99 102 106 109 110 104 106 111 107 103 92 77 85 91 99 100 102 88 94 86 83 90 97 97 65 67 70 50 264
144 110 112 152 220 212 177 131 134 118 80 61 57 89 106 128 138 124 97 104 111 107 104 89 67 57 69 52 39 32 21 12 345 331 327 327 331 319 310 311 334 21 30 46 66 67 72 49 5 24 38 43 43 55 65 80 80 71 67 70 80 83 78 85 79 94 107 105 105 109 107 99 93 94 101 99 99 113 100 89 84 96 110 109 89 87 82 90 100 96 83 63 78 78 62 79
156 107 90 50 240 218 190 131 137 168 101 79 75 85 109 122 141 151 120 106 112 104 73 46 43 52 63 36 32 23 21 16 349 336 331 328 339 330 312 309 323 24 38 69 75 68 57 25 10 23 27 42 41 54 61 67 63 58 56 56 50 49 50 66 84 97 106 105 104 100 92 83 86 89 86 79 78 106 110 88 79 88 100 114 99 83 84 82 91 85 74 80 84 86 79 65
169 124 92 62 70 217 172 127 127 185 175 149 116 86 88 105 122 151 117 97 102 108 36 32 47 51 42 46 33 20 20 8 333 327 333 332 346 338 306 265 283 330 78 89 87 84 55 16 12 27 38 52 63 70 73 76 71 60 66 71 64 57 66 80 84 90 95 90 86 86 85 90 95 88 78 77 84 96 103 89 87 80 85 102 99 97 103 76 78 75 76 88 89 89 78 52
175 150 134 137 136 173 157 134 126 153 170 184 172 126 90 88 95 138 128 103 94 17 358 48 61 56 53 51 17 10 13 1 321 303 324 342 346 351 343 285 288 12 95 91 90 88 67 356 22 61 86 104 125 113 107 99 93 86 98 107 99 106 108 87 74 76 76 73 66 75 87 93 93 85 76 84 92 93 93 101 92 80 79 80 86 87 112 102 78 71 76 87 84 72 62 84
182 168 162 161 153 159 157 147 136 139 160 188 179 158 116 91 97 127 139 113 62 349 32 68 70 81 81 44 17 18 351 349 336 299 305 335 346 2 8 354 320 15 81 85 73 63 42 29 134 115 115 122 142 138 117 107 99 100 98 118 121 119 116 87 75 73 69 63 61 74 88 87 83 86 81 87 93 90 84 87 79 75 63 56 76 72 91 117 89 77 78 75 80 73 75 97
171 158 160 164 170 148 141 158 151 144 156 171 179 178 140 114 111 122 137 100 9 359 49 51 71 90 91 29 359 353 348 353 346 326 320 335 349 12 8 0 347 39 60 52 50 48 44 57 82 103 102 97 101 129 122 113 98 101 81 88 114 122 117 117 109 93 82 70 79 82 81 77 79 84 80 87 88 79 66 60 70 76 60 56 80 87 87 95 101 84 69 64 79 82 81 81
