AppendixA/HikerMovements/data/ascii_files_abm_Orsi/aspect_final.asc
ncols 271
nrows 294
xllcorner 698225
yllcorner 5141858
cellsize 30.00
nodata_value -32767
[rows 44 to 87 of 294, columns 0 to 95 of 271]
145 118 116 103 87 77 65 78 113 156 166 142 120 111 98 91 78 71 79 94 107 136 143 137 133 129 116 124 145 171 168 161 176 181 177 154 123 102 89 77 82 91 114 130 126 141 176 169 166 171 179 194 190 167 170 202 204 180 148 127 101 89 83 80 84 88 95 78 57 24 28 49 57 67 61 53 44 28 23 21 10 15 27 37 52 50 31 15 13 37 40 30 29 57 76 73
113 86 107 123 81 90 85 69 69 90 157 158 105 69 60 60 53 52 53 52 56 50 31 39 57 84 108 105 111 157 159 137 158 176 180 170 161 151 144 123 100 97 99 116 108 96 117 140 144 161 171 183 183 180 188 189 189 190 193 186 121 99 81 74 76 78 78 80 66 48 57 60 66 83 75 45 36 19 16 25 26 33 43 51 48 38 29 22 30 40 33 41 62 82 80 69
44 66 70 70 55 61 80 62 49 54 67 2 345 17 26 33 36 49 51 44 36 21 3 15 40 60 82 110 106 115 127 78 117 153 167 174 170 167 173 162 139 127 107 104 111 88 55 73 96 119 150 164 170 175 183 190 194 197 208 207 148 106 84 75 73 72 64 67 77 92 129 95 77 68 46 37 35 18 27 53 61 80 81 65 54 43 35 34 45 48 45 62 73 77 69 51
19 59 50 36 36 49 50 57 51 52 34 355 343 8 21 32 41 49 44 33 36 29 6 26 54 55 59 69 82 26 339 58 87 123 152 171 171 171 169 163 153 147 123 106 119 140 101 90 94 104 127 150 149 155 172 193 203 205 213 212 178 146 117 98 85 71 57 55 58 69 97 123 88 63 61 70 70 82 99 113 108 111 139 121 99 80 74 72 77 69 74 76 70 64 54 31
12 50 44 37 45 52 50 67 79 53 21 357 1 17 29 46 50 40 30 35 49 50 34 54 52 47 49 44 36 2 0 72 90 102 120 158 170 166 164 165 158 146 131 118 116 158 164 138 111 101 101 117 133 141 158 182 198 210 219 213 185 169 155 136 118 85 61 51 59 74 89 125 106 86 102 115 117 120 128 131 135 124 142 157 158 137 133 137 127 114 108 101 77 67 57 48
35 71 67 58 68 67 64 68 60 48 22 359 9 32 55 60 51 39 37 46 49 43 35 32 34 41 39 43 48 23 35 81 92 94 94 100 136 154 154 169 171 150 124 115 106 126 157 167 146 106 99 108 119 136 150 173 192 210 216 210 187 172 170 162 156 139 127 84 82 85 89 99 110 95 91 105 109 115 120 122 138 135 136 155 170 148 142 155 155 140 137 144 110 96 97 104
71 85 86 79 90 101 97 67 47 46 13 9 32 64 66 59 56 52 52 46 40 38 38 40 40 31 25 52 58 48 60 84 81 69 59 50 59 72 83 104 143 154 116 97 97 106 135 174 172 137 117 117 107 119 135 158 184 201 211 208 186 171 178 181 173 167 171 153 113 98 92 78 88 88 75 82 81 99 104 101 116 130 135 137 152 142 134 155 178 147 130 156 146 120 119 117
61 74 69 96 93 104 127 117 101 73 23 40 78 90 83 75 72 61 60 48 37 38 47 47 35 16 12 58 54 46 52 65 59 41 34 34 41 37 35 33 36 68 106 110 108 104 120 164 170 154 123 113 104 107 114 127 171 192 206 203 182 172 181 184 185 180 173 169 150 122 101 82 81 97 92 92 92 85 91 92 105 114 119 123 134 135 127 142 178 153 115 126 139 124 123 113
49 59 55 75 77 73 90 109 105 45 7 31 79 87 77 67 53 42 50 50 35 44 47 40 28 22 43 56 44 43 46 45 36 28 35 38 41 38 31 36 58 87 113 120 116 108 112 149 174 176 139 114 111 117 108 104 116 166 191 188 179 179 185 187 183 181 182 176 168 152 126 112 105 111 118 112 124 92 85 89 100 108 108 121 126 129 123 128 163 135 91 95 114 110 120 136
47 61 56 58 50 49 42 20 7 352 352 20 49 56 38 24 17 30 55 67 53 38 36 43 43 55 62 36 34 46 51 40 28 31 39 44 53 64 70 97 110 109 114 109 98 100 103 98 137 170 155 134 113 115 121 112 108 126 156 161 164 178 186 186 177 181 194 192 192 182 150 137 119 109 104 99 123 112 87 80 83 85 104 107 113 124 108 79 118 76 78 91 94 90 90 117
97 87 75 49 35 34 19 12 3 347 351 27 47 46 31 15 32 74 87 92 105 108 126 74 62 63 60 28 23 61 64 51 50 55 53 63 66 77 100 110 118 111 104 70 69 80 82 39 52 94 125 137 119 106 121 132 141 140 143 140 141 149 170 188 186 188 198 202 212 189 157 150 125 102 72 78 103 110 102 81 72 65 82 83 85 94 49 77 96 158 114 104 95 84 78 85
164 126 97 50 49 24 7 12 7 345 350 39 53 47 51 92 129 128 107 94 112 134 160 150 96 72 75 47 81 92 82 70 65 76 87 86 78 75 90 103 102 91 61 23 57 66 55 39 50 57 70 94 107 113 119 125 143 151 145 131 139 130 135 175 185 193 203 203 197 192 183 166 156 144 119 102 107 114 108 97 74 67 77 71 68 54 51 91 119 149 143 130 122 101 103 104
186 203 163 115 125 326 356 34 43 79 247 77 62 54 67 86 118 130 114 85 93 121 146 165 157 111 101 117 135 115 88 67 57 63 81 86 86 71 77 90 80 54 24 15 48 59 59 60 48 54 67 73 79 91 103 100 91 87 117 108 121 122 109 116 151 182 199 193 187 191 191 179 174 173 150 130 120 124 120 109 98 92 81 65 55 45 60 89 113 127 145 151 148 130 119 119
203 216 176 154 162 212 184 144 149 160 193 167 96 80 80 84 90 99 93 82 91 112 136 164 159 138 130 143 140 135 91 62 64 62 62 66 64 66 70 66 37 24 15 16 50 67 71 69 73 100 91 80 70 71 75 77 51 43 63 88 105 126 126 107 113 140 187 192 189 192 195 197 200 174 150 139 132 126 126 119 121 123 88 79 62 65 79 91 108 120 134 153 149 149 150 135
199 205 191 176 184 189 184 148 155 167 183 195 159 115 96 92 95 86 77 69 83 95 118 146 146 144 146 153 142 147 132 117 111 80 62 56 48 65 71 47 17 20 24 33 63 71 68 67 83 113 112 86 72 65 68 65 27 36 66 83 108 143 155 140 118 111 142 181 195 206 201 200 201 176 155 141 132 125 126 116 121 139 124 129 118 113 108 112 121 129 133 135 138 150 175 167
181 199 205 189 183 180 181 156 152 175 196 206 170 130 104 93 99 109 129 86 81 84 104 130 137 139 149 166 157 156 154 149 148 145 106 66 59 74 71 32 17 26 41 58 65 65 65 61 72 85 90 77 62 52 59 49 25 49 86 91 105 133 163 155 132 123 111 140 192 199 182 195 206 192 179 157 136 123 126 112 96 119 133 138 133 131 130 133 134 142 151 134 130 139 162 164
182 200 201 182 176 184 192 159 145 181 210 215 176 128 110 94 87 93 135 146 105 95 107 119 124 128 132 161 159 160 155 152 162 171 159 134 112 91 67 44 48 65 78 78 72 69 70 69 73 77 68 71 44 53 59 53 42 64 86 91 94 100 144 155 133 134 117 120 158 177 170 195 208 203 196 174 154 132 127 124 93 105 124 129 126 125 132 138 136 144 155 144 138 139 145 149
185 195 193 175 163 184 190 165 153 177 210 224 196 140 117 90 83 87 110 144 126 106 106 99 86 103 108 130 142 144 138 141 162 184 176 146 136 110 94 99 113 131 115 101 98 99 96 95 92 88 74 73 111 117 88 68 51 64 80 82 81 77 100 146 138 129 125 125 145 150 148 181 203 206 199 182 172 152 137 140 119 114 123 131 119 120 126 144 132 131 155 150 143 150 151 144
185 194 188 174 164 171 168 165 171 179 212 227 200 172 151 104 93 103 115 131 132 108 93 58 65 95 108 123 125 128 122 114 123 160 168 153 149 126 129 138 136 142 140 127 122 127 124 116 108 103 104 94 116 137 136 102 74 80 81 75 71 73 83 114 149 131 115 118 149 142 130 160 195 203 194 180 179 177 167 157 131 118 119 135 120 117 125 140 141 120 138 154 150 147 150 147
181 190 179 166 172 169 149 154 175 184 222 228 214 211 181 135 116 114 117 118 120 91 53 44 76 83 84 85 111 119 122 124 118 122 143 141 160 146 130 133 135 141 146 133 126 131 132 125 110 102 128 124 122 124 134 145 129 108 85 70 72 81 79 92 130 133 100 96 109 129 99 111 170 189 185 176 176 183 189 188 158 135 123 128 122 119 131 140 148 130 123 145 166 149 144 150
175 181 178 162 169 169 150 143 173 189 220 231 239 237 177 128 116 109 103 97 99 60 46 76 83 65 60 66 82 106 123 137 142 118 121 113 132 147 126 103 96 97 116 118 115 126 126 122 112 102 118 126 120 113 119 134 145 140 120 91 75 74 75 85 104 150 92 75 66 65 65 85 122 161 175 174 177 183 192 195 177 164 146 141 133 127 131 136 141 140 128 130 150 153 152 150
167 176 191 180 172 153 147 151 184 191 217 237 236 230 190 105 81 66 48 35 30 38 74 84 80 62 63 72 71 85 104 118 144 122 109 106 109 117 52 49 70 70 89 104 105 109 97 94 104 99 94 95 93 88 115 132 143 155 159 153 88 72 72 75 77 86 47 49 45 46 80 92 102 124 143 159 174 185 192 188 180 178 156 144 141 133 139 128 123 129 136 134 140 150 155 153
166 169 182 183 185 161 137 154 209 228 265 248 232 236 232 81 44 34 7 11 31 39 54 66 67 72 74 78 73 70 65 64 57 49 76 82 87 3 355 39 60 68 82 94 84 62 59 76 85 82 72 70 66 82 108 124 135 152 157 173 147 90 71 60 43 5 5 26 36 62 88 78 73 100 123 137 164 182 184 184 182 177 158 143 143 130 138 130 119 131 141 141 140 142 158 176
165 142 159 179 197 193 156 159 236 254 261 234 232 243 239 227 34 21 353 356 32 38 48 54 64 83 76 63 53 46 37 35 26 38 51 59 42 346 352 47 57 59 56 56 48 46 58 71 76 76 84 77 76 91 101 105 107 126 136 156 170 113 43 35 24 7 10 25 47 60 62 57 66 88 111 122 139 167 176 178 185 182 155 138 145 141 145 129 120 128 143 142 151 113 132 160
170 148 143 167 207 198 175 203 238 240 221 186 238 251 244 223 216 236 304 197 74 58 64 60 66 72 55 39 30 26 21 30 31 29 37 48 32 6 14 42 51 51 43 41 44 55 65 72 75 83 89 83 92 93 94 80 76 103 121 117 119 305 348 18 19 12 26 49 46 48 54 67 77 84 95 106 111 128 150 160 177 182 169 135 133 144 172 143 123 121 129 134 176 123 115 135
173 164 152 159 191 188 199 225 224 220 208 196 256 252 238 214 215 218 187 181 174 136 98 75 68 55 37 29 26 23 13 24 27 27 37 49 39 20 9 23 44 45 45 46 47 57 65 68 71 75 72 70 70 72 66 65 66 81 82 12 330 313 324 8 23 35 57 58 47 72 79 82 90 92 95 95 91 101 120 139 159 179 181 153 136 137 157 146 130 136 141 153 160 139 119 109
164 166 169 155 166 196 231 229 217 215 207 218 249 240 228 211 217 214 179 165 169 167 143 109 82 60 52 47 53 27 13 26 26 36 53 55 42 37 0 2 38 49 59 56 53 61 61 63 62 59 51 42 37 48 50 53 56 57 25 353 316 311 317 357 52 66 72 61 74 99 97 97 97 95 89 84 84 91 101 116 143 154 173 164 155 152 146 133 129 136 147 158 151 142 131 124
146 150 175 162 160 203 237 231 218 213 212 228 237 240 230 211 215 209 183 164 160 174 180 144 100 79 75 89 122 153 160 119 56 63 69 60 55 48 15 351 43 69 78 77 78 67 58 57 58 53 38 31 35 46 53 52 48 46 26 6 324 303 309 90 103 70 76 87 90 93 96 106 100 88 79 83 81 75 78 72 105 118 146 151 152 158 152 126 123 134 138 146 147 140 133 139
124 126 179 157 159 201 234 233 224 227 236 242 249 249 227 207 217 208 178 158 154 179 206 197 119 91 98 105 131 169 179 171 185 104 80 69 71 47 17 7 61 78 76 72 82 63 48 49 51 40 28 26 39 48 52 47 45 39 17 354 342 337 13 89 117 83 88 94 92 90 95 105 102 87 84 89 81 74 73 71 84 90 112 129 139 148 145 123 124 129 130 137 142 142 140 140
90 97 150 137 148 207 233 237 230 231 246 265 262 248 215 215 225 204 164 151 151 186 216 207 174 116 113 111 127 174 186 183 207 112 89 81 67 52 54 72 77 71 62 60 63 50 37 50 44 33 30 26 39 43 36 37 29 19 9 354 354 8 35 51 53 86 87 81 80 88 95 103 101 92 84 75 78 84 85 83 81 82 96 108 128 145 151 120 113 124 111 120 131 138 143 140
79 96 119 131 143 218 240 235 218 221 243 266 262 234 217 224 225 193 140 141 158 189 202 201 195 161 117 109 111 167 203 211 251 113 84 89 82 83 105 112 76 62 60 60 55 58 87 69 44 35 37 32 40 38 31 31 17 14 18 11 9 26 37 41 50 75 80 82 81 88 92 92 94 94 74 61 72 81 83 84 78 79 83 90 110 127 144 132 89 101 105 107 118 124 132 134
92 94 101 117 150 244 249 229 220 231 248 251 238 220 221 218 218 190 137 116 141 174 179 192 191 186 146 111 83 10 350 278 251 156 85 96 103 100 95 58 31 55 60 64 61 62 70 62 53 43 34 35 45 36 26 25 17 27 37 34 24 28 37 51 70 77 88 101 101 96 90 82 78 76 65 67 74 73 82 86 81 83 86 91 98 104 113 130 82 92 106 105 112 118 123 127
129 104 98 104 153 234 234 240 246 250 251 239 226 223 215 204 209 187 144 102 102 140 167 176 188 205 166 125 46 0 17 30 202 166 115 105 107 104 79 63 304 47 67 74 70 60 46 37 53 49 26 45 51 46 28 24 31 46 51 54 47 51 83 95 103 104 105 112 116 106 94 87 69 60 70 76 74 79 96 98 99 95 94 94 89 84 71 62 89 94 101 102 108 116 121 120
150 128 114 110 148 207 229 258 260 254 250 233 231 216 187 198 217 203 149 123 113 110 144 175 230 210 163 144 236 135 104 110 116 130 123 107 99 93 95 106 189 154 103 86 74 61 55 61 72 77 112 119 81 69 59 74 86 77 78 78 92 129 137 132 127 131 127 121 124 121 104 96 85 76 81 82 81 92 104 106 110 106 107 101 86 75 62 65 82 89 95 94 100 113 117 109
149 134 126 114 136 207 235 244 247 251 239 230 225 198 180 201 215 207 184 152 142 117 120 226 268 171 120 104 140 168 115 129 126 127 112 92 75 89 121 137 159 155 138 112 91 82 89 98 102 99 107 135 123 91 94 116 132 107 111 105 115 127 139 145 134 133 139 136 129 133 118 102 114 107 93 95 95 94 95 94 100 103 99 100 76 82 83 68 79 87 89 91 91 103 118 109
150 127 136 115 118 207 223 229 238 234 218 219 211 194 194 204 208 207 194 173 168 158 121 226 213 194 172 130 112 14 69 97 105 114 85 67 76 91 112 140 145 147 150 147 140 125 109 118 116 113 109 116 127 117 113 111 137 118 114 111 117 117 124 138 132 125 131 137 119 121 119 106 115 118 113 107 106 98 88 87 87 87 72 79 76 88 89 80 90 85 81 92 86 92 118 121
157 123 141 154 135 163 181 227 235 223 210 213 217 223 226 207 195 202 200 197 197 184 173 173 186 204 199 183 210 308 65 78 80 56 39 68 82 84 90 114 135 125 133 143 142 143 126 122 122 113 111 102 104 116 119 101 129 132 119 112 108 110 108 115 124 118 102 106 88 89 104 105 106 113 123 117 116 112 109 103 88 79 73 85 96 92 87 103 100 80 74 88 91 86 102 131
161 135 144 181 182 173 156 241 240 225 214 221 239 248 234 205 178 201 218 239 252 137 159 175 186 198 197 199 212 212 151 105 70 45 78 82 76 76 77 76 96 110 101 111 112 119 120 111 104 92 88 82 82 90 102 96 118 135 128 115 105 103 105 111 113 104 56 57 80 89 96 99 96 97 104 107 106 105 113 121 95 108 105 106 110 108 107 112 103 85 76 80 90 78 79 109
155 145 155 201 203 189 190 262 246 226 224 235 236 233 233 230 270 283 263 263 245 114 126 167 189 200 199 195 200 200 184 178 137 132 135 104 76 79 70 58 77 100 92 86 91 95 91 92 93 86 78 74 85 84 101 104 102 113 115 100 95 96 98 104 95 44 32 62 78 79 75 77 79 77 75 83 91 90 84 110 111 120 124 121 118 122 129 128 110 107 91 74 79 82 82 95
150 143 192 218 199 200 212 226 218 224 237 243 231 241 243 249 283 338 284 262 225 121 82 78 161 179 191 192 190 194 197 191 159 151 168 166 91 70 48 60 80 91 102 87 89 81 77 91 105 119 105 89 105 98 107 110 90 82 87 85 85 86 82 79 54 20 51 75 70 61 62 72 77 75 75 79 86 88 76 89 105 105 106 107 107 113 126 137 121 105 117 82 83 100 102 102
153 131 234 212 172 200 218 211 214 235 242 230 229 240 237 239 245 238 260 244 220 180 45 69 119 161 179 186 190 191 199 173 160 173 202 210 106 51 57 78 82 79 97 111 95 77 78 82 86 97 121 105 110 101 98 96 85 76 80 87 88 82 69 50 42 52 86 87 73 72 82 92 95 92 92 83 75 84 84 81 81 78 73 74 82 93 101 109 121 77 99 101 96 101 104 103
128 108 219 207 177 259 253 239 235 250 247 217 220 227 220 221 215 198 211 227 216 225 177 98 107 142 177 185 190 195 191 160 160 199 207 213 222 76 79 91 89 83 99 128 128 116 97 78 65 71 102 107 94 87 83 79 80 77 84 92 91 90 62 52 62 71 86 92 90 96 105 102 100 96 97 86 76 80 81 74 69 68 69 74 78 82 79 70 74 66 87 99 97 97 96 91
127 104 277 288 325 321 298 320 283 277 255 237 245 221 217 223 212 206 218 226 222 233 172 112 97 113 165 186 189 190 187 160 161 198 200 213 219 184 122 106 103 105 114 131 151 150 134 81 59 73 84 89 75 81 74 75 82 90 95 97 85 80 72 83 82 78 78 84 90 94 97 91 87 86 82 95 92 80 76 75 70 72 77 82 84 77 67 56 48 85 93 92 88 96 102 86
102 353 326 327 327 320 287 311 313 299 281 290 326 253 238 231 216 220 225 224 229 231 147 97 91 100 147 177 177 176 183 164 166 198 200 210 210 185 157 130 113 108 111 130 147 149 171 167 87 79 75 75 83 82 79 84 96 103 95 104 87 84 100 105 96 84 83 87 90 88 82 70 66 74 78 95 90 74 78 82 77 77 79 79 80 67 53 55 51 84 87 84 84 94 105 109
