AppendixA/HikerMovements/data/ascii_files_abm_Orsi/aspect_final.asc
ncols 271
nrows 294
xllcorner 698225
yllcorner 5141858
cellsize 30.00
nodata_value -32767
[rows 88 to 131 of 294, columns 0 to 95 of 271]
11 338 320 344 351 351 295 289 303 278 278 278 294 43 247 240 235 226 226 225 230 225 187 101 101 105 135 180 183 167 158 160 181 199 195 199 200 190 169 138 111 95 92 108 150 138 143 178 159 110 94 91 94 93 90 94 104 109 90 108 115 109 114 112 102 96 91 93 93 88 83 65 65 75 82 81 73 79 84 83 81 77 74 73 71 57 49 50 54 81 76 70 82 79 76 122
9 346 314 334 358 5 335 294 275 253 263 259 226 139 217 249 252 229 231 233 231 215 192 141 110 105 119 159 181 172 144 148 183 193 189 196 202 196 186 156 103 93 83 77 92 145 147 156 157 142 125 116 115 115 103 94 83 83 86 98 112 115 104 91 96 92 87 87 84 74 70 81 85 84 82 73 77 87 91 79 78 69 68 69 67 61 55 55 77 93 75 71 77 63 63 86
4 356 331 330 353 3 352 328 288 302 284 250 198 166 210 240 233 237 252 245 225 199 181 162 121 94 94 130 161 169 150 146 175 190 196 199 206 210 212 186 133 110 85 76 87 122 157 156 152 151 143 127 129 131 122 101 63 70 80 81 82 91 80 77 87 90 91 86 89 71 71 87 92 90 86 80 80 86 90 79 75 65 82 74 76 83 78 81 87 94 88 88 74 63 63 60
2 8 4 340 347 357 350 359 337 316 297 201 178 177 198 219 226 232 237 223 201 180 178 176 143 89 85 96 129 137 142 152 177 193 196 202 210 212 216 192 142 111 94 95 105 112 139 156 161 153 141 130 127 134 128 136 98 89 84 82 74 75 78 93 99 105 108 98 105 105 99 99 96 98 94 82 79 78 76 87 84 78 97 91 95 96 107 103 90 87 93 94 79 74 64 56
5 27 39 18 328 336 340 354 356 354 150 160 164 179 197 215 220 210 209 204 192 184 178 187 189 84 77 66 74 101 114 140 166 187 201 198 190 201 220 235 63 77 97 95 99 107 121 153 173 155 140 127 122 138 136 140 133 115 106 94 86 89 97 100 105 101 109 110 108 122 118 118 109 100 99 86 83 79 79 84 102 99 100 110 107 109 113 109 94 82 93 94 79 77 77 69
184 137 63 8 312 319 341 350 33 93 130 143 156 181 195 206 204 204 212 203 194 192 185 204 217 154 66 67 85 90 94 121 151 182 199 181 172 201 225 227 210 99 85 71 71 96 109 130 168 148 142 136 118 129 147 151 145 137 127 108 94 101 109 109 110 93 100 114 120 123 122 124 118 107 103 107 100 102 100 89 106 109 106 115 112 110 109 110 97 84 85 99 75 76 83 82
201 234 12 350 308 297 330 330 78 92 110 123 136 159 194 198 192 214 223 207 198 196 188 199 208 209 113 80 95 96 99 106 131 191 187 151 159 207 222 225 220 187 61 65 73 84 88 99 135 136 131 141 128 115 120 143 148 148 138 129 118 117 123 113 122 111 103 106 117 118 116 121 125 123 120 118 109 104 114 103 102 99 95 94 96 95 94 88 92 93 81 86 83 78 72 72
229 274 316 343 327 290 236 270 92 76 85 114 133 149 159 185 204 222 229 217 209 200 185 182 199 219 215 107 91 103 103 96 108 171 165 134 159 192 219 231 224 228 135 95 90 81 71 75 114 133 130 130 129 107 99 110 126 119 118 120 129 123 137 125 125 127 109 96 95 100 99 99 113 124 128 119 113 95 99 93 80 77 68 57 56 61 61 66 73 84 86 83 81 71 63 64
304 299 300 332 353 18 180 193 111 63 79 96 116 136 144 168 203 224 232 230 211 188 175 168 194 225 211 150 107 101 93 84 101 144 153 139 161 172 205 222 224 231 203 125 108 93 80 76 90 119 128 129 114 113 106 98 101 88 97 111 114 96 105 122 132 135 113 92 87 96 96 90 92 102 99 96 113 97 81 67 57 57 52 44 44 46 53 56 54 74 88 78 72 65 66 67
318 298 272 316 23 43 143 182 217 92 83 66 69 100 120 155 211 231 233 230 186 179 177 170 187 216 203 168 132 106 84 68 72 115 148 140 145 155 195 217 234 231 210 163 116 95 86 81 76 81 86 114 118 112 109 106 118 141 112 99 89 77 89 100 111 131 123 102 100 108 110 100 82 70 63 89 100 90 63 56 52 58 54 52 52 57 59 50 60 77 70 60 69 67 73 71
344 289 278 302 27 87 119 177 210 117 82 48 56 73 92 126 230 241 238 213 174 173 183 185 180 196 200 183 156 123 80 62 59 78 124 141 144 141 184 226 238 227 218 218 118 87 73 79 77 69 78 89 110 109 108 114 132 148 136 99 97 103 96 93 92 107 135 126 110 104 108 111 90 76 95 102 88 74 58 59 58 63 66 69 66 71 65 66 81 68 49 62 72 60 63 66
10 7 299 298 112 116 106 140 241 106 85 81 76 73 78 80 263 245 224 187 166 172 187 190 184 188 199 185 177 180 141 108 72 76 88 130 147 154 175 221 225 224 231 232 190 107 69 76 82 84 86 77 78 107 110 113 128 140 147 125 118 118 108 99 107 121 129 130 116 99 87 104 122 116 119 114 96 83 70 73 66 69 78 73 63 76 79 79 85 50 52 70 69 44 60 65
12 20 325 9 106 93 58 29 293 74 88 113 111 74 72 60 352 218 186 167 162 169 188 191 179 193 206 188 183 187 181 172 117 92 96 120 141 151 179 209 215 225 228 214 202 197 94 89 89 96 87 70 81 92 91 94 108 111 132 127 129 116 115 112 116 127 120 110 101 102 91 96 114 116 114 105 87 60 56 67 75 79 73 68 71 79 82 76 70 45 66 69 58 48 74 67
15 29 3 40 53 30 28 22 342 39 67 86 71 50 59 47 47 121 165 150 150 175 213 191 139 194 213 177 169 197 201 181 139 116 113 117 138 136 176 185 209 228 216 209 222 223 150 113 101 102 96 83 86 75 64 64 71 82 109 115 117 106 104 103 105 110 112 109 91 91 104 102 106 98 81 53 29 24 37 57 62 66 59 62 76 72 67 63 62 42 72 70 62 62 80 65
12 24 16 32 38 34 24 12 1 33 61 68 23 37 50 55 73 98 142 143 150 181 209 199 143 150 182 177 185 205 187 181 153 124 114 114 128 139 142 153 206 227 219 226 233 217 173 129 101 85 85 95 89 69 50 52 60 69 79 87 83 99 96 89 90 94 106 120 108 97 107 109 112 92 44 24 16 22 47 54 46 55 59 59 61 59 59 61 60 41 83 88 81 72 72 70
25 41 43 52 57 44 49 18 0 62 81 70 39 50 65 76 87 97 128 143 132 172 211 203 165 134 159 181 201 187 169 173 161 131 108 99 86 97 122 131 179 220 226 223 220 214 194 152 107 69 60 75 80 52 38 56 60 58 57 58 82 103 101 98 88 92 99 104 118 107 106 103 101 17 5 10 14 35 48 37 47 60 60 55 50 55 65 68 60 63 95 93 89 86 86 96
161 124 117 93 87 63 51 25 60 95 78 54 77 139 108 88 87 91 95 111 126 120 184 187 175 141 133 173 181 178 169 171 148 132 112 95 60 72 92 97 122 224 219 205 204 208 205 184 140 65 63 61 42 36 48 65 53 45 43 52 75 93 97 101 73 77 92 97 100 91 80 71 44 337 351 8 22 45 45 44 65 65 67 58 62 70 76 75 74 79 92 79 85 100 103 116
127 129 148 117 92 53 41 51 69 73 38 59 94 127 116 89 79 74 55 47 93 140 148 163 178 173 122 135 168 185 187 190 134 115 105 84 94 89 88 89 62 348 193 182 193 206 211 208 198 151 106 57 36 60 65 51 34 34 39 54 64 70 69 58 57 65 63 61 50 43 39 40 24 342 345 26 55 70 67 72 78 82 88 91 96 89 82 88 93 78 80 80 93 103 99 105
53 90 144 158 61 41 114 119 94 80 112 92 96 73 48 83 82 67 50 71 97 124 135 138 189 193 144 132 153 172 185 196 177 141 113 102 142 141 130 133 90 80 110 147 179 203 213 211 204 188 170 157 93 88 75 33 24 50 62 67 66 60 47 43 57 48 35 33 26 20 24 33 26 7 5 56 69 85 92 91 87 101 107 117 114 108 96 96 106 90 86 96 98 98 93 84
86 105 143 196 215 127 123 154 163 136 134 103 94 54 99 96 99 92 88 95 97 113 136 165 189 133 142 147 148 156 176 188 193 196 163 146 148 154 159 174 193 152 109 106 158 176 196 207 205 201 192 187 172 112 76 106 113 111 102 93 70 52 44 49 45 26 27 34 32 33 37 37 39 43 61 94 82 90 103 109 103 109 116 121 126 124 117 92 95 106 100 105 101 96 94 86
120 103 127 200 211 167 119 122 162 177 141 100 87 118 139 114 102 105 114 96 88 116 141 174 181 143 135 152 152 144 153 173 201 204 174 149 153 161 165 184 208 183 123 113 125 143 171 198 204 205 198 197 200 185 108 123 132 122 112 107 65 52 50 48 36 35 43 55 58 67 69 62 67 73 84 109 102 95 103 116 111 110 115 122 128 128 132 93 95 102 108 108 101 92 99 98
145 101 94 209 246 191 76 57 88 180 175 127 78 89 112 100 86 91 106 99 95 110 130 155 175 157 132 142 145 136 146 160 188 200 188 148 149 171 176 192 220 198 136 132 134 132 153 182 204 207 201 204 211 205 172 130 137 126 105 98 81 74 69 57 53 58 64 84 96 97 102 100 92 93 89 93 95 93 93 105 111 107 107 112 117 110 128 109 109 114 115 111 97 89 96 96
93 92 80 342 266 275 6 46 61 97 150 177 90 64 60 68 79 76 68 87 94 83 79 92 126 152 128 133 134 136 150 163 180 198 191 144 133 188 222 209 209 193 154 139 136 126 141 174 194 203 201 205 213 207 192 140 131 146 125 111 115 108 104 98 93 82 87 94 104 103 117 130 107 87 84 82 96 100 94 101 107 107 107 95 105 97 111 116 115 121 117 113 106 99 89 90
31 62 61 18 276 277 307 63 70 70 64 63 171 58 57 63 67 53 56 77 74 54 54 58 59 75 104 121 120 111 134 154 172 196 197 142 102 288 251 201 169 188 169 157 141 125 122 147 172 191 202 211 213 207 204 159 123 143 154 134 118 121 121 120 119 105 100 96 95 89 93 131 115 91 93 107 110 116 108 106 100 103 110 90 100 108 111 118 119 114 104 103 108 102 80 81
90 75 57 38 343 289 262 106 92 81 78 77 112 98 60 58 59 61 75 77 61 50 59 57 43 54 75 88 84 68 95 136 157 200 224 150 80 343 290 160 157 162 155 162 149 126 99 100 128 186 215 211 205 205 206 179 145 140 146 138 116 113 120 125 128 124 117 100 91 87 87 101 119 112 108 117 120 117 114 116 108 94 101 99 99 97 102 117 120 103 85 93 98 95 73 71
159 146 91 70 4 304 149 119 101 122 149 156 160 180 79 79 77 84 91 85 61 52 61 42 35 57 62 53 37 54 62 59 96 221 238 182 128 294 284 62 97 144 137 141 154 145 133 123 124 180 210 187 192 198 187 179 186 199 148 121 109 93 86 99 117 121 126 106 93 105 106 106 119 111 104 101 113 113 110 114 122 90 93 108 107 111 109 110 112 99 94 99 96 92 81 85
96 143 172 153 354 42 119 131 95 108 147 189 204 188 156 125 106 100 100 90 59 57 57 34 53 73 68 53 44 50 47 45 67 79 236 196 221 284 291 62 76 119 156 153 151 144 148 150 154 182 179 170 177 189 175 178 212 205 180 160 103 75 68 78 84 84 94 101 103 107 105 116 121 100 89 91 99 113 111 98 106 99 103 116 121 122 120 99 87 98 108 110 101 91 94 101
64 89 185 274 315 72 103 138 106 95 103 187 187 175 169 151 131 123 112 99 101 82 72 69 87 79 86 93 92 106 81 70 81 113 208 217 248 254 263 146 93 109 145 180 171 136 135 154 176 170 162 167 177 189 183 187 204 199 197 199 161 103 88 84 68 56 70 102 106 99 95 102 108 101 97 100 95 97 113 92 102 110 113 117 128 117 112 90 79 98 104 108 104 108 97 97
79 71 357 314 358 108 106 137 129 106 99 107 145 164 165 153 134 122 116 119 138 134 114 111 104 77 90 109 122 138 151 119 100 121 195 218 228 227 203 165 125 113 129 172 166 136 121 128 169 153 140 151 177 199 186 181 196 202 205 210 192 162 125 95 72 76 88 98 99 94 94 95 105 116 111 114 108 86 94 103 116 118 115 115 119 111 88 89 97 109 99 100 110 113 105 97
73 60 352 321 66 101 109 125 134 114 114 113 99 116 139 134 119 97 98 113 128 129 123 112 115 99 95 94 113 129 148 134 106 91 177 230 232 234 171 155 143 125 131 157 162 135 117 117 142 141 125 138 174 184 182 191 204 216 218 209 192 171 159 132 111 108 99 86 82 90 93 99 112 118 112 107 122 100 92 97 110 113 108 106 97 93 86 92 90 99 91 96 113 112 108 97
71 59 8 288 110 87 97 77 96 93 95 119 98 95 107 101 101 88 80 80 70 87 105 88 96 104 92 78 92 99 126 123 83 45 26 332 260 261 115 125 136 137 151 168 165 146 119 108 124 136 126 130 167 166 177 209 215 219 215 206 181 165 172 173 151 112 91 75 77 83 88 98 109 116 107 94 105 107 101 91 102 98 99 88 78 81 78 93 86 86 89 94 111 116 105 100
45 56 54 123 136 106 88 55 70 74 86 96 119 127 124 73 45 43 59 59 36 52 47 44 80 84 66 66 67 74 73 50 36 24 20 18 320 268 102 101 115 124 145 174 172 165 144 95 89 113 118 122 144 161 173 195 207 213 203 196 184 166 171 174 174 126 89 82 86 86 86 93 95 95 99 95 103 103 99 93 98 97 93 79 91 104 72 97 104 96 99 104 118 117 102 107
48 65 88 107 121 124 90 83 71 67 74 90 103 126 315 338 5 32 57 54 25 27 22 41 60 54 50 49 55 58 47 24 18 9 21 31 6 322 79 71 72 81 86 243 84 110 148 140 94 90 93 99 111 145 151 168 196 201 190 189 189 181 175 180 193 163 119 98 96 94 87 83 75 68 81 86 98 105 102 95 90 95 96 89 90 125 112 109 112 110 106 106 120 122 101 104
83 87 86 97 94 86 82 97 69 72 79 89 77 50 316 319 351 44 59 57 52 320 7 40 38 35 29 30 50 47 35 11 9 15 27 32 33 32 35 47 48 55 39 7 18 62 101 139 122 89 76 76 84 121 140 150 179 189 186 191 193 191 189 191 194 174 159 128 112 116 100 79 74 69 73 82 86 97 107 103 94 99 108 111 90 115 130 127 120 119 114 106 113 130 110 100
97 95 84 76 84 78 111 125 108 94 83 68 57 25 319 308 335 56 61 60 33 317 331 35 36 30 24 40 46 29 25 25 21 25 29 41 43 30 23 32 51 51 28 14 37 65 89 102 109 90 79 73 84 103 117 127 144 174 188 200 204 195 191 190 184 179 184 149 115 120 115 85 86 78 79 89 91 96 113 118 115 110 102 115 103 120 128 125 125 120 116 112 125 138 127 106
136 112 102 67 69 87 114 125 132 108 78 61 52 22 330 287 229 78 74 57 22 330 225 109 92 77 56 62 47 19 26 40 47 43 43 58 48 39 40 48 67 45 30 38 61 76 86 103 90 88 83 78 91 93 91 86 96 109 166 200 198 192 187 181 180 188 199 174 121 113 135 111 103 100 102 102 113 113 117 116 110 112 89 111 105 112 125 119 126 125 121 118 130 134 136 117
114 86 81 62 67 70 82 85 109 109 93 75 48 32 16 344 198 139 115 73 69 137 164 154 138 138 143 105 57 29 43 55 60 56 66 89 94 87 83 90 99 71 74 82 82 84 90 114 121 107 98 95 89 77 73 71 80 72 122 153 176 194 189 172 178 184 192 192 164 138 153 147 136 131 125 119 123 126 123 112 88 101 100 120 112 106 114 126 131 135 125 124 135 127 130 123
4 18 17 27 45 58 54 62 73 86 88 65 64 58 41 110 144 153 157 136 112 130 157 159 149 143 138 145 114 123 115 84 69 65 73 95 124 137 134 122 131 132 122 106 97 92 92 94 115 101 103 92 76 64 71 83 83 95 117 134 152 194 197 178 176 170 180 199 186 158 162 161 148 138 128 121 118 117 107 106 90 102 101 123 127 116 117 125 134 150 124 109 126 129 118 125
1 9 14 25 39 44 46 58 61 65 54 52 69 82 102 120 135 155 184 142 105 84 76 105 127 151 141 153 150 142 141 111 86 79 85 91 94 107 134 131 137 137 123 115 100 87 80 80 82 91 80 71 89 77 82 83 86 95 103 117 126 191 205 185 173 171 179 199 185 163 162 162 158 146 125 107 102 97 89 109 103 106 111 122 135 130 125 119 124 141 135 97 96 107 106 120
0 14 20 33 49 44 43 42 59 55 42 54 64 72 107 97 92 57 293 90 72 40 41 49 73 113 131 147 173 164 145 129 112 93 91 81 70 80 92 112 127 143 118 104 86 64 67 70 71 76 74 79 89 83 86 80 76 76 82 79 83 120 191 160 158 177 181 179 175 168 170 164 163 164 145 120 102 113 121 125 112 109 122 119 128 130 128 120 125 106 120 108 88 88 105 117
18 67 58 66 70 52 40 43 49 46 48 73 72 90 98 79 50 32 31 109 134 108 76 70 79 94 108 125 178 170 147 140 120 106 87 69 82 77 77 83 93 116 97 78 53 49 64 69 53 53 73 81 71 83 90 73 61 68 72 63 66 87 108 131 141 166 180 176 169 171 175 170 169 168 161 156 141 131 130 137 118 109 117 119 117 124 124 124 151 128 109 116 111 108 112 120
169 155 165 136 103 93 48 39 41 49 62 86 94 101 110 114 96 96 93 114 136 175 137 114 99 99 91 91 141 155 147 154 137 119 111 105 98 86 77 67 69 50 77 96 43 58 77 77 59 72 69 80 86 101 96 80 71 81 80 74 68 87 112 116 127 151 179 180 173 168 167 170 172 169 159 158 161 155 139 140 123 109 108 119 124 122 129 126 151 148 121 111 126 122 112 115
171 162 174 173 152 150 108 4 48 60 72 79 85 94 97 92 117 132 102 59 34 95 129 127 111 101 85 82 97 129 124 145 157 135 131 136 134 137 89 61 56 50 84 127 187 109 89 84 117 122 102 107 106 110 112 136 122 111 92 88 85 102 122 108 108 123 164 171 171 170 167 162 166 171 159 153 163 170 157 149 130 115 111 123 133 121 129 130 136 137 123 106 115 123 108 99
170 156 169 186 184 189 198 210 119 86 77 67 60 62 35 33 42 32 351 12 58 94 117 126 114 96 86 86 89 126 123 112 134 123 118 119 134 162 222 74 55 55 72 91 164 148 95 90 115 134 123 112 101 97 117 144 148 137 107 97 96 99 108 96 90 90 111 140 157 160 164 159 154 163 164 155 157 165 163 150 129 128 112 114 132 122 114 115 130 124 125 109 101 109 104 89
