AppendixA/HikerMovements/data/ascii_files_abm_Orsi/dist_fronza_1000.asc
ncols 271
nrows 294
xllcorner 698225
yllcorner 5141858
cellsize 30.00
nodata_value  226.052
[rows 145 to 173 of 294, columns 201 to 267 of 271]
18.6090 19.7700 20.9320 23.8360 25.0380 27.9420 30.8460 33.2220 36.1260 39.0300 41.9340 44.8380 47.7420 50.6460 53.5500 54.7810 53.6190 50.7560 49.5950 46.7310 44.4780 41.5740 38.6700 37.5080 36.3460 35.1850 34.0230 32.8620 31.7000 30.5380 29.3770 29.3880 30.5500 29.6610 26.7980 25.6370 24.4750 21.6700 18.7660 17.6040 16.4420 15.2810 15.2920 15.3220 16.4830 17.6450 18.3240 18.3530 18.3820 18.4110 18.4400 18.4690 17.9870 16.8260 15.6640 15.6930 15.2110 14.0500 12.8880 12.9170 12.9460 12.9750 13.0040 11.3310 10.1700 10.1990 10.2280
15.7050 16.8660 19.7700 20.9730 23.8770 26.7810 29.1560 32.0600 34.9640 37.8680 40.7720 43.6760 46.5800 49.4840 52.3880 53.5790 50.7150 49.5540 46.6910 45.5290 42.6660 40.4120 37.5080 34.6040 33.4420 32.2810 31.1190 29.9580 28.7960 27.6340 26.4730 26.4840 27.6460 26.7570 25.5960 22.7330 21.5710 20.4090 17.6040 14.7000 13.5380 12.3770 12.3880 12.4180 13.5790 14.7410 15.4200 15.4490 15.4780 15.5070 15.5360 15.5650 15.0830 13.9220 12.7600 12.7890 12.8180 11.1460 9.98400 10.0130 10.0420 10.0710 10.1000 10.1290 7.26600 7.29500 7.32400
12.8010 15.7050 16.9070 19.8110 22.7150 25.0910 27.9950 30.8990 33.8030 36.7070 39.6110 42.5150 45.4190 48.3230 51.2270 50.6750 49.5130 46.6500 45.4880 42.6250 41.4630 38.6000 36.3460 33.4420 30.5380 29.3770 28.2150 27.0540 25.8920 24.7300 23.5690 23.5800 24.7420 24.3650 22.6920 21.5300 18.6670 17.5050 16.3440 13.5380 10.6340 9.47300 9.48400 9.51400 10.6750 12.4870 12.5160 12.5450 12.5740 12.6030 12.6320 12.6610 12.6900 11.0180 9.85600 9.88500 9.91400 9.94300 7.08000 7.10900 7.13800 7.16700 7.19600 7.22500 7.25400 10.1580 10.2280
11.6390 12.8410 15.7450 18.6490 21.0250 23.9290 26.8330 29.7370 32.6410 35.5450 38.4490 41.3530 44.2570 47.1610 50.0650 49.4730 46.6090 45.4480 42.5840 41.4230 38.5590 37.3980 34.5340 32.2810 29.3770 26.4730 25.3110 24.1500 22.9880 21.8260 20.6650 20.6760 21.8380 21.4610 20.2990 18.6260 17.4650 14.6010 13.4400 12.2780 9.47300 6.56900 6.58000 6.61000 9.51400 9.58300 9.61200 9.64100 9.67000 9.69900 9.72800 9.75700 9.78600 9.81600 6.95200 6.98100 7.01000 7.03900 9.94300 10.0130 10.0420 10.0710 10.1000 7.23700 10.1410 11.3200 13.1320
8.77600 11.6800 14.5840 16.9590 19.8630 22.7670 25.6710 28.5750 31.4790 34.3830 37.2870 40.1910 43.0950 45.9990 48.2410 46.5690 45.4070 42.5440 41.3820 38.5190 37.3570 34.4940 33.3320 30.4690 28.2150 25.3110 22.4070 21.2460 20.0840 18.9220 17.7610 17.7720 18.9340 18.5570 17.3950 16.2330 14.5610 13.3990 10.5360 9.37400 9.40300 6.54000 9.44400 9.51400 6.65000 6.67900 6.70800 6.73700 6.76600 6.79500 6.82400 6.85300 6.88200 6.91200 9.81600 9.88500 9.91400 9.94300 11.1050 12.9170 12.9460 11.3720 10.1700 7.26600 10.1700 13.0740 15.3850
7.61400 10.5180 12.8940 15.7980 18.7020 21.6060 24.5100 27.4140 30.3180 33.2220 36.1260 39.0300 41.9340 44.8380 45.3370 44.1760 42.5030 41.3410 38.4780 37.3160 34.4530 33.2910 30.4280 29.2670 26.4030 24.1500 21.2460 18.3420 17.1800 16.0180 14.8570 14.8680 16.0300 17.1920 14.4910 13.3290 12.1680 10.4950 9.33300 6.47000 6.49900 6.52800 9.43200 10.7160 9.55400 9.58300 9.61200 9.64100 9.67000 9.69900 9.72800 9.75700 9.78600 9.81600 10.9770 12.7890 12.8180 12.8470 14.0090 14.3170 11.4130 10.2100 7.30600 10.1700 11.3310 14.2350 17.1390
7.62600 8.82800 11.7320 14.6360 17.5400 20.4440 23.3480 26.2520 29.1560 32.0600 34.9640 37.8680 40.7720 43.6760 42.4330 41.2720 40.1100 38.4370 37.2760 34.4120 33.2510 30.3870 29.2260 26.3630 25.2010 22.3380 20.0840 17.1800 14.2760 13.1140 11.9530 11.9640 13.1260 14.2880 13.2890 10.4250 9.26400 9.29300 6.42900 9.33300 9.40300 9.43200 10.5940 13.4980 12.4580 12.4870 12.5160 12.5450 12.5740 12.6030 12.6320 12.6610 12.6900 12.7200 13.8810 15.0430 15.7220 15.7510 15.5480 13.1550 10.2510 7.34700 7.33600 10.2400 13.1440 15.3970 18.3010
4.76300 7.66700 10.5710 13.4750 16.3790 19.2830 22.1870 25.0910 27.9950 30.8990 33.8030 36.7070 39.6110 42.3930 41.2310 38.3680 37.2060 36.0440 34.3720 33.2100 30.3470 29.1850 26.3220 25.1600 22.2970 21.1350 18.2720 16.0180 13.1140 10.2100 9.04900 9.06000 10.2220 13.1260 10.3850 9.22300 6.36000 6.38900 9.29300 10.4950 12.3070 12.3360 13.4980 14.6590 15.3620 15.3910 15.4200 15.4490 15.4780 15.5070 15.5360 15.5650 15.5940 15.6240 16.7850 17.9470 18.6260 17.2900 14.3860 11.4820 10.2800 7.37600 10.2400 11.4010 14.3050 17.2090 19.4630
4.79200 7.69600 10.6000 13.5040 16.4080 19.3120 22.2160 25.1200 28.0240 30.9280 33.8320 36.7360 38.5130 39.6740 38.3270 37.1650 34.3020 33.1400 31.9790 30.3060 29.1450 26.2810 25.1200 22.2560 21.0950 18.2310 17.0700 14.2060 11.9530 9.04900 6.14500 6.15600 9.06000 10.3440 9.18200 6.31900 9.22300 9.29300 10.4540 13.3580 14.5610 15.2400 16.4020 17.5630 18.2660 18.2950 18.3240 18.3530 18.3820 18.4110 18.4400 18.4690 18.4980 18.5280 19.6890 20.8510 18.5220 15.6180 13.2250 10.3210 7.41700 10.2800 11.4420 14.3050 15.4670 18.3710 21.2750
7.69600 8.85700 11.7610 14.6650 17.1390 20.0430 21.2460 24.1500 27.0540 29.9580 32.8620 34.4470 35.6090 36.7700 37.1250 34.2610 33.1000 30.2360 29.0750 27.9130 26.2410 25.0790 22.2160 21.0540 18.1910 17.0290 14.1660 13.0040 10.1410 8.97900 6.11600 6.14500 9.04900 9.14200 6.27800 9.18200 10.3850 12.1970 13.3580 14.5200 17.4240 18.1440 19.3060 20.4670 21.1700 21.1990 21.2280 21.2570 21.2860 21.3150 21.3440 21.3730 21.4020 21.4320 22.5930 19.7530 17.3600 14.4560 11.5520 10.3500 7.44600 10.3500 13.2540 15.5070 18.3710 19.5320 22.4360
4.87300 7.77700 10.6810 13.0740 15.9780 17.1800 20.0840 22.9880 25.8920 28.7960 31.5140 31.5430 32.7050 33.8660 34.2210 33.0590 30.1960 29.0340 26.1710 25.0090 23.8480 22.1750 21.0130 18.1500 16.9880 14.1250 12.9630 10.1000 8.93900 6.07500 8.97900 6.15600 9.06000 6.23800 6.26700 9.17100 12.0750 14.4500 16.2620 17.4240 18.5860 21.0480 22.2100 23.3710 24.0740 24.1030 24.1320 24.1610 24.1900 24.2190 24.2480 24.2770 24.3060 24.3360 21.4950 18.5910 15.6870 13.2950 10.3910 7.48700 10.3500 11.5110 14.4150 17.3190 19.5730 22.4360 23.5980
4.90200 7.80600 9.00800 11.9120 13.1140 16.0180 18.9220 21.8260 24.7300 27.6340 28.6100 28.6390 29.8010 30.9620 32.1240 30.1550 28.9940 26.1300 24.9690 22.1050 20.9440 19.7820 18.1090 16.9480 14.0840 12.9230 10.0590 8.89800 6.03500 8.93900 9.09000 6.18600 6.19700 9.10100 9.17100 10.3320 13.2360 16.1400 18.5160 20.3280 21.4900 22.6510 25.1140 26.2750 26.9780 27.0070 27.0360 27.0650 27.0940 27.1230 27.1520 27.1810 26.1420 23.2380 20.3340 17.4300 14.5260 11.6220 10.4200 7.51600 10.4200 13.3240 15.5770 18.4810 21.3850 23.6390 26.5020
4.93100 4.94300 7.84700 9.04900 11.9530 14.8570 17.7610 20.6650 23.5690 25.6770 25.7060 25.7350 26.8970 28.0580 29.2200 28.9530 26.0900 24.9280 22.0650 20.9030 18.0400 16.8780 15.7160 14.0440 12.8820 10.0190 8.85700 5.99400 8.89800 10.1000 10.2510 9.09000 9.10100 10.2630 12.0750 13.2360 14.3980 17.3020 20.2060 22.5820 24.3940 25.5550 26.7170 29.1790 29.8820 29.9110 29.9400 29.9690 29.9980 30.0270 30.0560 27.8840 24.9800 22.0760 19.1720 16.2680 13.3640 10.4600 7.55600 10.4200 11.5810 14.4850 17.3890 19.6430 22.5470 25.4510 27.7040
7.83500 4.97200 4.98300 7.88700 10.7910 13.6950 16.5990 19.5030 22.4070 22.7730 22.8020 22.8310 23.9930 25.1540 26.3160 26.0490 24.8870 22.0240 20.8620 17.9990 16.8370 13.9740 12.8120 11.6510 9.97800 8.81700 5.95300 8.85700 10.0590 12.9630 13.1550 11.9940 12.0050 13.1670 14.3280 16.1400 17.3020 18.4640 21.3680 24.2720 26.6470 28.4590 29.6210 30.7820 32.7860 32.8150 32.8440 32.8730 32.9020 32.9310 30.3060 27.4020 24.4980 21.5940 18.6900 15.7860 13.3930 10.4890 7.58500 10.4890 13.3930 15.6470 18.5510 21.4550 23.7080 26.6120 29.5160
7.90500 5.00100 7.88700 9.04900 11.9530 14.8570 17.7610 20.6650 19.8400 19.8690 19.8980 19.9270 21.0890 22.2500 23.4120 24.5740 21.9830 20.8220 17.9580 16.7970 13.9330 12.7720 9.90800 8.74700 8.77600 5.91300 8.81700 10.0190 12.9230 14.1250 16.0590 14.8980 14.9090 16.0710 17.2320 18.3940 20.2060 21.3680 22.5290 25.4330 28.3370 30.7130 32.5250 33.6860 34.8480 35.7190 35.7480 35.7770 34.9530 32.0490 29.1450 26.2410 23.3370 20.4330 17.5290 14.6250 11.7210 10.5180 7.61400 10.5180 13.4220 16.3260 19.2300 22.1340 25.0380 27.7740 30.6780
7.93400 5.03000 7.93400 9.13600 12.0400 14.9440 17.3370 18.0980 16.9360 16.9650 16.9940 17.0230 18.1850 19.3460 20.5080 21.6700 20.8220 17.9180 16.7560 13.8930 12.7310 9.86800 8.70600 5.84300 5.87200 8.77600 9.97800 12.8820 14.0840 16.9880 18.1910 17.8020 17.8130 18.9750 20.1360 21.2980 22.4600 24.2720 25.4330 26.5950 29.4990 32.4030 34.7780 36.5900 37.7520 38.6230 38.6520 36.6950 33.7910 30.8870 27.9830 25.0790 22.1750 19.2710 16.3670 13.4630 10.5590 7.65500 10.5180 11.6800 14.5840 17.4880 20.3920 23.2960 26.2000 29.1040 31.8390
9.09500 7.93400 5.07000 7.97400 10.8780 13.2710 16.1750 15.1940 14.0320 14.0610 14.0900 14.1190 15.2810 16.4420 17.6040 20.0430 19.6600 16.7560 13.8520 12.6900 9.82700 8.66600 5.80200 8.70600 8.77600 9.93700 12.8410 14.0440 16.9480 18.1500 21.0540 20.7060 20.7170 21.8790 23.0400 24.2020 25.3640 26.5250 28.3370 29.4990 30.6600 33.5640 36.4680 38.8440 40.6560 41.5270 40.7610 37.8570 34.9530 32.0490 29.1450 26.2410 23.3370 20.4330 17.5290 14.6250 11.7210 10.5590 7.69600 10.6000 13.5040 16.4080 19.3120 22.2160 25.1200 28.0240 30.9280
10.9070 8.00300 5.09900 8.00300 9.20600 12.1100 13.3120 12.2900 11.1280 11.1570 11.1860 11.2150 12.3770 13.5380 16.4420 17.1390 17.1680 15.5940 12.6900 9.78600 8.62500 5.76200 8.66600 9.86800 11.6800 12.8410 14.0030 16.9070 18.1090 21.0130 22.2160 23.6100 23.6210 24.7830 25.9440 27.1060 28.2680 29.4290 30.5910 32.4030 33.5640 34.7260 37.6300 40.5340 42.9100 42.5840 39.6800 36.7760 33.8720 30.9680 28.0640 25.1600 22.2560 19.3520 16.4480 13.5440 10.6400 7.73600 10.6000 11.7610 14.6650 15.9490 18.8530 21.7570 24.6610 27.5650 30.4690
12.0690 9.16500 8.00300 5.14000 8.04400 9.24600 11.0580 9.38600 8.22400 8.25300 8.28200 8.31100 9.47300 12.3770 13.5790 14.2350 14.2640 13.7820 11.5290 8.62500 5.72100 8.62500 9.82700 12.7310 13.9330 15.7450 16.9070 18.0690 20.9730 22.1750 25.0790 26.2810 26.5250 27.6870 28.8480 30.0100 31.1720 32.3330 33.4950 34.6560 36.4680 37.6300 38.7920 41.6960 44.6000 42.6130 39.7090 36.8050 33.9010 30.9970 28.0930 25.1890 22.2850 19.3810 16.4770 13.5730 10.6690 7.76500 7.77700 10.6810 11.8830 14.7870 17.6910 20.5950 23.4990 26.4030 29.3070
13.2310 10.9770 8.07300 5.16900 5.18100 8.08500 8.15400 8.18300 5.32000 5.34900 5.37800 5.40700 8.31100 9.51400 11.3020 11.3310 11.3600 11.3890 9.71700 8.55500 5.69200 8.59600 11.5000 13.8930 16.7970 17.9990 19.8110 20.9730 22.1340 25.0380 26.2410 29.1450 29.4290 30.5910 31.7520 32.9140 34.0760 35.2370 36.3990 37.5600 38.7220 40.5340 41.6960 42.8570 45.7610 43.7750 40.8710 37.9670 35.0630 32.1590 29.2550 26.3510 23.4470 20.5430 17.6390 14.7350 11.8310 10.6690 7.80600 7.81800 10.7220 13.6260 16.5300 19.4340 22.3380 25.2420 28.1460
15.0430 12.1390 9.23500 8.07300 8.08500 5.22100 5.25000 5.27900 8.18300 8.25300 8.28200 8.31100 5.44800 8.35200 8.39800 8.42700 8.45600 8.48500 8.51500 5.65100 8.55500 9.75700 12.6610 15.5650 17.9580 20.8620 22.0650 23.8770 25.0380 26.2000 29.1040 29.4180 29.4470 30.6080 31.7700 32.9310 34.0930 35.2550 36.4160 37.5780 38.7390 41.6430 44.5470 45.7610 46.9230 44.9360 42.0320 39.1280 36.2240 33.3200 30.4160 27.5120 24.6080 21.7040 18.8000 15.8960 14.7350 11.8720 10.7100 7.84700 10.7510 13.6550 16.5590 19.4630 22.3670 25.2710 28.1750
16.2040 13.3000 12.1390 10.9770 9.28700 8.12500 8.15400 5.29100 5.32000 5.34900 5.37800 5.40700 5.43600 5.46500 5.49400 5.52300 5.55200 5.58100 5.61100 8.51500 9.71700 12.6210 13.8230 16.7270 19.6310 22.0240 24.9280 26.1300 26.4260 26.4550 26.4840 26.5140 26.5430 27.7040 28.8660 30.0270 31.1890 32.3510 33.5120 34.6740 37.5780 40.4820 43.3860 46.2900 49.0020 46.0980 43.1940 40.2900 37.3860 34.4820 31.5780 28.6740 25.7700 22.8660 19.9620 18.8000 15.9370 13.6840 10.7800 7.87600 10.7800 13.6840 16.5880 19.4920 22.3960 25.3000 28.2040
17.1680 16.2040 13.5440 12.3420 9.43800 8.23600 5.33200 5.32000 8.22400 8.25300 8.28200 8.31100 8.34000 8.36900 5.50600 8.41000 8.45600 8.48500 8.51500 9.67600 12.5800 13.7820 16.6860 17.8890 20.7930 22.7620 23.9230 23.4930 23.5220 23.5510 23.5800 23.6100 23.6390 24.8000 25.9620 27.1230 28.2850 29.4470 30.6080 33.5120 36.4160 39.3200 42.2240 45.1280 48.0320 47.2600 44.3560 41.4520 38.5480 35.6440 32.7400 29.8360 26.9320 24.0280 22.4250 19.5210 16.6170 13.7130 10.8090 7.90500 10.8090 13.7130 16.6170 19.5210 22.4250 25.3290 28.2330
14.2640 13.5850 12.3830 9.47900 8.27600 5.37200 8.23600 8.22400 9.38600 11.1570 11.1860 11.2150 11.2440 8.43900 5.53500 5.54700 8.45100 11.3550 11.4190 12.5800 13.7420 15.7160 16.8780 17.5340 18.6960 19.8580 21.0190 20.5890 20.6180 20.6470 20.6760 20.7060 20.7350 21.8960 23.0580 24.2190 25.3810 26.5430 29.4470 32.3510 35.2550 38.1590 41.0630 43.9670 46.8710 48.4210 45.5170 42.6130 39.7090 36.8050 33.9010 30.9970 28.0930 25.3580 22.4540 19.5500 16.6460 13.7420 10.8380 7.93400 10.8380 13.7420 16.6460 19.5500 22.4540 25.3580 28.2620
11.3600 11.3310 9.51900 8.31700 5.41300 8.27600 9.43800 11.1280 12.2900 13.4510 14.0900 12.5740 9.67000 8.46800 5.56400 5.57600 8.48000 11.3840 13.8350 12.8120 11.6510 12.8120 13.9740 14.6300 15.7920 16.9540 18.1150 17.6850 17.7140 17.7430 17.7720 17.8020 17.8310 18.9920 20.1540 21.3150 22.4770 25.3810 28.2850 31.1890 34.0930 36.9970 39.9010 42.8050 45.7090 48.6130 45.7150 42.8110 39.9070 37.0030 34.0990 31.1950 28.2910 25.3870 22.4830 19.5790 16.6750 13.7710 10.8670 7.96300 10.8670 13.7710 16.1640 19.0680 21.9720 24.3650 27.2690
8.45600 8.42700 8.35800 5.45400 8.31700 9.47900 12.3420 13.5040 15.1940 16.3550 14.3170 11.4130 8.50900 5.60500 8.46800 8.48000 8.60700 9.76900 11.5810 9.90800 8.74700 9.90800 11.6970 11.7260 12.8880 14.0500 15.8620 14.7810 14.8100 14.8390 14.8680 14.8980 14.9270 16.0880 17.2500 18.4110 21.3150 24.2190 27.1230 30.0270 32.9310 35.8350 38.7390 41.6430 44.5470 47.4510 45.7440 42.8400 39.9360 37.0320 34.1280 31.2240 28.3200 25.4160 22.5120 19.6080 16.7040 13.8000 10.8960 7.99200 10.8960 12.0980 15.0020 17.9060 20.2990 23.2030 24.4050
5.55200 5.52300 5.49400 8.35800 9.51900 12.3830 13.5440 16.4080 17.5690 18.3820 15.4780 12.5740 9.67000 8.50900 5.64500 5.67400 5.70300 8.60700 8.67700 8.70600 5.84300 8.74700 8.79300 8.82200 9.98400 11.7960 12.9580 11.8770 11.9060 11.9350 11.9640 11.9940 12.0230 13.1840 14.3460 17.2500 20.1540 23.0580 25.9620 28.8660 31.7700 34.6740 37.5780 40.4820 43.3860 46.2900 46.9050 44.0010 41.0970 38.1930 35.2890 32.3850 29.4810 26.5770 23.6730 20.7690 17.8650 14.9610 12.0570 10.8960 8.03200 10.9360 13.8400 16.2330 19.1370 20.3400 22.1520
5.56400 8.42700 8.39800 9.56000 12.4230 13.5850 16.4480 17.6100 20.4730 19.5440 16.6400 13.7360 12.5740 9.71100 8.54900 8.57800 5.71500 5.74400 5.77300 5.80200 5.83100 5.86000 5.88900 5.91800 8.82200 8.89200 10.0540 8.97300 9.00200 9.03100 9.06000 9.09000 9.11900 10.2800 13.1840 16.0880 18.9920 21.8960 24.8000 27.7040 30.6080 33.5120 36.4160 39.3200 42.2240 45.1280 47.9450 45.1630 42.2590 39.3550 36.4510 33.5470 30.6430 27.7390 24.8350 21.9310 19.0270 16.1230 13.8700 10.9660 8.06200 10.9660 12.1680 15.0720 16.2740 18.0860 19.2480
8.46800 9.63000 11.3020 12.4640 13.6260 16.4890 17.6510 20.5140 21.6750 20.7060 17.8020 16.6400 13.7770 12.6150 11.4530 9.78100 8.61900 8.64800 8.67700 8.70600 8.73500 8.76400 8.79300 5.93000 5.95900 5.98800 8.89200 6.06900 6.09800 6.12700 6.15600 6.18600 6.21500 9.11900 12.0230 14.9270 17.8310 20.7350 23.6390 26.5430 29.4470 32.3510 35.2550 38.1590 41.0630 43.9670 45.0410 44.5590 42.9390 40.0350 37.1310 34.2270 31.3230 28.4190 25.5150 22.6110 19.7070 16.8030 13.8990 10.9950 8.09100 8.10200 11.0060 12.2080 14.0210 15.1820 16.3440
