AppendixA/HikerMovements/data/ascii_files_abm_Orsi/dist_ciampedie_1000.asc
ncols 271
nrows 294
xllcorner 698225
yllcorner 5141858
cellsize 30.00
nodata_value  222.305
[rows 174 to 202 of 294, columns 134 to 200 of 271]
20.2410 23.1450 26.0490 28.9530 31.8570 34.7610 37.6650 40.5690 43.4730 46.3770 49.2810 52.1850 55.0890 57.9930 60.8970 63.2670 63.2380 63.2080 63.1790 63.1500 63.1210 63.0920 63.0630 63.0340 63.0050 62.9760 62.9470 62.9180 62.8890 62.8600 62.3020 61.1000 58.1960 57.0350 55.8730 54.0610 52.8590 49.9550 48.0730 45.1690 42.2650 39.3610 36.4570 33.5530 32.3510 29.4470 28.2440 25.3400 24.1790 22.9360 20.0320 17.1280 15.9660 14.8050 12.9920 11.7900 8.88600 7.72500 6.56300 4.75100 3.54900 0.64500 0.61600 0.58700 3.45000 3.42100 4.58300
21.4020 24.3060 27.2100 30.1140 33.0180 35.9220 38.8260 41.7300 44.6340 47.5380 50.4420 53.3460 56.2500 59.1540 60.3920 60.3630 60.3340 60.3040 60.2750 60.2460 60.2170 60.1880 60.1590 60.1300 60.1010 60.0720 60.0430 60.0140 59.9850 59.9560 59.9270 58.2370 57.0350 54.1310 52.9690 51.8070 49.9950 48.7930 45.8890 44.0070 41.1030 38.1990 35.2950 32.3910 29.4870 28.2850 25.3810 24.1790 21.2750 20.1130 18.8700 15.9660 13.0620 11.9010 10.7390 8.92700 7.72500 4.82100 3.65900 3.58900 0.68500 3.54900 3.52000 3.49100 4.65200 6.32500 7.48700
24.3060 25.4680 28.3720 31.2760 34.1800 37.0840 39.9880 42.8920 45.7960 48.7000 51.6040 54.5080 57.0350 57.5170 57.4880 57.4590 57.4300 57.4000 57.3710 57.3420 57.3130 57.2840 57.2550 57.2260 57.1970 57.1680 57.1390 57.1100 57.0810 57.0520 57.0230 56.9940 54.1710 52.9690 50.0650 48.9030 47.7420 45.9300 44.7270 41.8230 39.9420 37.0380 34.1340 31.2300 28.3260 25.4220 24.2190 21.3150 20.1130 17.2090 16.0480 14.8050 11.9010 8.99700 7.83500 6.67300 4.86100 3.65900 0.75500 0.72600 3.58900 4.75100 6.42400 6.39500 7.55600 8.71800 10.3910
27.2100 28.3720 29.5340 32.4380 35.3420 38.2460 41.1500 44.0540 46.9580 49.8620 51.8070 52.9690 54.1310 54.6130 54.5840 54.5550 54.5260 54.4960 54.4670 54.4380 54.4090 54.3800 54.3510 54.3220 54.2930 54.2640 54.2350 54.2060 54.1770 54.1480 54.1190 54.0900 53.0100 50.1060 48.9030 45.9990 44.8380 43.6760 41.8640 40.6620 37.7580 35.8760 32.9720 30.0680 27.1640 24.2600 21.3560 20.1540 17.2500 16.0480 13.1440 11.9820 10.7390 7.83500 4.93100 3.76900 3.70000 0.79600 3.65900 3.63000 4.79200 7.65500 8.81700 9.29900 10.4600 11.6220 12.7830
30.1140 31.2760 32.4380 33.5990 36.5030 39.4070 42.3110 45.2150 48.1190 48.9320 48.9030 50.0650 51.2270 51.7090 51.6800 51.6510 51.6220 51.5920 51.5630 51.5340 51.5050 51.4760 51.4470 51.4180 51.3890 51.3600 51.3310 51.3020 51.2730 51.2440 51.2150 51.1860 50.5300 48.9440 46.0400 44.8380 41.9340 40.7720 39.6110 37.7980 36.5960 33.6920 31.8100 28.9060 26.0020 23.0980 20.1940 17.2900 16.0880 13.1840 11.9820 9.07800 7.91600 6.67300 3.76900 0.86500 0.83600 3.70000 4.86100 6.53400 7.69600 8.85700 11.7210 12.2030 13.3640 14.5260 15.6870
32.3100 34.1800 35.3420 36.5030 37.6650 40.5690 43.4730 46.3770 46.0570 46.0280 45.9990 47.1610 48.3230 48.8050 48.7760 48.7470 48.7180 48.6880 48.6590 48.6300 48.6010 48.5720 48.5430 48.5140 48.4850 48.4560 48.4270 48.3980 48.3690 48.3400 48.3110 48.2820 47.6260 46.4640 44.8780 41.9740 40.7720 37.8680 36.7070 35.5450 33.7330 32.5310 29.6270 27.7450 24.8410 21.9370 19.0330 16.1290 13.2250 12.0230 9.11900 7.91600 5.01200 3.85100 3.78100 0.87700 3.74000 4.90200 7.76500 8.92700 10.6000 11.7610 12.9230 15.1070 16.2680 17.4300 18.5910
33.4720 36.3760 38.2460 39.4070 40.5690 41.7300 44.6340 44.3150 43.1530 43.1240 43.0950 44.2570 45.4190 45.9010 45.8720 45.8430 45.8140 45.7840 45.7550 45.7260 45.6970 45.6680 45.6390 45.6100 45.5810 45.5520 45.5230 45.4940 45.4650 45.4360 45.4070 45.3780 44.7220 43.5600 42.3980 40.8130 37.9090 36.7070 33.8030 32.6410 31.4790 29.6670 28.4650 25.5610 23.6790 20.7750 17.8710 14.9670 12.0630 9.15900 7.95700 5.05300 3.85100 0.94700 0.91800 3.78100 4.94300 7.80600 8.96800 11.8310 12.9920 14.6650 15.8270 16.9880 19.1720 20.3340 21.4950
35.1620 37.5370 40.4410 42.3110 43.4730 43.2520 42.5730 41.4110 40.2490 40.2200 40.1910 41.3530 42.5150 42.9970 42.9680 42.9390 42.9100 42.8800 42.8510 42.8220 42.7930 42.7640 42.7350 42.7060 42.6770 42.6480 42.6190 42.5900 42.5610 42.5320 42.5030 42.4740 41.8180 40.6560 39.4940 39.6510 36.7470 33.8430 32.6410 29.7370 28.5750 27.4140 25.6020 24.3990 21.4950 19.6140 16.7100 13.8060 10.9020 7.99800 5.09400 3.89100 0.98700 3.85100 3.82200 4.98300 7.84700 9.00800 11.8720 13.0330 15.8960 17.0580 18.7310 19.8920 21.0540 23.2380 24.3990
36.3230 39.2270 41.6030 42.6710 41.5100 40.3480 39.6690 38.5070 37.3450 37.3160 37.2870 38.4490 39.6110 40.0930 40.0640 40.0350 40.0060 39.9760 39.9470 39.9180 39.8890 39.8600 39.8310 39.8020 39.7730 39.7440 39.7150 39.6860 39.6570 39.6280 39.5990 39.5700 38.9140 37.7520 36.5900 37.7520 35.5860 32.6820 29.7780 28.5750 25.6710 24.5100 23.3480 21.5360 20.3340 17.4300 15.5480 12.6440 9.74000 6.83600 3.93200 1.02800 1.01600 3.92000 6.72600 7.88700 9.04900 11.9120 13.0740 15.9370 17.0990 19.9620 21.1240 22.7960 23.9580 25.1200 27.3030
37.4850 40.3890 40.9290 39.7670 38.6060 37.4440 36.7650 35.6030 34.4410 34.4120 34.3830 35.5450 36.7070 37.1890 37.1600 37.1310 37.1020 37.0720 37.0430 37.0140 36.9850 36.9560 36.9270 36.8980 36.8690 36.8400 36.8110 36.7820 36.7530 36.7240 36.6950 36.6660 36.0100 34.8480 33.6860 34.8480 33.8950 31.5200 28.6160 25.7120 24.5100 21.6060 20.4440 19.2830 17.4700 16.2680 13.3640 12.1620 9.25800 6.86500 3.96100 1.05700 3.92000 5.08200 7.98600 10.7910 11.9530 13.1140 15.9780 17.1390 20.0030 21.1640 24.0280 25.1890 26.8620 28.0240 29.1850
40.3480 39.1870 38.0250 36.8630 35.7020 34.5400 33.8610 32.6990 31.5370 31.5080 31.4790 32.6410 33.8030 34.2850 34.2560 34.2270 34.1980 34.1680 34.1390 34.1100 34.0810 34.0520 34.0230 33.9940 33.9650 33.9360 33.9070 33.8780 33.8490 33.8200 33.7910 33.7620 33.1060 31.9440 30.7820 31.9440 32.7340 29.8300 27.4540 24.5500 21.6460 20.4440 17.5400 16.3790 15.2170 13.4050 12.2030 9.29900 8.09600 5.19200 3.99000 1.08600 3.99000 6.89400 9.14800 12.0520 14.8570 16.0180 17.1800 20.0430 21.2050 24.0680 25.2300 28.0930 29.2550 30.9280 32.0890
37.4440 36.2830 35.1210 33.9590 32.7980 31.6360 30.9570 29.7950 28.6330 28.6040 28.5750 29.7370 30.8990 31.3810 31.3520 31.3230 31.2940 31.2640 31.2350 31.2060 31.1770 31.1480 31.1190 31.0900 31.0610 31.0320 31.0030 30.9740 30.9450 30.9160 30.8870 30.8580 30.2020 29.0400 27.8780 29.0400 29.8710 28.6680 25.7640 23.3890 20.4850 17.5810 16.3790 13.4750 12.3130 11.1510 9.33900 8.13700 5.23300 4.03100 1.12700 3.99000 5.15200 8.05600 10.9600 13.2130 16.1170 18.9220 20.0840 21.2460 24.1090 25.2710 28.1340 29.2960 32.1590 33.3200 34.9930
34.5400 33.3790 32.2170 31.0550 29.8940 28.7320 28.0530 26.8910 25.7290 25.7000 25.6710 26.8330 27.9950 28.4770 28.4480 28.4190 28.3900 28.3600 28.3310 28.3020 28.2730 28.2440 28.2150 28.1860 28.1570 28.1280 28.0990 28.0700 28.0410 28.0120 27.9830 27.9540 27.2980 26.1360 24.9740 26.1360 27.2980 25.8050 24.6030 21.6990 19.3230 16.4190 13.5150 12.3130 9.40900 8.24700 7.08600 5.27400 4.07100 1.16700 4.03100 5.19200 8.05600 9.21700 12.1210 15.0250 17.2790 20.1830 22.9880 24.1500 25.3110 28.1750 29.3360 32.2000 33.3610 36.2240 37.3860
31.6360 30.4750 29.3130 28.1510 26.9900 25.8280 25.1490 23.9870 22.8250 22.7960 22.7670 23.9290 25.0910 25.5730 25.5440 25.5150 25.4860 25.4560 25.4270 25.3980 25.3690 25.3400 25.3110 25.2820 25.2530 25.2240 25.1950 25.1660 25.1370 25.1080 25.0790 25.0500 24.3940 23.2320 22.0700 23.2320 24.3940 24.6430 21.7390 20.5370 17.6330 15.2580 12.3540 9.45000 8.24700 5.34300 4.18200 4.11200 1.20800 4.07100 5.23300 8.09600 9.25800 12.1210 13.2830 16.1870 19.0910 21.3440 24.2480 27.0540 28.2150 29.3770 32.2400 33.4020 36.2650 37.4270 40.2900
28.7320 27.5710 26.4090 25.2470 24.0860 22.9240 22.2450 21.0830 19.9210 19.8920 19.8630 21.0250 22.1870 22.6690 22.6400 22.6110 22.5820 22.5520 22.5230 22.4940 22.4650 22.4360 22.4070 22.3780 22.3490 22.3200 22.2910 22.2620 22.2330 22.2040 22.1750 22.1460 21.4900 20.3280 19.1660 20.3280 21.4900 21.7800 20.5780 17.6740 16.4710 13.5670 11.1920 8.28800 5.38400 4.18200 1.27800 1.24900 4.11200 5.27400 8.13700 9.29900 12.1620 13.3240 16.1870 17.3480 20.2520 23.1560 25.4100 28.3140 31.1190 32.2810 33.4420 36.3060 37.4670 40.3310 41.4920
25.8280 24.6670 23.5050 22.3430 21.1820 20.0200 19.3410 18.1790 17.0170 16.9880 16.9590 18.1210 19.2830 19.7650 19.7360 19.7070 19.6780 19.6480 19.6190 19.5900 19.5610 19.5320 19.5030 19.4740 19.4450 19.4160 19.3870 19.3580 19.3290 19.3000 19.2710 19.2420 18.5860 17.4240 16.2620 17.4240 18.5860 19.5260 17.7140 16.5120 13.6080 12.4060 9.50200 7.12600 4.22200 1.31800 1.28900 4.15300 5.31400 8.17800 9.33900 12.2030 13.3640 16.2280 17.3890 20.2520 21.4140 24.3180 27.2220 29.4760 32.3800 35.1850 36.3460 37.5080 40.3710 41.5330 44.3960
22.9240 21.7630 20.6010 19.4390 18.2780 17.1160 16.4370 15.2750 14.1130 14.0840 14.0550 15.2170 16.3790 16.8610 16.8320 16.8030 16.7740 16.7440 16.7150 16.6860 16.6570 16.6280 16.5990 16.5700 16.5410 16.5120 16.4830 16.4540 16.4250 16.3960 16.3670 16.3380 15.6820 14.5200 13.3580 14.5200 15.6820 16.6220 15.4610 13.6490 12.4470 9.54300 8.34000 5.43600 4.23400 1.33000 4.19300 5.35500 8.21800 9.38000 12.2430 13.4050 16.2680 17.4300 20.2930 21.4550 24.3180 25.4800 28.3840 31.2880 33.5410 36.4450 39.2500 40.4120 41.5740 44.4370 45.5990
21.7630 18.8590 17.6970 16.5350 15.3740 14.2120 13.5330 12.3710 11.2090 11.1800 11.1510 12.3130 13.4750 13.9570 13.9280 13.8990 13.8700 13.8400 13.8110 13.7820 13.7530 13.7240 13.6950 13.6660 13.6370 13.6080 13.5790 13.5500 13.5210 13.4920 13.4630 13.4340 12.7780 11.6160 10.4540 11.6160 12.7780 13.7180 12.5570 11.3950 9.58300 8.38100 5.47700 4.27500 1.37100 4.23400 5.39600 8.25900 9.42100 12.2840 13.4460 16.3090 17.4700 20.3340 21.4950 24.3590 25.5200 28.3840 29.5450 32.4490 35.3530 37.6070 40.5110 43.3160 44.4780 45.6390 48.5030
18.8990 17.6970 14.7930 13.6310 12.4700 11.3080 10.6290 9.46700 8.30500 8.27600 8.24700 9.40900 10.5710 11.0530 11.0240 10.9950 10.9660 10.9360 10.9070 10.8780 10.8490 10.8200 10.7910 10.7620 10.7330 10.7040 10.6750 10.6460 10.6170 10.5880 10.5590 10.5300 9.87400 8.71200 7.55000 8.71200 9.87400 11.4650 9.65300 8.49100 7.33000 5.51800 4.31500 1.41100 1.40000 4.30400 7.20800 9.46100 12.3250 13.4860 16.3500 17.5110 20.3740 21.5360 24.3990 25.5610 28.4240 29.5860 32.4490 33.6110 36.5150 39.4190 41.6720 44.5760 47.3820 48.5430 49.7050
17.7380 14.8340 13.6310 10.7270 9.56600 8.40400 8.37500 6.56300 5.40100 5.37200 5.34300 6.50500 8.17800 8.14900 8.12000 8.09100 8.06200 8.03200 8.00300 7.97400 7.94500 7.91600 7.88700 7.85800 7.82900 7.80000 7.77100 7.74200 7.71300 7.68400 7.65500 7.62600 7.59700 5.80800 4.64600 5.80800 8.67100 8.56100 7.39900 5.58700 4.42600 4.35600 1.45200 1.44000 4.30400 5.46500 8.36900 11.2730 13.5270 16.3900 17.5520 20.4150 21.5770 24.4400 25.6020 28.4650 29.6270 32.4900 33.6520 36.5150 37.6760 40.5800 43.4840 45.7380 48.6420 51.0930 52.2550
16.5760 13.6720 10.7680 9.56600 6.66200 5.50000 5.47100 5.40100 2.49700 2.46800 2.43900 5.30300 5.27400 5.24500 5.21600 5.18700 5.15800 5.12800 5.09900 5.07000 5.04100 5.01200 4.98300 4.95400 4.92500 4.89600 4.86700 4.83800 4.80900 4.78000 4.75100 4.72200 4.69300 4.64600 1.74200 4.60600 5.76700 5.65700 4.49500 4.42600 1.52200 1.49300 1.48100 4.34400 5.50600 8.36900 9.53100 12.4350 15.3390 17.5920 20.4560 21.6170 24.4810 25.6420 28.5060 29.6670 32.5310 33.6920 36.5560 37.7170 40.5800 41.7420 44.6460 47.5500 48.1600 48.1890 49.3510
13.7530 12.5100 9.60600 6.70200 5.50000 2.59600 2.56700 2.53800 2.50900 5.37200 5.30300 2.39900 2.37000 2.34100 2.31200 2.28300 2.25400 2.22400 2.19500 2.16600 2.13700 2.10800 2.07900 2.05000 2.02100 1.99200 1.96300 1.93400 1.90500 1.87600 1.84700 1.81800 1.78900 1.76000 1.73100 1.70200 4.56500 4.49500 1.59100 1.56200 4.42600 4.39700 4.38500 5.54700 8.41000 9.57200 12.4350 13.5970 16.5010 19.4050 21.6580 24.5210 25.6830 28.5460 29.7080 32.5710 33.7330 36.5960 37.7580 40.6210 41.7830 44.6460 45.1980 45.2270 45.2560 45.2850 46.4470
10.8490 9.68800 8.44500 5.54100 2.63700 2.60800 5.47100 5.44200 5.41300 6.57500 6.46400 5.30300 5.27400 5.24500 5.21600 5.18700 5.15800 5.12800 5.09900 5.07000 5.04100 5.01200 4.98300 4.95400 4.92500 4.89600 4.86700 4.83800 4.80900 4.78000 4.75100 4.72200 4.69300 4.66400 4.63500 4.56500 1.66100 1.63200 4.49500 4.46600 5.62800 7.30100 7.28900 8.45100 9.61200 12.4760 13.6370 16.5010 17.6620 20.5660 23.4700 25.7240 28.5870 29.7490 32.6120 33.7740 36.6370 37.7980 40.6620 41.8230 42.2360 42.2650 42.2940 42.3230 42.3520 42.3810 43.5430
8.59600 6.78400 5.62200 5.55200 2.64800 2.63700 2.64800 5.55200 6.75500 9.47900 9.36800 8.20700 8.17800 8.14900 8.12000 8.09100 8.06200 8.03200 8.00300 7.97400 7.94500 7.91600 7.88700 7.85800 7.82900 7.80000 7.77100 7.74200 7.71300 7.68400 7.65500 7.62600 7.59700 7.56800 7.53900 5.72700 4.56500 4.53600 5.69800 7.37000 8.53200 9.69400 10.1930 11.3550 12.5160 13.6780 16.5410 17.7030 20.5660 21.7280 24.6320 27.5360 29.7890 32.6530 33.8140 36.6780 37.8390 39.2450 39.2740 39.3030 39.3320 39.3610 39.3900 39.4190 39.4480 39.4770 40.6390
5.69200 5.62200 2.71800 2.68900 5.55200 5.54100 5.55200 2.68900 5.59300 8.49700 10.8900 11.1110 11.0820 11.0530 11.0240 10.9950 10.9660 10.9360 10.9070 10.8780 10.8490 10.8200 10.7910 10.7620 10.7330 10.7040 10.6750 10.6460 10.6170 10.5880 10.5590 10.5300 10.5010 10.4720 9.79200 8.63100 7.46900 7.44000 8.60200 9.76300 11.4360 12.5980 13.0970 14.2590 15.4200 16.5820 17.7430 20.6070 21.7680 24.6320 25.7930 28.6970 31.6010 33.8550 36.7180 36.2830 36.3120 36.3410 36.3700 36.3990 36.4280 36.4570 36.4860 36.5150 36.5440 36.5730 37.7350
2.78800 2.75900 2.73000 5.59300 6.75500 8.44500 5.62200 2.71800 5.62200 6.82400 9.72800 10.9310 12.8240 11.6620 11.6920 11.7210 11.7500 11.7790 11.8080 11.3660 10.2050 9.04300 9.05500 9.08400 9.11300 9.14200 9.17100 10.3320 11.4940 12.1740 13.3350 13.4340 13.4050 13.3760 12.6960 11.5350 10.3730 10.3440 11.5060 12.6670 13.8290 15.5020 16.0010 17.1630 18.3240 19.4860 20.6470 21.8090 24.6720 25.8340 28.6970 29.8590 32.7630 35.6670 34.5400 33.3790 33.4080 33.4370 33.4660 33.4950 33.5240 33.5530 33.5820 33.6110 33.6400 33.6690 34.8310
2.79900 5.66300 5.63400 6.79500 9.65900 8.55500 5.65100 2.74700 2.75900 5.66300 6.86500 9.76900 9.92000 8.75800 8.78800 8.81700 8.84600 8.87500 8.90400 8.93300 7.30100 6.13900 6.15100 6.18000 6.20900 6.23800 6.26700 7.42800 9.24100 9.27000 10.4310 11.5930 12.2720 13.4340 14.5960 14.4390 13.2770 13.2480 14.4100 15.5710 16.7330 17.8940 18.9050 20.0670 21.2280 22.3900 23.5510 24.7130 25.8750 28.7380 29.9000 32.7630 33.2800 32.7980 31.6360 30.4750 30.5040 30.5330 30.5620 30.5910 30.6200 30.6490 30.6780 30.7070 30.7360 30.7650 31.9270
5.70300 6.86500 8.53800 9.69900 10.8610 9.71700 6.81300 5.65100 2.78800 2.79900 5.70300 6.90600 7.01600 5.85400 5.88400 5.91300 5.94200 5.97100 6.00000 6.02900 6.13900 3.23500 3.24700 3.27600 3.30500 3.33400 3.36300 6.26700 6.33700 6.36600 7.52700 9.33900 9.36800 10.5300 11.6920 14.5960 15.3160 15.3450 16.5060 17.6680 18.8300 19.9910 21.8030 22.9650 24.1260 25.2940 26.4550 27.6170 28.7790 29.9400 30.3180 30.3470 30.3760 29.8940 28.7320 27.5710 27.6000 27.6290 27.6580 27.6870 27.7160 27.7450 27.7740 27.8030 27.8320 27.8610 29.0230
6.90600 9.76900 10.9310 12.6030 13.7650 10.8780 9.71700 6.85300 5.69200 2.82800 2.84000 5.74400 5.81400 2.95000 2.98000 3.00900 3.03800 3.06700 3.09600 3.12500 6.02900 3.20600 6.11000 6.18000 6.20900 6.23800 6.26700 3.40300 3.43300 3.46200 6.36600 6.43500 6.46400 7.62600 10.5300 11.7320 12.4120 12.4410 13.6020 14.7640 15.9260 17.7380 18.8990 20.0610 22.9650 24.1670 25.5380 26.6990 27.3560 27.3850 27.4140 27.4430 27.4720 26.9900 25.8280 24.6670 24.6960 24.7250 24.7540 24.7830 24.8120 24.8410 24.8700 24.8990 24.9280 24.9570 26.1190
