AppendixA/HikerMovements/data/ascii_files_abm_Orsi/dist_fronza_1000.asc
ncols 271
nrows 294
xllcorner 698225
yllcorner 5141858
cellsize 30.00
nodata_value  226.052
[rows 29 to 57 of 294, columns 67 to 133 of 271]
45.3550 46.5160 47.6780 48.8390 50.0010 52.9050 55.8090 58.7130 60.6010 61.7620 62.9240 64.0850 65.2470 66.4090 67.5700 68.7320 69.8930 72.5880 73.7500 74.9120 76.0730 77.2350 78.3960 79.5580 80.7200 81.8810 84.7850 87.6890 89.9430 92.8470 95.7510 98.6550 101.559 102.656 99.7520 96.8480 93.9440 91.0400 88.1360 85.2320 82.3280 79.4240 76.5200 73.6160 70.7120 67.8080 64.9040 62.0000 59.0960 56.1920 53.2880 50.3840 47.4800 44.5760 41.6720 38.7680 35.8640 32.9600 30.7070 27.8030 24.8990 23.7370 20.8740 19.7120 16.8490 14.5960 11.6920
42.4510 43.6120 44.7740 45.9350 48.8390 51.7430 54.6470 56.5350 57.6970 58.8580 60.0200 61.1810 62.3430 63.5050 64.6660 65.8280 68.5230 69.6840 70.8460 72.0080 73.1690 74.3310 75.4920 76.6540 77.8160 80.7200 83.6240 85.8770 88.7810 91.6850 94.5890 97.4930 100.397 101.495 98.5910 95.6870 92.7830 89.8790 86.9750 84.0710 81.1670 78.2630 75.3590 72.4550 69.5510 66.6470 63.7430 60.8390 57.9350 55.0310 52.1270 49.2230 46.3190 43.4150 40.5110 37.6070 34.7030 31.7990 28.8950 26.6410 23.7370 20.8330 19.6720 16.8080 15.6470 12.7830 10.5300
39.5470 40.7080 41.8700 44.7740 47.6780 50.5820 52.4690 53.6310 54.7930 55.9540 57.1160 58.2770 59.4390 60.6010 61.7620 64.4570 65.6190 66.7800 67.9420 69.1040 70.2650 71.4270 72.5880 73.7500 76.6540 79.5580 81.8110 84.7150 87.6190 90.5230 93.4270 96.3310 99.2350 100.333 97.4290 94.5250 91.6210 88.7170 85.8130 82.9090 80.0050 77.1010 74.1970 71.2930 68.3890 65.4850 62.5810 59.6770 56.7730 53.8690 50.9650 48.0610 45.1570 42.2530 39.3490 36.4450 33.5410 30.6370 27.7330 24.8290 22.5760 19.6720 16.7680 15.6060 12.7430 11.5810 8.71800
36.6430 37.8040 40.7080 43.6120 46.5160 48.4040 49.5650 50.7270 51.8890 53.0500 54.2120 55.3730 56.5350 57.6970 60.3920 61.5530 62.7150 63.8760 65.0380 66.2000 67.3610 68.5230 69.6840 72.5880 75.4920 77.7460 80.6500 83.5540 86.4580 89.3620 92.2660 95.1700 98.0740 99.1720 96.2680 93.3640 90.4600 87.5560 84.6520 81.7480 78.8440 75.9400 73.0360 70.1320 67.2280 64.3240 61.4200 58.5160 55.6120 52.7080 49.8040 46.9000 43.9960 41.0920 38.1880 35.2840 32.3800 29.4760 26.5720 23.6680 20.7640 18.5100 15.6060 12.7020 11.5400 8.67700 7.51600
33.7390 36.6430 39.5470 42.4510 44.3380 45.5000 46.6610 47.8230 48.9850 50.1460 51.3080 52.4690 53.6310 56.3260 57.4880 58.6490 59.8110 60.9720 62.1340 63.2960 64.4570 65.6190 68.5230 71.4270 73.6800 76.5840 79.4880 82.3920 85.2960 88.2000 91.1040 94.0080 96.9120 98.0100 95.1060 92.2020 89.2980 86.3940 83.4900 80.5860 77.6820 74.7780 71.8740 68.9700 66.0660 63.1620 60.2580 57.3540 54.4500 51.5460 48.6420 45.7380 42.8340 39.9300 37.0260 34.1220 31.2180 28.3140 25.4100 22.5060 19.6020 16.6980 14.4440 11.5400 8.63600 7.47500 4.61200
32.5770 35.4810 38.3850 40.2730 41.4340 42.5960 43.7570 44.9190 46.0810 47.2420 48.4040 49.5650 52.2600 53.4220 54.5840 55.7450 56.9070 58.0680 59.2300 60.3920 61.5530 64.4570 67.3610 69.6150 72.5190 75.4230 78.3270 81.2310 84.1350 87.0390 89.9430 92.8470 95.7510 96.8480 93.9440 91.0400 88.1360 85.2320 82.3280 79.4240 76.5200 73.6160 70.7120 67.8080 64.9040 62.0000 59.0960 56.1920 53.2880 50.3840 47.4800 44.5760 41.6720 38.7680 35.8640 32.9600 30.0560 27.1520 24.2480 21.3440 18.4400 15.5360 12.6320 10.3790 7.47500 4.57100 4.58300
31.4150 34.3190 36.2070 37.3690 38.5300 39.6920 40.8530 42.0150 43.1770 44.3380 45.5000 48.1950 49.3560 50.5180 51.6800 52.8410 54.0030 55.1640 56.3260 57.4880 60.3920 63.2960 65.5490 68.4530 71.3570 74.2610 77.1650 80.0690 82.9730 85.8770 88.7810 91.6850 94.5890 95.6870 92.7830 89.8790 86.9750 84.0710 81.1670 78.2630 75.3590 72.4550 69.5510 66.6470 63.7430 60.8390 57.9350 55.0310 52.1270 49.2230 46.3190 43.4150 40.5110 37.6070 34.7030 31.7990 28.8950 25.9910 23.0870 20.1830 17.2790 14.3750 11.4710 8.56700 7.40500 4.54200 7.44600
30.2540 32.1410 33.3030 34.4650 35.6260 36.7880 37.9490 39.1110 40.2730 41.4340 44.1290 45.2910 46.4520 47.6140 48.7760 49.9370 51.0990 52.2600 53.4220 56.3260 59.2300 61.4830 64.3870 67.2910 70.1950 73.0990 76.0030 78.9070 81.8110 84.7150 87.6190 90.5230 93.4270 94.5250 91.6210 88.7170 85.8130 82.9090 80.0050 77.1010 74.1970 71.2930 68.3890 65.4850 62.5810 59.6770 56.7730 53.8690 50.9650 48.0610 45.1570 42.2530 39.3490 36.4450 33.5410 30.6370 27.7330 24.8290 21.9250 19.0210 16.1170 13.2130 10.3090 7.40500 4.50100 4.51300 7.41700
28.0760 29.2370 30.3990 31.5610 32.7220 33.8840 35.0450 36.2070 37.3690 40.0640 41.2250 42.3870 43.5480 44.7100 45.8720 47.0330 48.1950 49.3560 52.2600 55.1640 57.4180 60.3220 63.2260 66.1300 69.0340 71.9380 74.8420 77.7460 80.6500 83.5540 86.4580 89.3620 92.2660 93.6770 90.7730 87.8690 84.9650 82.0610 79.1570 76.2530 73.3490 70.4450 67.5410 64.6370 61.7330 58.8290 55.9250 53.0210 50.1170 47.2130 44.3090 41.4050 38.5010 35.5970 32.6930 30.6080 27.7040 24.8000 21.8960 18.9920 16.0880 13.1840 10.2800 7.37600 4.47200 7.37600 8.57800
25.1720 26.3330 27.4950 28.6570 29.8180 30.9800 32.1410 33.3030 35.9980 37.1600 38.3210 39.4830 40.6440 41.8060 42.9680 44.1290 45.2910 48.1950 51.0990 53.3520 56.2560 59.1600 62.0640 64.9680 67.8720 70.7760 73.6800 76.5840 79.4880 82.3920 85.2960 88.2000 91.1040 92.5160 89.6120 86.7080 83.8040 80.9000 77.9960 75.0920 72.1880 69.2840 66.3800 63.4760 60.5720 57.6680 54.7640 51.8600 48.9560 46.0520 43.1480 40.2440 37.3400 34.4360 31.5320 28.6280 27.4660 24.6030 21.8670 18.9630 16.0590 13.1550 10.2510 7.34700 4.44300 7.34700 10.2510
22.2680 23.4290 24.5910 25.7530 26.9140 28.0760 29.2370 31.9320 33.0940 34.2560 35.4170 36.5790 37.7400 38.9020 40.0640 41.2250 44.1290 47.0330 49.2870 52.1910 55.0950 57.9990 60.9030 63.8070 66.7110 69.6150 72.5190 75.4230 78.3270 81.2310 84.1350 87.0390 89.9430 91.3540 88.4500 85.5460 82.6420 79.7380 76.8340 73.9300 71.0260 68.1220 65.2180 62.3140 59.4100 56.5060 53.6020 50.6980 47.7940 44.8900 41.9860 39.0820 36.1780 33.2740 30.3700 27.4660 24.5620 23.4000 20.5370 18.9340 16.0300 13.1260 10.2220 7.31800 4.41400 7.31800 10.2220
19.3640 20.5250 21.6870 22.8490 24.0100 25.1720 27.8670 29.0280 30.1900 31.3520 32.5130 33.6750 34.8360 35.9980 37.1600 40.0640 42.9680 45.2210 48.1250 51.0290 53.9330 56.8370 59.7410 62.6450 65.5490 68.4530 71.3570 74.2610 77.1650 80.0690 82.9730 85.8770 88.7810 90.1920 87.2880 84.3840 81.4800 78.5760 75.6720 72.7680 69.8640 66.9600 64.0560 61.1520 58.2480 55.3440 52.4400 49.5360 46.6320 43.7280 40.8240 37.9200 35.0160 32.1120 29.2080 26.3040 23.4000 20.4960 19.3350 16.4710 15.3100 12.4470 10.1930 7.28900 4.38500 7.28900 10.1930
16.4600 17.6210 18.7830 19.9450 21.1060 24.0100 24.9630 26.1240 27.2860 28.4480 29.6090 30.7710 31.9320 33.0940 35.9980 38.9020 41.1550 44.0590 46.9630 49.8670 52.7710 55.6750 58.5790 61.4830 64.3870 67.2910 70.1950 73.0990 76.0030 78.9070 81.8110 84.7150 87.6190 89.0310 86.1270 83.2230 80.3190 77.4150 74.5110 71.6070 68.7030 65.7990 62.8950 59.9910 57.0870 54.1830 51.2790 48.3750 45.4710 42.5670 39.6630 36.7590 33.8550 30.9510 28.0470 25.1430 22.2390 19.3350 16.4310 15.2690 12.4060 11.2440 8.38100 7.21900 4.35600 7.26000 10.1640
13.5560 14.7170 15.8790 17.0410 19.9450 22.0700 22.0590 23.2200 24.3820 25.5440 26.7050 27.8670 29.0280 31.9320 34.8360 37.0900 39.9940 42.8980 45.8020 48.7060 51.6100 54.5140 57.4180 60.3220 63.2260 66.1300 69.0340 71.9380 74.8420 77.7460 80.6500 83.5540 86.4580 87.8690 84.9650 82.0610 79.1570 76.2530 73.3490 70.4450 67.5410 64.6370 61.7330 58.8290 55.9250 53.0210 50.1170 47.2130 44.3090 41.4050 38.5010 35.5970 32.6930 29.7890 26.8850 23.9810 21.0770 18.1730 15.2690 12.3650 11.2040 8.34000 7.17900 4.31500 4.32700 7.23100 10.1350
10.6520 11.8130 12.9750 15.8790 18.7830 19.1660 19.1550 20.3160 21.4780 22.6400 23.8010 24.9630 27.8670 30.7710 33.0240 35.9280 38.8320 41.7360 44.6400 47.5440 50.4480 53.3520 56.2560 59.1600 62.0640 64.9680 67.8720 70.7760 73.6800 76.5840 79.4880 82.3920 85.2960 86.7080 83.8040 80.9000 77.9960 75.0920 72.1880 69.2840 66.3800 63.4760 60.5720 57.6680 54.7640 51.8600 48.9560 46.0520 43.1480 40.2440 37.3400 34.4360 31.5320 28.6280 25.7240 22.8200 19.9160 17.0120 14.1080 11.2040 8.30000 7.13800 4.27500 4.28600 7.19000 8.39300 11.2970
7.74800 8.90900 11.8130 14.7170 16.2910 16.2620 16.2510 17.4120 18.5740 19.7360 20.8970 23.8010 26.7050 28.9590 31.8630 34.7670 37.6710 40.5750 43.4790 46.3830 49.2870 52.1910 55.0950 57.9990 60.9030 63.8070 66.7110 69.6150 72.5190 75.4230 78.3270 81.2310 84.1350 85.5460 82.6420 79.7380 76.8340 73.9300 71.0260 68.1220 65.2180 62.3140 59.4100 56.5060 53.6020 50.6980 47.7940 44.8900 41.9860 39.0820 36.1780 33.2740 30.3700 27.4660 24.5620 21.6580 18.7540 15.8500 12.9460 10.0420 7.13800 4.23400 4.24600 7.15000 8.35200 11.2560 12.4580
4.84400 7.74800 10.6520 12.9050 13.3870 13.3580 13.3470 14.5080 15.6700 16.8320 19.7360 22.6400 24.8930 27.7970 30.7010 33.6050 36.5090 39.4130 42.3170 45.2210 48.1250 51.0290 53.9330 56.8370 59.7410 62.6450 65.5490 68.4530 71.3570 74.2610 77.1650 80.0690 82.9730 85.5170 82.6130 79.7090 76.8050 73.9010 70.9970 68.0930 65.1890 62.2850 59.3810 56.4770 53.5730 50.6690 47.7650 44.8610 41.9570 39.0530 36.1490 33.2450 30.3410 27.4370 24.5330 21.6290 18.7250 15.8210 12.9170 10.0130 7.10900 4.20500 7.10900 8.31100 11.2150 12.4180 15.3220
4.81500 7.67800 8.84000 10.5120 10.4830 10.4540 10.4430 11.6040 12.7660 15.6700 18.5740 20.8270 23.7310 26.6350 29.5390 32.4430 35.3470 38.2510 41.1550 44.0590 46.9630 49.8670 52.7710 55.6750 58.5790 61.4830 64.3870 67.2910 70.1950 73.0990 76.0030 78.9070 81.8110 84.7150 82.5840 79.6800 76.7760 73.8720 70.9680 68.0640 65.1600 62.2560 59.3520 56.4480 53.5440 50.6400 47.7360 44.8320 41.9280 39.0240 36.1200 33.2160 30.3120 27.4080 24.5040 21.6000 18.6960 15.7920 12.8880 9.98400 7.08000 4.17600 7.08000 9.98400 12.3770 15.2810 16.4830
4.80300 4.77400 7.63800 7.60800 7.57900 7.55000 7.53900 8.70000 11.6040 14.5080 16.7620 19.6660 22.5700 25.4740 28.3780 31.2820 34.1860 37.0900 39.9940 42.8980 45.8020 48.7060 51.6100 54.5140 57.4180 60.3220 63.2260 66.1300 69.0340 71.9380 74.8420 77.7460 80.6500 83.5540 82.4500 79.6510 76.7470 73.8430 70.9390 68.0350 65.1310 62.2270 59.3230 56.4190 53.5150 50.6110 47.7070 44.8030 41.8990 38.9950 36.0910 33.1870 30.2830 27.3790 24.4750 21.5710 18.6670 15.7630 12.8590 9.95500 7.05100 4.14700 7.05100 9.95500 12.8590 15.7630 18.6670
7.66700 4.76300 4.73400 4.70400 4.67500 4.64600 4.63500 7.53900 10.4430 12.6960 15.6000 18.5040 21.4080 24.3120 27.2160 30.1200 33.0240 35.9280 38.8320 41.7360 44.6400 47.5440 50.4480 53.3520 56.2560 59.1600 62.0640 64.9680 67.8720 70.7760 73.6800 76.5840 79.4880 80.7080 79.5460 79.5170 76.7180 73.8140 70.9100 68.0060 65.1020 62.1980 59.2940 56.3900 53.4860 50.5820 47.6780 44.7740 41.8700 38.9660 36.0620 33.1580 30.2540 27.3500 24.4460 21.5420 18.6380 15.7340 12.8300 9.92600 7.02200 4.11800 7.02200 9.92600 12.8300 15.7340 18.6380
8.82800 7.66700 7.63800 7.60800 7.57900 7.51000 4.60600 7.46900 8.63100 11.5350 14.4390 17.3430 20.2470 23.1510 26.0550 28.9590 31.8630 34.7670 37.6710 40.5750 43.4790 46.3830 49.2870 52.1910 55.0950 57.9990 60.9030 63.8070 66.7110 69.6150 72.5190 75.4230 78.3270 77.8040 76.6420 76.6130 76.5840 73.7850 70.8810 67.9770 65.0730 62.1690 59.2650 56.3610 53.4570 50.5530 47.6490 44.7450 41.8410 38.9370 36.0330 33.1290 30.2250 27.3210 24.4170 21.5130 18.6090 15.7050 12.8010 9.89700 6.99300 4.08900 6.99300 9.89700 12.1500 15.0140 16.1750
11.7320 10.5710 10.5420 10.5120 10.3850 7.48100 4.57700 4.56500 7.46900 10.3730 13.2770 16.1810 19.0850 21.9890 24.8930 27.7970 30.7010 33.6050 36.5090 39.4130 42.3170 45.2210 48.1250 51.0290 53.9330 56.8370 59.7410 62.6450 65.5490 68.4530 71.3570 74.2610 76.0620 74.9000 73.7380 73.7090 73.6800 73.6510 70.8520 67.9480 65.0440 62.1400 59.2360 56.3320 53.4280 50.5240 47.6200 44.7160 41.8120 38.9080 36.0040 33.1000 30.1960 27.2920 24.3880 21.4840 18.5800 15.6760 12.7720 9.86800 6.96400 4.06000 6.92300 8.08500 10.9480 12.1100 15.0140
14.6360 13.4750 13.4460 13.4160 11.5460 8.64200 7.44000 4.53600 7.44000 10.3440 13.2480 16.1520 19.0560 21.9600 24.8640 27.7680 30.6720 33.5760 36.4800 39.3840 42.2880 45.1920 48.0960 51.0000 53.9040 56.8080 59.7120 62.6160 65.5200 68.4240 71.3280 74.2320 73.1580 71.9960 70.8340 70.8050 70.7760 70.7470 70.0910 67.9190 65.0150 62.1110 59.2070 56.3030 53.3990 50.4950 47.5910 44.6870 41.7830 38.8790 35.9750 33.0710 30.1670 27.2630 24.3590 21.4550 18.5510 15.6470 12.7430 9.83900 6.93500 4.03100 4.01900 6.88200 8.04400 10.9480 13.8520
13.0800 13.0510 13.0390 14.2010 11.4360 8.53200 7.37000 4.50700 7.41100 10.3150 13.2190 16.1230 19.0270 21.9310 24.8350 27.7390 30.6430 33.5470 36.4510 39.3550 42.2590 45.1630 48.0670 50.9710 53.8750 56.7790 59.6830 62.5870 65.4910 68.3950 71.2990 71.4150 70.2540 69.0920 67.9300 67.9010 67.8720 67.8430 67.1870 66.0250 64.8640 63.2720 60.3680 57.4640 54.5600 51.6560 48.7520 45.8480 42.9440 40.0400 37.1360 34.2320 31.3280 28.4240 25.5200 22.6160 19.7120 16.8080 13.9040 11.0000 8.09600 6.89400 3.99000 3.97800 6.88200 9.78600 12.6900
10.1760 10.1470 10.1350 11.2970 10.2740 7.37000 4.46600 4.47800 7.38200 10.2860 13.1900 16.0940 18.9980 21.9020 24.8060 27.7100 30.6140 33.5180 36.4220 39.3260 42.2300 45.1340 48.0380 50.9420 53.8460 56.7500 59.6540 62.5580 65.4620 68.3660 69.6730 68.5110 67.3500 66.1880 65.0260 64.9970 64.9680 64.9390 64.2830 63.1210 61.9600 61.9310 61.5300 58.6260 55.7220 52.8180 49.9140 47.0100 44.1060 41.2020 38.2980 35.3940 32.4900 29.5860 26.6820 23.7780 20.8740 17.9700 15.0660 12.1620 10.9600 8.05600 6.85300 3.94900 6.85300 9.75700 12.6610
7.27200 7.24300 7.23100 8.39300 8.46200 7.30100 4.43700 7.34100 8.54400 11.4480 14.3520 17.2560 20.1600 23.0640 25.9680 28.8720 31.7760 34.6800 37.5840 40.4880 43.3920 46.2960 49.2000 52.1040 55.0080 57.9120 60.8160 63.7200 66.6240 67.9300 66.7690 65.6070 64.4460 63.2840 62.1220 62.0930 62.0640 62.0350 61.3790 60.2170 59.0560 59.0270 60.1880 59.7880 56.8840 53.9800 51.0760 48.1720 45.2680 42.3640 39.4600 36.5560 33.6520 30.7480 27.8440 24.9400 22.0360 19.1320 16.2280 13.7530 10.8490 7.94500 6.78400 3.92000 6.82400 9.72800 12.6320
4.36800 4.33900 4.32700 7.23100 7.26000 4.39700 7.30100 8.50300 11.4070 12.6090 15.5130 18.4170 21.3210 24.2250 27.1290 30.0330 32.9370 35.8410 38.7450 41.6490 44.5530 47.4570 50.3610 53.2650 56.1690 59.0730 61.9770 64.8810 66.1880 65.0260 63.8650 62.7030 61.5420 60.3800 59.2180 59.1890 59.1600 59.1310 58.4750 57.3130 56.1520 56.1230 57.2840 58.4460 56.1520 53.2480 50.3440 47.4400 44.5360 41.6320 38.7280 35.8240 32.9200 30.0160 27.1120 24.2080 21.3040 18.4000 15.4960 12.5920 9.68800 6.78400 3.88000 3.89100 6.79500 9.69900 12.6030
7.13200 7.16100 4.29800 4.32700 4.35600 4.38500 7.28900 10.1930 12.5690 15.4730 16.6750 19.5790 22.4830 25.3870 28.2910 31.1950 34.0990 37.0030 39.9070 42.8110 45.7150 48.6190 51.5230 54.4270 57.3310 60.2350 63.1390 64.4460 63.2840 62.1220 60.9610 59.7990 58.6380 57.4760 56.3140 56.2850 56.2560 56.2270 55.5710 54.4090 53.2480 53.2190 54.3800 55.5420 55.4720 52.5680 49.6640 46.7600 43.8560 40.9520 38.0480 35.1440 32.2400 29.3360 26.4320 23.5280 20.6240 17.7200 14.8160 11.9120 9.65900 6.75500 3.85100 6.75500 7.95700 10.8610 13.7650
4.22800 4.25700 4.28600 4.31500 4.34400 7.24800 8.45100 11.3550 14.2590 16.6340 19.5380 20.7400 23.6440 26.5480 29.4520 32.3560 35.2600 38.1640 41.0680 43.9720 46.8760 49.7800 52.6840 55.5880 58.4920 61.3960 62.7030 61.5420 60.3800 59.2180 58.0570 56.8950 55.7340 54.5720 53.4100 53.3810 53.3520 53.3230 52.6670 51.5050 50.3440 50.3150 51.4760 52.6380 53.1200 51.4070 48.5030 45.5990 42.6950 39.7910 36.8870 33.9830 31.0790 28.1750 25.2710 22.3670 19.4630 16.5590 13.6550 10.7510 7.84700 6.68500 3.82200 6.72600 9.63000 12.0230 14.9270
