AppendixA/HikerMovements/data/ascii_files_abm_Orsi/dist_rodadevael_1000.asc
ncols 271
nrows 294
xllcorner 698225
yllcorner 5141858
cellsize 30.00
nodata_value  222.480
[rows 174 to 202 of 294, columns 201 to 267 of 271]
8.81700 9.97800 11.1400 12.9520 14.1130 15.2750 18.1790 19.3810 22.2850 19.8580 18.6960 15.8330 14.6710 13.5090 11.8370 10.6750 9.51400 9.54300 9.57200 9.60100 9.63000 9.65900 7.98600 6.82400 6.85300 6.88200 4.01900 4.04800 6.95200 7.02200 7.05100 7.08000 4.21700 7.12100 10.0250 12.9290 15.8330 18.7370 21.6410 24.5450 27.4490 30.3530 33.2570 36.1610 39.0650 40.0980 40.1270 39.6450 38.4840 37.3220 36.2830 33.3790 30.4750 27.5710 24.6670 21.7630 18.8590 15.9550 13.0510 10.1470 8.98500 6.12200 6.13300 9.03700 9.10700 10.2690 12.0810
11.0700 12.8820 14.0440 15.2050 17.0170 18.1790 19.3410 22.2450 23.4470 22.7620 19.8980 18.7370 17.5750 15.9020 14.7410 13.5790 12.4180 12.4470 12.4760 12.5050 12.5340 12.0520 10.8900 9.72800 9.75700 8.08500 6.92300 6.95200 8.11400 9.92600 7.16100 4.25700 7.12100 8.28200 11.1860 14.0900 16.9940 19.8980 22.8020 25.7060 28.6100 31.5140 34.4180 37.3220 38.3560 37.1940 37.2230 36.7410 35.5800 34.4180 34.4470 34.4760 31.6360 28.7320 25.8280 22.9240 20.0200 17.1160 14.2120 13.0510 10.1870 9.02600 9.03700 6.17400 6.20300 9.10700 9.17700
13.9740 15.1360 16.9480 18.1090 19.2710 21.0830 22.2450 23.4060 26.3100 23.9640 22.8020 21.6410 19.9680 18.8060 17.6450 16.4830 15.3220 15.3510 15.3800 15.4090 15.4380 14.9560 13.7940 12.6320 12.1500 10.9890 9.82700 9.85600 11.0180 10.0940 7.19000 4.28600 7.19000 10.0940 12.3480 15.2520 18.1560 21.0600 23.9640 26.8680 29.7720 32.6760 35.5800 36.6140 35.4520 34.2900 34.3190 33.8370 32.6760 31.5140 31.5430 31.5720 32.7340 29.8940 26.9900 24.0860 21.1820 18.2780 17.1160 14.2530 13.0910 11.9300 10.2400 9.07800 9.10700 6.24400 6.27300
16.8780 18.0400 19.2010 21.0130 22.1750 23.3370 25.1490 26.3100 27.4720 26.8680 25.7060 24.0340 22.8720 21.7100 20.5490 19.3870 18.2260 18.2550 18.2840 18.3130 18.3420 17.8600 16.6980 15.5360 15.0540 13.8930 12.7310 12.7600 11.3260 8.42200 7.21900 4.31500 7.21900 10.1230 13.0270 15.9310 18.8350 21.7390 24.6430 27.5470 30.4510 33.3550 34.8710 33.7100 32.5480 31.3860 31.4150 30.9330 29.7720 28.6100 28.6390 28.6680 29.8300 30.9910 28.1510 25.2470 22.3430 21.1820 18.3180 17.1570 15.9950 14.3050 13.1440 11.9820 10.3090 9.14800 6.28400
19.1320 20.9440 22.1050 23.2670 25.0790 26.2410 27.4020 29.2140 30.3760 29.7720 28.0990 26.9380 25.7760 24.6140 23.4530 22.2910 21.1300 21.1590 21.1880 21.2170 21.2460 20.7640 19.6020 18.4400 17.9580 16.7970 15.6350 13.0680 10.1640 7.26000 4.35600 7.21900 8.38100 11.2850 14.1890 17.0930 19.9970 22.9010 25.8050 28.7090 31.6130 33.1290 31.9670 30.8060 29.6440 28.4820 28.5110 28.0290 26.8680 25.7060 25.7350 25.7640 26.9260 28.0870 29.2490 26.4090 25.2470 22.3840 21.2220 20.0610 18.3710 17.2090 16.0480 14.3750 13.2130 10.3500 9.18800
22.0360 23.1970 25.0090 26.1710 27.3320 29.1450 30.3060 31.4680 33.2800 32.1650 31.0030 29.8420 28.6800 27.5180 26.3570 25.1950 24.0340 24.0630 24.0920 24.1210 24.1500 23.6680 22.5060 21.3440 20.8620 18.9050 16.0010 13.0970 10.1930 7.28900 4.38500 7.28900 10.1930 12.4470 15.3510 18.2550 21.1590 24.0630 26.9670 29.8710 31.3860 30.2250 29.0630 27.9020 26.7400 25.5780 25.6070 25.1250 23.9640 22.8020 22.8310 22.8600 24.0220 25.1830 26.3450 27.5070 26.4500 25.2880 24.1260 22.4360 21.2750 20.1130 18.4400 17.2790 14.4150 13.2540 12.0920
24.9400 26.1010 27.2630 29.0750 30.2360 31.3980 33.2100 34.3720 35.5330 35.0690 33.9070 32.7460 31.5840 30.4220 29.2610 28.0990 26.9380 26.9670 26.9550 25.7930 24.6320 23.4700 22.3090 22.2790 21.8380 18.9340 16.0300 13.1260 10.2220 7.31800 4.41400 7.31800 10.2220 13.1260 16.0300 18.9340 21.8380 24.7420 27.6460 29.6440 28.4820 27.3210 26.1590 24.9980 23.8360 22.6740 22.7030 22.2210 21.0600 19.8980 19.9270 19.9560 21.1180 22.2790 23.4410 24.6030 25.7640 28.1920 26.5020 25.3400 24.1790 22.5060 21.3440 18.4810 17.3190 16.1580 14.9960
27.8440 29.0050 30.1670 31.3280 33.1400 34.3020 35.4640 37.2760 38.4370 37.9730 36.8110 35.6500 34.4880 33.3260 32.1650 31.0030 28.1170 25.2130 24.0510 22.8890 21.7280 20.5660 19.4050 19.3750 19.3460 18.9630 16.0590 13.1550 10.2510 7.34700 4.44300 7.34700 10.2510 13.1550 16.0590 18.9630 21.8670 24.7710 27.6750 27.2510 25.5780 24.4170 23.2550 22.0940 20.9320 19.7700 19.7990 19.3170 18.1560 16.9940 17.0230 17.0520 18.2140 19.3750 20.5370 21.6990 24.6030 25.8050 28.7090 28.2440 26.5720 25.4100 22.5470 21.3850 20.2230 19.0620 17.9000
30.7480 31.9090 33.0710 34.2320 35.3940 37.2060 38.3680 39.5290 41.3410 40.8770 39.7150 38.5540 37.3920 35.6670 32.7630 29.8590 26.9550 24.0510 21.1470 19.9850 18.8240 17.6620 16.5010 16.4710 16.4420 17.6040 16.0880 13.1840 10.2800 7.37600 4.47200 7.37600 10.2800 13.1840 16.0880 18.9920 21.8960 24.8000 25.5090 24.3470 23.1860 21.5130 20.3510 19.1900 18.0280 16.8660 16.8950 16.4130 15.2520 14.0900 14.1190 14.1480 15.3100 16.4710 17.6330 20.5370 21.7390 24.6430 25.8460 25.5960 24.4340 23.2730 23.2840 24.2890 23.1270 21.9660 20.8040
33.6520 34.8130 35.9750 37.1360 38.2980 39.4600 41.2720 42.4330 43.5950 43.7810 42.6190 40.3130 37.4090 34.5050 31.6010 28.6970 25.7930 22.8890 19.9850 17.0810 15.9200 14.7580 13.5970 13.5670 13.5380 14.7000 15.8620 13.2130 10.3090 7.40500 4.50100 7.40500 10.3090 13.2130 16.1170 19.0210 21.9250 24.7890 23.6270 21.4430 20.2820 19.1200 17.4470 16.2860 15.1240 13.9620 13.9910 13.5090 12.3480 11.1860 11.2150 11.2440 12.4060 13.5670 16.4710 17.6740 20.5780 21.7800 23.8530 22.6920 21.5300 20.3690 20.3800 21.5420 22.7030 23.8650 23.7080
35.2550 37.7170 38.8790 40.0400 41.2020 42.3640 43.5250 45.3370 46.4990 44.9600 42.0560 39.1520 36.2480 33.3440 30.4400 27.5360 24.6320 21.7280 18.8240 15.9200 13.0160 11.8540 10.6930 10.6630 10.6340 11.7960 12.9580 13.2420 10.3380 7.43400 4.53000 7.43400 10.3380 13.2420 16.1460 19.0500 21.9540 21.8850 20.7230 19.5610 17.3780 16.2160 15.0540 13.3820 12.2200 11.0580 11.0870 11.1170 9.44400 8.28200 8.31100 8.34000 9.50200 12.4060 13.6080 16.5120 17.7140 20.6180 20.9490 19.7880 18.6260 17.4650 17.4760 18.6380 19.7990 20.9610 22.1230
38.1590 39.3200 41.7830 42.9440 44.1060 45.2680 46.4290 47.5910 46.7020 43.7980 40.8940 37.9900 35.0860 32.1820 29.2780 26.3740 23.4700 20.5660 17.6620 14.7580 11.8540 8.95000 7.78900 7.75900 7.73000 8.89200 10.5650 10.5360 10.3670 7.46300 4.55900 7.46300 10.3670 13.2710 16.1750 19.0790 20.1420 18.9810 17.8190 16.6570 16.1750 13.3120 12.1500 10.9890 9.31600 8.15400 8.18300 8.21300 8.24200 5.37800 5.40700 5.43600 8.34000 9.54300 12.4470 13.6490 16.5530 17.7550 18.0450 16.8840 15.7220 14.5610 14.5720 15.7340 16.8950 18.0570 20.9610
41.0630 42.2240 43.3860 45.8480 47.0100 48.1720 49.3330 48.4450 45.5410 42.6370 39.7330 36.8290 33.9250 31.0210 28.1170 25.2130 22.3090 19.4050 16.5010 13.5970 10.6930 7.78900 4.88500 4.85500 4.82600 7.69000 7.66100 7.63200 7.60300 7.49200 4.58800 7.49200 10.3960 13.3000 16.2040 19.1080 17.2380 16.0770 14.9150 13.7530 13.2710 12.1100 9.24600 8.08500 8.11400 5.25000 5.27900 5.30900 5.33800 8.24200 8.31100 8.34000 5.47700 8.38100 9.58300 12.4870 13.6890 16.5930 16.8430 13.9800 12.8180 11.6570 11.6680 12.8300 13.9910 16.8950 19.7990
43.3160 45.1280 46.2900 47.4510 49.9140 51.0760 50.8490 47.9450 45.0410 42.1370 39.2330 36.3290 33.4250 30.5210 27.6170 24.7130 21.8090 18.9050 16.0010 13.0970 10.7040 7.80000 4.89600 7.71900 4.81500 4.78600 4.75700 4.72800 4.69900 7.52100 4.61700 7.52100 10.4250 13.3290 16.2330 16.5180 16.0360 13.1730 12.0110 10.8490 10.8780 9.20600 8.04400 5.18100 5.21000 8.11400 8.18300 8.21300 8.24200 9.40300 11.2150 9.54300 8.38100 5.51800 8.42200 9.62400 12.5280 13.7300 13.9390 12.7780 9.91400 8.75300 8.76400 9.92600 12.8300 15.7340 18.6380
46.1790 47.3820 49.1940 50.3550 51.5170 52.5910 49.6870 46.7830 43.8790 40.9750 38.0710 35.1670 32.2630 29.3590 26.4550 23.5510 20.6470 17.7430 14.8390 11.9350 9.03100 7.82900 4.92500 7.82900 7.71900 7.69000 7.66100 7.63200 7.56200 4.65800 4.64600 7.55000 10.4540 13.3580 14.7760 13.6140 13.1320 11.9700 9.10700 7.94500 7.97400 8.00300 5.14000 5.16900 8.07300 9.27500 11.0870 11.1170 11.1460 12.3070 13.4690 11.3550 8.45100 5.54700 5.55800 8.46200 9.66500 11.4770 12.6380 9.87400 8.71200 5.84900 5.86000 8.76400 11.6680 14.5720 17.4760
47.3410 50.2450 51.4470 53.2590 54.3340 51.4300 48.5260 45.6220 42.7180 39.8140 36.9100 34.0060 31.1020 28.1980 25.2940 22.3900 19.4860 16.5820 13.6780 10.7740 7.87000 4.96600 7.82900 8.99100 10.6230 10.5940 10.5650 10.5360 8.72400 7.56200 4.67500 7.57900 10.4830 13.0330 11.8720 10.7100 10.7390 9.06600 7.90500 5.04100 5.07000 5.09900 8.00300 8.07300 9.23500 12.1390 13.3410 14.0210 14.0500 15.2110 15.4200 12.5160 9.61200 8.45100 5.58700 5.59900 8.50300 8.57300 9.73400 8.71200 5.80800 5.82000 8.72400 9.92600 12.8300 15.7340 18.6380
50.2040 51.4070 54.3110 55.5130 54.3630 51.4590 48.5550 45.6510 42.7470 39.8430 36.9390 34.0350 31.1310 28.2270 25.3230 22.4190 19.5150 16.6110 13.7070 10.8030 7.89900 4.99500 7.89900 10.8030 13.0560 13.4980 13.4690 12.7890 10.5120 7.60800 4.70400 7.60800 10.5120 10.6400 8.96800 7.80600 7.83500 7.86400 5.00100 7.90500 7.97400 8.00300 9.16500 10.9770 12.1390 13.3000 16.2040 16.9250 16.9540 18.1150 16.5820 13.6780 12.5160 9.65300 8.49100 8.50300 5.64000 5.66900 8.57300 8.64200 5.77900 8.68300 9.88500 12.7890 13.9910 16.8950 19.7990
51.3660 54.2700 55.4720 56.7850 53.8810 50.9770 48.0730 45.1690 42.2650 39.3610 36.4570 33.5530 30.6490 27.7450 24.8410 21.9370 19.0330 16.1290 13.2250 10.8320 7.92800 5.02400 7.92800 10.8320 13.7360 16.4020 16.3500 13.4460 10.5420 7.63800 4.73400 7.63800 7.70700 7.73600 7.76500 4.90200 4.93100 4.96000 7.86400 9.06600 10.8780 10.9070 12.0690 13.2310 15.0430 16.2040 17.3660 19.8290 19.8580 20.6470 17.7430 16.5820 13.7180 12.5570 11.3950 9.70500 8.54400 8.57300 5.70900 5.73800 8.64200 9.84500 12.7490 13.9510 16.8550 18.0570 20.9610
54.2290 55.4320 56.8600 55.6230 52.7190 49.8150 46.9110 44.0070 41.1030 38.1990 35.2950 32.3910 29.4870 26.5830 23.6790 20.7750 17.8710 14.9670 12.0630 9.15900 7.95700 5.05300 7.95700 10.8610 13.7650 16.6690 17.5110 14.6070 11.7030 8.79900 7.63800 4.77400 4.80300 4.83200 4.86100 4.89000 7.79400 7.86400 9.02600 11.9300 13.1320 13.8110 14.9730 16.1350 17.2960 19.1080 20.2700 21.4320 22.7620 21.8090 20.6470 17.7840 16.6220 15.4610 13.7710 12.6090 11.4480 9.77500 8.61300 8.64200 9.80400 12.7080 13.9100 16.8140 18.0160 20.9200 22.1230
51.6330 52.7950 53.9560 54.4620 51.5580 48.6540 45.7500 42.8460 39.9420 37.0380 34.1340 31.2300 28.3260 25.4220 22.5180 19.6140 16.7100 13.8060 10.9020 7.99800 5.09400 5.08200 7.98600 10.8900 13.7940 16.6980 18.0980 15.7690 12.8650 11.7030 8.84000 7.67800 7.70700 7.73600 7.76500 7.79400 8.95600 10.7680 11.9300 13.0910 15.9950 16.7150 17.8770 19.0390 20.2000 21.3620 23.1740 24.3360 25.4970 24.7130 21.8500 20.6880 19.5260 17.8360 16.6750 15.5130 13.8400 12.6790 11.5170 11.5460 12.7080 13.8700 16.7740 17.9760 20.8800 22.0820 24.9860
48.7290 49.8910 51.0520 52.2140 51.5870 48.6830 45.7790 42.8750 39.9710 37.0670 34.1630 31.2590 28.3550 25.4510 22.5470 19.6430 16.7390 13.8350 10.9310 8.02700 5.12300 7.98600 9.14800 12.0520 14.0030 14.0320 15.1940 16.3550 15.7690 12.9050 11.7440 10.5820 10.6110 10.6400 10.6690 10.6980 11.8600 13.0220 14.8340 15.9950 17.1570 19.6190 20.7810 21.9430 23.1040 24.2660 25.4270 27.2400 28.4010 25.9150 24.7540 23.5920 21.9020 20.7400 19.5790 17.9060 16.7440 15.5830 14.4210 14.4500 15.6120 16.7740 17.9350 20.8390 22.0410 24.9450 26.1480
45.8250 46.9870 48.1480 49.3100 50.4720 49.8440 46.9400 44.0360 41.1320 38.2280 35.3240 32.4200 29.5160 26.6120 23.7080 20.8040 17.9000 14.9960 12.0920 9.18800 8.02700 5.16300 8.06700 10.9710 11.0990 11.1280 12.2900 13.4510 16.3550 15.8090 14.6480 13.4860 13.5150 13.5440 13.5730 13.6020 14.7640 15.9260 17.0870 18.8990 20.0610 21.2220 23.6850 24.8470 26.0080 27.1700 28.3310 29.4930 29.9810 28.8190 27.6580 25.9680 24.8060 23.6440 21.9720 20.8100 19.6480 18.4870 17.3250 17.3540 18.5160 19.6780 20.8390 22.0010 24.9050 26.1070 29.0110
42.9210 44.0830 45.2440 46.4060 47.5680 48.7290 48.1020 45.1980 42.2940 39.3900 36.4860 33.5820 30.6780 27.7740 24.8700 21.9660 19.0620 16.1580 13.2540 11.0000 8.09600 5.19200 8.09600 8.16600 8.19500 8.22400 9.38600 12.2900 15.1940 17.5690 17.5520 16.3900 16.4190 16.4480 16.4770 16.5060 17.6680 18.8300 19.9910 21.1530 22.9650 24.1260 25.2880 27.7510 28.9120 30.0740 31.2350 32.3970 32.8850 31.7230 30.0330 28.8720 27.7100 26.0370 24.8760 23.7140 22.5520 21.3910 20.2290 20.2580 21.4200 22.5820 23.7430 24.9050 26.0660 28.9700 30.1730
40.0170 41.1790 42.3400 43.5020 44.6640 45.8250 46.9870 46.3590 43.4550 40.5510 37.6470 34.7430 31.8390 28.9350 26.0310 23.1270 20.2230 17.3190 15.0660 12.1620 9.25800 8.09600 5.23300 5.26200 5.29100 5.32000 8.22400 11.1280 13.5040 16.4080 19.3120 19.2940 19.3230 19.3520 19.3810 19.4100 20.5720 21.7340 22.8950 24.0570 25.2180 27.0300 28.1920 29.3540 31.8160 32.9780 34.1390 35.3010 35.7890 34.0990 32.9370 31.7760 30.1030 28.9410 27.7800 26.6180 25.4560 24.2950 23.1330 23.1620 24.3240 25.4860 26.6470 27.8090 28.9700 30.1320 33.0360
37.1130 38.2750 39.4360 40.5980 41.7600 42.9210 44.0830 45.2440 44.6170 41.7130 38.8090 35.9050 33.0010 30.0970 27.1930 24.2890 21.3850 19.1320 16.2280 13.3240 12.1620 9.29900 8.13700 8.16600 8.19500 5.33200 8.23600 9.43800 12.3420 15.2460 17.6390 20.5430 21.7450 22.2560 22.2850 22.3140 23.4760 24.6380 25.7990 26.9610 28.1220 29.2840 31.0960 32.2580 33.4190 35.8820 37.0430 38.2050 38.1640 37.0030 35.8410 34.1680 33.0070 31.8450 30.6840 29.5220 28.3600 27.1990 26.0370 26.0660 27.2280 28.3900 29.5510 30.7130 31.8740 33.0360 34.1980
34.2090 35.3710 36.5320 37.6940 38.8560 40.0170 41.1790 42.3400 43.5020 42.8750 39.9710 37.0670 34.1630 31.2590 28.3550 25.4510 23.1970 20.2930 17.3890 16.2280 13.3640 12.2030 11.0410 11.0700 9.39700 8.23600 5.37200 8.27600 11.1800 13.5730 16.4770 17.6800 20.5840 23.4880 24.7480 25.2180 26.3800 27.5420 28.7030 29.8650 31.0260 32.1880 33.3500 35.1620 36.3230 37.4850 39.9470 41.1090 41.0680 39.9070 38.2340 37.0720 35.9110 34.7490 33.5880 32.4260 31.2640 30.1030 28.9410 28.9700 30.1320 31.2940 32.4550 33.6170 34.7780 35.9400 37.1020
31.3050 32.4670 33.6280 34.7900 35.9520 37.1130 38.2750 39.4360 41.2480 42.4100 41.1320 38.2280 35.3240 32.4200 29.5160 27.2630 24.3590 21.4550 20.2930 17.4300 16.2680 15.1070 13.9450 13.4630 11.2090 8.30500 5.40100 8.30500 9.50800 12.4120 13.6140 16.5180 19.4220 20.6820 21.8440 24.7480 25.9500 28.8540 31.6070 32.7690 33.9300 35.0920 36.2540 37.4150 39.2270 40.3890 41.5500 44.0130 43.9720 42.3000 41.1380 39.9760 38.8150 37.6530 36.4920 35.3300 34.1680 33.0070 31.8450 31.8740 33.0360 34.1980 35.3590 36.5210 37.6820 38.8440 40.0060
28.4010 29.5630 30.7240 31.8860 33.0480 34.2090 35.3710 37.1830 38.3440 39.5060 41.3180 39.3900 36.4860 33.5820 31.3280 28.4240 25.5200 24.3590 21.4950 20.3340 19.1720 18.0110 16.8490 15.2750 12.3710 9.46700 8.30500 5.44200 8.34600 9.54800 12.4520 15.3560 16.6170 17.7780 20.6820 21.8850 24.7890 27.6930 30.0850 32.9890 34.1920 36.0040 37.1650 38.3270 40.1390 41.3010 42.4620 45.3660 46.3650 45.2040 44.0420 42.8800 41.7190 40.5570 39.3960 38.2340 37.0720 35.9110 34.7490 34.7780 35.9400 37.1020 38.2630 39.4250 40.5860 41.7480 42.9100
25.4970 26.6590 27.8200 28.9820 30.1440 31.3050 33.1170 34.2790 35.4400 37.2530 38.4140 39.5760 37.6470 35.3940 32.4900 29.5860 28.4240 25.5610 24.3990 23.2380 22.0760 20.9150 19.3410 16.4370 13.5330 11.2790 8.37500 5.47100 5.48300 8.38700 11.2910 12.5510 13.7130 16.6170 17.8190 20.7230 23.6270 26.0200 28.9240 30.1260 31.9380 33.1000 34.2610 36.0730 37.2350 38.3970 41.3010 44.2050 47.1090 48.1080 46.9460 45.7840 44.6230 43.4610 42.3000 41.1380 39.9760 38.8150 37.6530 37.6820 38.8440 40.0060 41.1670 42.3290 43.4900 44.6520 45.8140
