AppendixA/HikerMovements/data/ascii_files_abm_Orsi/dist_ciampedie_1000.asc
ncols 271
nrows 294
xllcorner 698225
yllcorner 5141858
cellsize 30.00
nodata_value  222.305
[rows 0 to 28 of 294, columns 0 to 66 of 271]
73.7620 73.7330 73.7040 73.6740 73.6450 74.8070 75.9690 77.1300 78.2920 79.4530 80.6150 81.7770 82.9380 84.1000 84.8840 84.8550 84.8260 84.7970 84.7680 84.7390 85.9000 87.0620 88.2240 89.3850 90.5470 91.7080 92.8700 94.0320 95.1930 96.3550 97.5160 98.2420 97.0810 95.9190 95.9080 97.0690 98.2310 99.3920 100.298 99.1370 97.9750 96.8140 95.6520 96.8140 97.9750 98.4340 98.4050 98.3930 99.5550 100.717 101.878 103.040 104.201 105.363 106.525 107.686 108.848 110.009 111.171 112.333 113.494 114.656 115.817 116.979 118.141 119.302 120.464
70.8580 70.8290 70.8000 70.7700 70.7410 71.9030 73.0650 74.2260 75.3880 76.5490 77.7110 78.8730 80.0340 81.1960 81.9800 81.9510 81.9220 81.8930 81.8640 81.8350 82.9960 84.1580 85.3200 86.4810 87.6430 88.8040 89.9660 91.1280 92.2890 93.4510 94.6120 95.3380 94.1770 93.0150 93.0040 94.1650 95.3270 96.4880 97.3940 96.2330 95.0710 93.9100 92.7480 93.9100 95.0710 95.5300 95.5010 95.4890 96.6510 97.8130 98.9740 100.136 101.297 102.459 103.621 104.782 105.944 107.105 108.267 109.429 110.590 111.752 112.913 114.075 115.237 116.398 117.560
67.9540 67.9250 67.8960 67.8660 67.8370 68.9990 70.1610 71.3220 72.4840 73.6450 74.8070 75.9690 77.1300 78.2920 79.0760 79.0470 79.0180 78.9890 78.9600 78.9310 80.0920 81.2540 82.4160 83.5770 84.7390 85.9000 87.0620 88.2240 89.3850 90.5470 91.7080 92.4340 91.2730 90.1110 90.1000 91.2610 92.4230 93.5840 94.4900 93.3290 92.1670 91.0060 89.8440 91.0060 92.1670 92.6260 92.5970 92.5850 93.7470 94.9090 96.0700 97.2320 98.3930 99.5550 100.717 101.878 103.040 104.201 105.363 106.525 107.686 108.848 110.009 111.171 112.333 113.494 114.656
65.0500 65.0210 64.9920 64.9620 64.9330 66.0950 67.2570 68.4180 69.5800 70.7410 71.9030 73.0650 74.2260 75.3880 76.1720 76.1430 76.1140 76.0850 76.0560 76.0270 77.1880 78.3500 79.5120 80.6730 81.8350 82.9960 84.1580 85.3200 86.4810 87.6430 88.8040 89.5300 88.3690 87.2070 87.1960 88.3570 89.5190 90.6800 91.5860 90.4250 89.2630 88.1020 86.9400 88.1020 89.2630 89.7220 89.6930 89.6810 90.8430 92.0050 93.1660 94.3280 95.4890 96.6510 97.8130 98.9740 100.136 101.297 102.459 103.621 104.782 105.944 107.105 108.267 109.429 110.590 111.752
62.1460 62.1170 62.0880 62.0580 62.0290 63.1910 64.3530 65.5140 66.6760 67.8370 68.9990 70.1610 71.3220 72.4840 73.2680 73.2390 73.2100 73.1810 73.1520 73.1230 74.2840 75.4460 76.6080 77.7690 78.9310 80.0920 81.2540 82.4160 83.5770 84.7390 85.9000 86.6260 85.4650 84.3030 84.2920 85.4530 86.6150 87.7760 88.6820 87.5210 86.3590 85.1980 84.0360 85.1980 86.3590 86.8180 86.7890 86.7770 87.9390 89.1010 90.2620 91.4240 92.5850 93.7470 94.9090 96.0700 97.2320 98.3930 99.5550 100.717 101.878 103.040 104.201 105.363 106.525 107.686 108.848
59.2420 59.2130 59.1840 59.1540 59.1250 60.2870 61.4490 62.6100 63.7720 64.9330 66.0950 67.2570 68.4180 69.5800 70.3640 70.3350 70.3060 70.2770 70.2480 70.2190 71.3800 72.5420 73.7040 74.8650 76.0270 77.1880 78.3500 79.5120 80.6730 81.8350 82.9960 83.7220 82.5610 81.3990 81.3880 82.5490 83.7110 84.8720 85.7780 84.6170 83.4550 82.2940 81.1320 82.2940 83.4550 83.9140 83.8850 83.8730 85.0350 86.1970 87.3580 88.5200 89.6810 90.8430 92.0050 93.1660 94.3280 95.4890 96.6510 97.8130 98.9740 100.136 101.297 102.459 103.621 104.782 105.944
56.3380 56.3090 56.2800 56.2500 56.2210 57.3830 58.5450 59.7060 60.8680 62.0290 63.1910 64.3530 65.5140 66.6760 67.4600 67.4310 67.4020 67.3730 67.3440 67.3150 68.4760 69.6380 70.8000 71.9610 73.1230 74.2840 75.4460 76.6080 77.7690 78.9310 80.0920 80.8180 79.6570 78.4950 78.4840 79.6450 80.8070 81.9680 82.8740 81.7130 80.5510 79.3900 78.2280 79.3900 80.5510 81.0100 80.9810 80.9690 82.1310 83.2930 84.4540 85.6160 86.7770 87.9390 89.1010 90.2620 91.4240 92.5850 93.7470 94.9090 96.0700 97.2320 98.3930 99.5550 100.717 101.878 103.040
53.4340 53.4050 53.3760 53.3460 53.3170 54.4790 55.6410 56.8020 57.9640 59.1250 60.2870 61.4490 62.6100 63.7720 64.5560 64.5270 64.4980 64.4690 64.4400 64.4110 65.5720 66.7340 67.8960 69.0570 70.2190 71.3800 72.5420 73.7040 74.8650 76.0270 77.1880 77.9140 76.7530 75.5910 75.5800 76.7410 77.9030 79.0640 79.9700 78.8090 77.6470 76.4860 75.3240 76.4860 77.6470 78.1060 78.0770 78.0650 79.2270 80.3890 81.5500 82.7120 83.8730 85.0350 86.1970 87.3580 88.5200 89.6810 90.8430 92.0050 93.1660 94.3280 95.4890 96.6510 97.8130 98.9740 100.136
50.5300 50.5010 50.4720 50.4420 50.4130 51.5750 52.7370 53.8980 55.0600 56.2210 57.3830 58.5450 59.7060 60.8680 61.6520 61.6230 61.5940 61.5650 61.5360 61.5070 62.6680 63.8300 64.9920 66.1530 67.3150 68.4760 69.6380 70.8000 71.9610 73.1230 74.2840 75.0100 73.8490 72.6870 72.6760 73.8370 74.9990 76.1600 77.0660 75.9050 74.7430 73.5820 72.4200 73.5820 74.7430 75.2020 75.1730 75.1610 76.3230 77.4850 78.6460 79.8080 80.9690 82.1310 83.2930 84.4540 85.6160 86.7770 87.9390 89.1010 90.2620 91.4240 92.5850 93.7470 94.9090 96.0700 97.2320
47.6260 47.5970 47.5680 47.5380 47.5090 48.6710 49.8330 50.9940 52.1560 53.3170 54.4790 55.6410 56.8020 57.9640 58.7480 58.7190 58.6900 58.6610 58.6320 58.6030 59.7640 60.9260 62.0880 63.2490 64.4110 65.5720 66.7340 67.8960 69.0570 70.2190 71.3800 72.1060 70.9450 69.7830 69.7720 70.9330 72.0950 73.2560 74.1620 73.0010 71.8390 70.6780 69.5160 70.6780 71.8390 72.2980 72.2690 72.2570 73.4190 74.5810 75.7420 76.9040 78.0650 79.2270 80.3890 81.5500 82.7120 83.8730 85.0350 86.1970 87.3580 88.5200 89.6810 90.8430 92.0050 93.1660 94.3280
44.7220 44.6930 44.6640 44.6340 44.6050 45.7670 46.9290 48.0900 49.2520 50.4130 51.5750 52.7370 53.8980 55.0600 55.8440 55.8150 55.7860 55.7570 55.7280 55.6990 56.8600 58.0220 59.1840 60.3450 61.5070 62.6680 63.8300 64.9920 66.1530 67.3150 68.4760 69.2020 68.0410 66.8790 66.8680 68.0290 69.1910 70.3520 71.2580 70.0970 68.9350 67.7740 66.6120 67.7740 68.9350 69.3940 69.3650 69.3530 70.5150 71.6770 72.8380 74.0000 75.1610 76.3230 77.4850 78.6460 79.8080 80.9690 82.1310 83.2930 84.4540 85.6160 86.7770 87.9390 89.1010 90.2620 91.4240
41.8180 41.7890 41.7600 41.7300 41.7010 42.8630 44.0250 45.1860 46.3480 47.5090 48.6710 49.8330 50.9940 52.1560 52.9400 52.9110 52.8820 52.8530 52.8240 52.7950 53.9560 55.1180 56.2800 57.4410 58.6030 59.7640 60.9260 62.0880 63.2490 64.4110 65.5720 66.2980 65.1370 63.9750 63.9640 65.1250 66.2870 67.4480 68.3540 67.1930 66.0310 64.8700 63.7080 64.8700 66.0310 66.4900 66.4610 66.4490 67.6110 68.7730 69.9340 71.0960 72.2570 73.4190 74.5810 75.7420 76.9040 78.0650 79.2270 80.3890 81.5500 82.7120 83.8730 85.0350 86.1970 87.3580 88.5200
38.9140 38.8850 38.8560 38.8260 38.7970 39.9590 41.1210 42.2820 43.4440 44.6050 45.7670 46.9290 48.0900 49.2520 50.0360 50.0070 49.9780 49.9490 49.9200 49.8910 51.0520 52.2140 53.3760 54.5370 55.6990 56.8600 58.0220 59.1840 60.3450 61.5070 62.6680 63.3940 62.2330 61.0710 61.0600 62.2210 63.3830 64.5440 65.4500 64.2890 63.1270 61.9660 60.8040 61.9660 63.1270 63.5860 63.5570 63.5450 64.7070 65.8690 67.0300 68.1920 69.3530 70.5150 71.6770 72.8380 74.0000 75.1610 76.3230 77.4850 78.6460 79.8080 80.9690 82.1310 83.2930 84.4540 87.3580
36.0100 35.9810 35.9520 35.9220 35.8930 37.0550 38.2170 39.3780 40.5400 41.7010 42.8630 44.0250 45.1860 46.8590 47.1320 47.1030 47.0740 47.0450 47.0160 46.9870 48.1480 49.3100 50.4720 51.6330 52.7950 53.9560 55.1180 56.2800 57.4410 58.6030 59.7640 60.4900 59.3290 58.1670 58.1560 59.3170 60.4790 61.6400 62.5460 61.3850 60.2230 59.0620 57.9000 59.0620 60.2230 60.6820 60.6530 60.6410 61.8030 62.9650 64.1260 65.2880 66.4490 67.6110 68.7730 69.9340 71.0960 72.2570 73.4190 74.5810 75.7420 76.9040 78.0650 79.2270 80.3890 83.2930 86.1970
33.1060 33.0770 33.0480 33.0180 32.9890 34.1510 35.3130 36.4740 37.6360 38.7970 39.9590 41.1210 42.7930 43.9550 44.2280 44.1990 44.1700 44.1410 44.1120 44.0830 45.2440 46.4060 47.5680 48.7290 49.8910 51.0520 52.2140 53.3760 54.5370 55.6990 56.8600 57.5860 56.4250 55.2630 55.2520 56.4130 57.5750 58.7360 59.6420 58.4810 57.3190 56.1580 54.9960 56.1580 57.3190 57.7780 57.7490 57.7370 58.8990 60.0610 61.2220 62.3840 63.5450 64.7070 65.8690 67.0300 68.1920 69.3530 70.5150 71.6770 72.8380 74.0000 75.1610 76.3230 79.2270 82.1310 85.0350
30.2020 30.1730 30.1440 30.1140 30.0850 31.2470 32.4090 33.5700 34.7320 35.8930 37.0550 38.7280 39.8890 41.0510 41.3240 41.2950 41.2660 41.2370 41.2080 41.1790 42.3400 43.5020 44.6640 45.8250 46.9870 48.1480 49.3100 50.4720 51.6330 52.7950 55.3210 54.6820 53.5210 52.3590 52.3480 53.5090 54.6710 55.8320 56.7380 55.5770 54.4150 53.2540 52.0920 53.2540 54.4150 54.8740 54.8450 54.8330 55.9950 57.1570 58.3180 59.4800 60.6410 61.8030 62.9650 64.1260 65.2880 66.4490 67.6110 68.7730 69.9340 71.0960 72.2570 75.1610 78.0650 80.9690 83.8730
27.2980 27.2690 27.2400 27.2100 27.1810 28.3430 29.5050 30.6660 31.8280 32.9890 34.6620 35.8240 36.9850 38.4490 38.4200 38.3910 38.3620 38.3330 38.3040 38.2750 39.4360 40.5980 41.7600 42.9210 44.0830 45.2440 46.4060 47.5680 48.7290 51.5920 52.4170 51.7780 50.6170 49.4550 49.4440 50.6050 51.7670 52.9280 53.8340 52.6730 51.5110 50.3500 49.1880 50.3500 51.5110 51.9700 51.9410 51.9290 53.0910 54.2530 55.4140 56.5760 57.7370 58.8990 60.0610 61.2220 62.3840 63.5450 64.7070 65.8690 67.0300 68.1920 71.0960 74.0000 76.9040 79.8080 81.9450
24.3940 24.3650 24.3360 24.3060 24.2770 25.4390 26.6010 27.7620 28.9240 30.5970 31.7580 32.9200 34.6100 35.5450 35.5160 35.4870 35.4580 35.4290 35.4000 35.3710 36.5320 37.6940 38.8560 40.0170 41.1790 42.3400 43.5020 44.6640 47.5270 48.6880 49.5130 48.8740 47.7130 46.5510 46.5400 47.7010 48.8630 50.0240 50.9300 49.7690 48.6070 47.4460 46.2840 47.4460 48.6070 49.0660 49.0370 49.0250 50.1870 51.3490 52.5100 53.6720 54.8330 55.9950 57.1570 58.3180 59.4800 60.6410 61.8030 62.9650 64.1260 67.0300 69.9340 72.8380 75.7420 77.8790 79.0410
21.4900 21.4610 21.4320 21.4020 21.3730 22.5350 23.6970 24.8580 26.5310 27.6930 28.8540 30.5440 31.7060 32.6410 32.6120 32.5830 32.5540 32.5250 32.4960 32.4670 33.6280 34.7900 35.9520 37.1130 38.2750 39.4360 40.5980 43.4610 44.6230 46.1270 46.6090 45.9700 44.8090 43.6470 43.6360 44.7970 45.9590 47.1200 48.0260 46.8650 45.7030 44.5420 43.3800 44.5420 45.7030 46.1620 46.1330 46.1210 47.2830 48.4450 49.6060 50.7680 51.9290 53.0910 54.2530 55.4140 56.5760 57.7370 58.8990 60.0610 62.9650 65.8690 68.7730 71.6770 73.8140 74.9750 76.1370
18.5860 18.5570 18.5280 18.4980 18.4690 19.6310 20.7930 22.4650 23.6270 24.7890 26.4790 27.6400 28.8020 29.7370 29.7080 29.6790 29.6500 29.6210 29.5920 29.5630 30.7240 31.8860 33.0480 34.2090 35.3710 36.5320 39.3960 40.5570 42.0620 43.2230 43.7050 43.0660 41.9050 40.7430 40.7320 41.8930 43.0550 44.2160 45.1220 43.9610 42.7990 41.6380 40.4760 41.6380 42.7990 43.2580 43.2290 43.2170 44.3790 45.5410 46.7020 47.8640 49.0250 50.1870 51.3490 52.5100 53.6720 54.8330 55.9950 58.8990 61.8030 64.7070 67.6110 69.7480 70.9100 72.0710 73.7620
15.6820 15.6530 15.6240 15.5940 15.5650 16.7270 18.4000 19.5610 20.7230 22.4130 23.5750 24.7360 27.6400 26.8330 26.8040 26.7750 26.7460 26.7170 26.6880 26.6590 27.8200 28.9820 30.1440 31.3050 32.4670 35.3300 36.4920 37.9960 39.1580 40.3190 40.8010 40.1620 39.0010 37.8390 37.8280 38.9890 40.1510 41.3120 42.2180 41.0570 39.8950 38.7340 37.5720 38.7340 39.8950 40.3540 40.3250 40.3130 41.4750 42.6370 43.7980 44.9600 46.1210 47.2830 48.4450 49.6060 50.7680 51.9290 54.8330 57.7370 60.6410 63.5450 65.6830 66.8440 68.0060 69.6960 70.8580
12.7780 12.7490 12.7200 12.6900 12.6610 15.5250 15.4960 16.6570 18.3470 19.5090 20.6710 23.5750 25.0910 23.9290 23.9000 23.8710 23.8420 23.8130 23.7840 23.7550 24.9160 26.0780 27.2400 28.4010 31.2640 32.4260 34.0990 35.0920 36.2540 37.4150 37.8970 37.2580 36.0970 34.9350 34.9240 36.0850 37.2470 38.4080 39.3140 38.1530 36.9910 35.8300 34.6680 35.8300 36.9910 37.4500 37.4210 37.4090 38.5710 39.7330 40.8940 42.0560 43.2170 44.3790 45.5410 46.7020 47.8640 50.7680 53.6720 56.5760 59.4800 61.6170 62.7790 63.9400 65.6300 66.7920 67.9540
12.7890 15.6530 15.6240 15.5940 15.5250 12.6210 12.5920 15.4550 15.4430 16.6050 19.5090 22.4130 22.1870 21.0250 20.9960 20.9670 20.9380 20.9090 20.8800 20.8510 22.0120 23.1740 24.3360 27.1990 28.3600 30.0330 31.1950 32.1880 33.3500 34.5110 34.9930 34.3540 33.1930 32.0310 32.0200 33.1810 34.3430 35.5040 36.4100 35.2490 34.0870 32.9260 31.7640 32.9260 34.0870 34.5460 34.5170 34.5050 35.6670 36.8290 37.9900 39.1520 40.3130 41.4750 42.6370 43.7980 46.7020 49.6060 52.5100 55.4140 57.5510 58.7130 59.8750 61.5650 62.7260 63.8880 66.7920
12.8180 15.7220 18.5280 18.4980 16.6860 15.5250 15.4550 12.5510 12.5390 15.4430 18.3470 20.4440 19.2830 18.1210 18.0920 18.0630 18.0340 18.0050 17.9760 17.9470 19.1080 20.2700 23.1330 24.2950 25.9680 27.1290 28.2910 29.2840 30.4460 31.6070 32.0890 31.4500 30.2890 29.1270 29.1160 30.2770 31.4390 32.6000 33.5060 32.3450 31.1830 30.0220 28.8600 30.0220 31.1830 31.6420 31.6130 31.6010 32.7630 33.9250 35.0860 36.2480 37.4090 38.5710 39.7330 42.6370 45.5410 48.4450 51.3490 53.4860 54.6470 55.8090 57.4990 58.6610 59.8220 62.7260 65.5320
12.8470 15.7510 18.6550 20.7520 19.5900 18.4290 16.6170 15.4140 12.5100 15.4140 18.2200 18.1910 16.3790 15.2170 15.1880 15.1590 15.1300 15.1010 15.0720 15.0430 16.2040 19.0680 20.2290 21.9020 23.0640 24.2250 25.8980 26.3800 27.5420 28.7030 29.1850 28.5460 27.3850 26.2230 26.2120 27.3730 28.5350 29.6960 30.6020 29.4410 28.2790 27.1180 25.9560 27.1180 28.2790 28.7380 28.7090 28.6970 29.8590 31.0210 32.1820 33.3440 34.5050 35.6670 38.5710 41.4750 44.3790 47.2830 49.4200 50.5820 51.7430 53.4340 54.5950 55.7570 58.6610 61.4660 62.6280
15.7510 16.9130 19.8170 22.7210 22.4940 20.6820 18.2890 15.3850 12.4810 15.3450 15.3160 15.2870 15.2170 12.3130 12.2840 12.2550 12.2260 12.1970 12.1680 12.1390 15.0020 16.1640 17.8360 18.9980 20.1600 21.8320 22.9940 23.4760 24.6380 25.7990 26.2810 25.6420 24.4810 23.3190 23.3080 24.4690 25.6310 26.7920 27.6980 26.5370 25.3750 24.2140 23.0520 24.2140 25.3750 25.8340 25.8050 25.7930 26.9550 28.1170 29.2780 30.4400 31.6010 34.5050 37.4090 40.3130 43.2170 45.3550 46.5160 47.6780 49.3680 50.5300 51.6910 54.5950 57.4000 58.5620 59.7240
18.6550 19.8170 20.9780 23.8820 24.0860 21.1820 18.2780 15.3740 12.4700 12.4410 12.4120 12.3830 12.3540 15.2170 15.1880 15.1590 15.1300 15.1010 15.0310 12.1270 12.0980 14.9610 14.9320 16.0940 17.7670 18.9280 20.0900 20.5720 21.7340 22.8950 23.3770 22.7380 21.5770 20.4150 20.4040 21.5650 22.7270 23.8880 25.5610 23.6330 22.4710 21.3100 20.1480 21.3100 22.4710 22.9300 22.9010 22.8890 24.0510 25.2130 26.3740 27.5360 30.4400 33.3440 36.2480 39.1520 41.2890 42.4510 43.6120 45.3020 46.4640 47.6260 50.5300 53.3350 54.4960 55.6580 58.3700
21.5590 22.7210 23.8820 25.0440 25.2470 22.3430 19.4390 16.5350 15.3740 15.3450 15.3160 15.2870 15.2580 16.4190 18.0920 18.0630 18.0340 18.0050 16.1930 14.9900 12.0860 12.0570 12.0280 14.8920 14.8630 16.0240 17.6970 17.6680 18.8300 19.9910 20.4730 19.8340 18.6730 17.5110 17.5000 18.6610 19.8230 21.4950 22.6570 22.4710 19.5670 18.4060 17.2440 18.4060 19.5670 20.0260 19.9970 19.9850 21.1470 22.3090 23.4700 26.3740 29.2780 32.1820 35.0860 37.2230 38.3850 39.5470 41.2370 42.3980 43.5600 46.4640 49.2690 50.4310 51.5920 54.3050 55.4660
24.4630 25.6250 26.7860 27.9480 26.4090 23.5050 20.6010 19.4390 18.2780 18.2490 18.2200 18.1910 18.1620 19.3230 20.4850 20.9670 20.9380 20.2580 19.0560 16.1520 14.9500 12.0460 12.0170 11.9880 11.9590 14.8220 14.7930 14.7640 15.9260 17.5980 17.5690 17.5400 15.7690 14.6070 14.5960 15.7570 17.4300 18.5910 19.7530 19.5850 18.4060 15.5020 14.3400 15.5020 18.2840 17.1220 17.0930 17.0810 18.2430 19.4050 22.3090 25.2130 28.1170 31.0210 33.1580 34.3190 35.4810 37.1710 38.3330 39.4940 42.3980 45.2040 46.3650 47.5270 50.2390 51.4010 52.5620
