AppendixA/HikerMovements/data/ascii_files_abm_Orsi/dist_ciampedie_1000.asc
ncols 271
nrows 294
xllcorner 698225
yllcorner 5141858
cellsize 30.00
nodata_value  222.305
[rows 145 to 173 of 294, columns 134 to 200 of 271]
40.4060 41.6090 44.5130 45.7150 47.5270 48.6880 49.8500 52.7540 55.0830 53.9450 51.0410 49.8790 48.7180 46.9050 45.7440 44.5820 42.7700 41.5680 38.6640 37.5020 36.3410 34.5290 33.3670 32.2050 30.3930 29.1910 26.2870 25.1250 23.8820 20.9780 18.0740 16.9130 15.7510 14.5900 13.4280 12.7490 11.5870 10.4250 10.3960 10.3670 10.3380 11.5000 9.60600 8.44500 7.28300 7.25400 5.44200 4.28000 4.21100 1.30700 1.27800 4.14100 4.11200 4.08300 4.05400 4.02500 5.18700 6.85900 6.83000 6.80100 6.77200 7.93400 9.09500 10.7680 11.9300 12.4290 13.5910
37.5430 40.4470 41.6490 43.4610 44.6230 45.7840 48.6880 51.5920 54.4960 55.1060 53.9450 52.7830 50.9710 49.8090 48.6480 46.8360 45.6330 42.7290 41.5680 40.4060 38.5940 37.4330 36.2710 34.4590 33.2570 30.3530 29.1910 27.9480 25.0440 22.1400 20.9780 19.8170 18.6550 17.4940 16.3320 15.6530 14.4910 13.3290 13.3000 13.2710 13.2420 13.6720 12.5100 11.3490 10.1870 9.50800 8.34600 7.18400 5.37200 4.21100 4.14100 1.23700 1.20800 1.17900 1.15000 1.12100 3.98400 3.95500 3.92600 3.89700 3.86800 5.03000 6.70200 7.86400 9.02600 9.52500 10.6870
36.3810 37.5840 39.3960 40.5570 41.7190 44.6230 47.5270 50.4310 53.3350 56.2390 56.8490 55.0370 53.8750 52.7130 50.9010 49.6990 46.7950 45.6330 44.4720 42.6600 41.4980 40.3370 38.5240 37.3220 34.4180 33.2570 32.0140 29.1100 26.2060 25.0440 23.8820 22.7210 21.5590 20.3980 19.2360 18.5570 17.3950 16.2330 16.2040 16.1750 16.1460 16.5760 15.4140 14.2530 13.0910 12.4120 11.2500 9.43800 8.27600 7.11500 5.30300 4.14100 4.11200 4.08300 4.01300 1.10900 1.08000 1.05100 1.02200 0.99300 0.96400 3.82700 3.79800 4.96000 6.63300 6.62100 7.78300
33.5180 35.3300 36.4920 37.6530 40.5570 43.4610 46.3650 49.2690 52.1730 55.0770 57.9810 57.9410 56.7790 54.9670 53.7650 50.8610 49.6990 48.5370 46.7250 45.5640 44.4020 42.5900 41.3880 38.4840 37.3220 36.0790 33.1750 30.2710 29.1100 27.9480 26.7860 25.6250 24.4630 23.3020 22.1400 21.4610 20.2990 19.1370 19.1080 19.0790 19.0500 19.4800 18.3180 17.1570 15.9950 15.3160 13.5040 12.3420 11.1800 9.36800 8.20700 7.04500 7.01600 6.98700 5.17500 4.01300 3.98400 3.95500 3.92600 3.85700 0.95300 0.92300 0.89400 3.75800 3.72900 3.71700 4.87900
31.2640 32.4260 33.5880 36.4920 39.3960 42.3000 45.2040 48.1080 51.0120 53.9160 56.8200 59.7240 59.0330 57.8300 54.9260 53.7650 52.6030 50.7910 49.6290 48.4680 46.6560 45.4530 42.5490 41.3880 40.1450 37.2410 34.3370 33.1750 32.0140 30.8520 29.6900 28.5290 27.3670 26.2060 25.0440 24.3650 23.2030 22.0410 22.0120 21.9830 21.9540 22.3840 21.2220 20.0610 18.8990 17.5690 16.4080 15.2460 13.4340 12.2720 11.1110 9.94900 9.92000 9.24100 8.07900 6.91700 6.88800 6.85900 6.83000 5.01800 3.85700 3.82700 3.75800 0.85400 0.82500 0.81300 3.67600
28.3600 29.5220 32.4260 35.3300 38.2340 41.1380 44.0420 46.9460 49.8500 52.7540 55.6580 58.5620 61.4660 58.9920 57.8300 56.6690 54.8570 53.6950 52.5330 50.7210 49.5190 46.6150 45.4530 44.2100 41.3060 38.4020 37.2410 36.0790 34.9180 33.7560 32.5940 31.4330 30.2710 29.1100 27.9480 27.2690 26.1070 24.9450 24.9160 24.8870 24.8580 25.2880 24.1260 22.9650 21.6350 20.4730 19.3120 17.5000 16.3380 15.1760 14.0150 12.8530 12.8240 12.1450 10.9830 9.82100 9.79200 9.76300 9.08400 7.92200 6.76100 6.73100 4.91900 3.75800 3.68800 0.78400 0.77200
25.4560 28.3600 31.2640 34.1680 37.0720 39.9760 42.8800 45.7840 48.6880 51.5920 54.4960 57.4000 60.3040 61.8960 60.7340 58.9220 57.7610 56.5990 54.7870 53.5850 50.6810 49.5190 48.2760 45.3720 42.4680 41.3060 40.1450 38.9830 37.8220 36.6600 35.4980 34.3370 33.1750 32.0140 30.8520 30.1730 29.0110 27.8490 27.8200 27.7910 27.7620 28.1920 27.0300 25.7000 24.5390 23.3770 21.5650 20.4040 19.2420 18.0800 16.9190 15.7570 15.7280 15.0490 13.8870 12.7250 12.6960 12.6670 11.9880 10.8260 9.66500 8.98500 7.82300 6.66200 4.85000 3.64700 0.74300
24.2950 27.1990 30.1030 33.0070 35.9110 38.8150 41.7190 44.6230 47.5270 50.4310 53.3350 56.2390 59.1430 62.0470 62.9880 61.8260 60.6650 58.8520 57.6500 54.7460 53.5850 52.3420 49.4380 46.5340 45.3720 44.2100 43.0490 41.8870 40.7260 39.5640 38.4020 37.2410 36.0790 34.9180 33.7560 33.0770 31.9150 30.7530 30.7240 30.6950 30.6660 31.0960 29.7660 28.6040 27.4430 25.6310 24.4690 23.3080 22.1460 20.9840 19.8230 18.6610 18.6320 17.9530 16.7910 15.6290 15.6000 15.5710 14.8920 13.7300 12.5690 11.8890 10.7270 8.91500 7.63200 4.72800 3.56600
23.1330 26.0370 28.9410 31.8450 34.7490 37.6530 40.5570 43.4610 46.3650 49.2690 52.1730 55.0770 57.9810 60.8850 63.7890 64.7300 62.9180 61.7160 58.8120 57.6500 56.4070 53.5030 50.5990 49.4380 48.2760 47.1140 45.9530 44.7910 43.6300 42.4680 41.3060 40.1450 38.9830 37.8220 36.6600 35.9810 34.8190 33.6570 33.6280 33.5990 33.5700 33.8320 32.6700 31.5080 29.6960 28.5350 27.3730 26.2120 25.0500 23.8880 22.7270 21.5650 21.5360 20.8570 19.6950 18.5330 18.5040 18.4750 17.7960 16.6340 15.4730 14.7930 12.2780 9.37400 6.47000 3.56600 0.66200
21.9720 24.8760 27.7800 30.6840 33.5880 36.4920 39.3960 42.3000 45.2040 48.1080 51.0120 53.9160 56.8200 59.7240 62.6280 65.5320 65.7810 62.8770 61.7160 60.4730 57.5690 54.6650 53.5030 52.3420 51.1800 50.0180 48.8570 47.6950 46.5340 45.3720 44.2100 43.0490 41.8870 40.7260 39.5640 38.8850 37.7230 36.5610 36.5320 36.5030 36.4740 36.7360 35.5740 33.7620 32.6000 31.4390 30.2770 29.1160 27.9540 26.7920 25.6310 24.4690 24.4400 23.7610 22.5990 21.4370 21.4080 21.3790 20.7000 19.5380 18.0570 15.1530 12.2490 9.34500 6.44100 3.53700 0.63300
20.8100 23.7140 26.6180 29.5220 32.4260 35.3300 38.2340 41.1380 44.0420 46.9460 49.8500 52.7540 55.6580 58.5620 61.4660 64.3700 66.9430 65.7810 64.5380 61.6340 58.7300 57.5690 56.4070 55.2460 54.0840 52.9220 51.7610 50.5990 49.4380 48.2760 47.1140 45.9530 44.7910 43.6300 42.4680 41.7890 40.6270 39.4650 39.4360 39.4070 39.3780 39.6400 37.8280 36.6660 35.5040 34.3430 33.1810 32.0200 30.8580 29.6960 28.5350 27.3730 27.3440 26.6650 25.5030 24.3410 24.3120 24.2830 23.6040 22.0650 19.1610 16.2570 13.3530 10.4490 7.54500 4.64100 3.47900
19.6480 22.5520 25.4560 28.3600 31.2640 34.1680 37.0720 39.9760 42.8800 45.7840 48.6880 51.5920 54.4960 57.4000 60.3040 63.2080 66.1120 68.6040 65.7000 62.7960 61.6340 60.4730 59.3110 58.1500 56.9880 55.8260 54.6650 53.5030 52.3420 51.1800 50.0180 48.8570 47.6950 46.5340 45.3720 44.6930 43.5310 42.3690 42.3400 42.3110 42.2820 41.8930 40.7320 39.5700 38.4080 37.2470 36.0850 34.9240 33.7620 32.6000 31.4390 30.2770 30.2480 29.5690 28.4070 27.2450 27.2160 26.7110 23.8070 20.9030 17.9990 15.0950 12.1910 9.28700 6.38300 3.47900 0.57500
19.6600 22.5640 25.4680 28.3720 31.2760 34.1800 37.0840 39.9880 42.8920 45.7960 48.7000 51.6040 54.5080 57.4120 60.3160 63.2200 66.1240 69.0280 66.8620 65.7000 64.5380 63.3770 62.2150 61.0540 59.8920 58.7300 57.5690 56.4070 55.2460 54.0840 52.9220 51.7610 50.5990 49.4380 48.2760 47.5970 46.4350 45.2730 45.2440 45.2150 45.1860 44.7970 43.6360 42.4740 41.3120 40.1510 38.9890 37.8280 36.6660 35.5040 34.3430 33.1810 33.1520 32.4730 31.3110 30.1490 30.1200 27.8730 24.9690 22.0650 19.1610 16.2570 13.3530 10.4490 7.54500 4.64100 3.43800
19.6890 22.5930 25.4970 28.4010 31.3050 34.2090 37.1130 40.0170 42.9210 45.8250 48.7290 51.6330 54.5370 57.4410 60.3450 63.2490 66.1530 69.0570 69.7660 68.6040 67.4420 66.2810 65.1190 63.9580 62.7960 61.6340 60.4730 59.3110 58.1500 56.9880 55.8260 54.6650 53.5030 52.3420 51.1800 50.5010 49.3390 48.1770 48.1480 48.1190 48.0900 47.7010 46.5400 45.3780 44.2160 43.0550 41.8930 40.7320 39.5700 38.4080 37.2470 36.0850 36.0560 35.3770 34.2150 33.0530 31.9380 29.0340 26.1300 23.2260 20.3220 17.4180 14.5140 11.6100 8.70600 7.50400 4.60000
19.7180 22.6220 25.5260 28.4300 31.3340 34.2380 37.1420 40.0460 42.9500 45.8540 48.7580 51.6620 54.5660 57.4700 60.3740 63.2780 66.1820 69.0860 71.9900 71.5080 70.3460 69.1850 68.0230 66.8620 65.7000 64.5380 63.3770 62.2150 61.0540 59.8920 58.7300 57.5690 56.4070 55.2460 54.0840 53.4050 52.2430 51.0810 51.0520 51.0230 50.9940 50.6050 49.4440 48.2820 47.1200 45.9590 44.7970 43.6360 42.4740 41.3120 40.1510 38.9890 38.9600 38.2810 37.1190 35.9570 33.1000 30.1960 27.2920 24.3880 21.4840 18.5800 15.6760 12.7720 11.5700 8.66600 6.27300
19.7470 22.6510 25.5550 28.4590 31.3630 34.2670 37.1710 40.0750 42.9790 45.8830 48.7870 51.6910 54.5950 57.4990 60.4030 63.3070 66.2110 69.1150 72.0190 74.4120 73.2500 72.0890 70.9270 69.7660 68.6040 67.4420 66.2810 65.1190 63.9580 62.7960 61.6340 60.4730 59.3110 58.1500 56.9880 56.3090 55.1470 53.9850 53.9560 53.9270 53.8980 53.5090 52.3480 51.1860 50.0240 48.8630 47.7010 46.5400 45.3780 44.2160 43.0550 41.8930 41.8640 41.1850 40.0230 37.1650 34.2610 31.3570 28.4530 25.5490 22.6450 19.7410 16.8370 14.9560 12.0520 9.14800 6.24400
20.4500 23.3540 26.2580 29.1620 32.0660 34.9700 37.8740 40.7780 43.6820 46.5860 49.4900 52.3940 55.2980 58.2020 61.1060 64.0100 66.9140 69.8180 72.7220 75.6260 76.1540 74.9930 73.8310 72.6700 71.5080 70.3460 69.1850 68.0230 66.8620 65.7000 64.5380 63.3770 62.2150 61.0540 59.8920 59.2130 58.0510 56.8890 56.8600 56.8310 56.8020 56.4130 55.2520 54.0900 52.9280 51.7670 50.6050 49.4440 48.2820 47.1200 45.9590 44.7970 44.7680 44.0890 41.2310 38.3270 35.4230 32.5190 29.6150 26.7110 23.8070 20.9030 19.0210 16.1170 13.2130 10.3090 7.40500
19.2880 22.1920 25.0960 28.0000 30.9040 33.8080 36.7120 39.6160 42.5200 45.4240 48.3280 51.2320 54.1360 57.0400 59.9440 62.8480 65.7520 68.6560 71.5600 74.4640 77.3680 77.8970 76.7350 75.5740 74.4120 73.2500 72.0890 70.9270 69.7660 68.6040 67.4420 66.2810 65.1190 63.9580 62.7960 62.1170 60.9550 59.7930 59.7640 59.7350 59.7060 59.3170 58.1560 56.9940 55.8320 54.6710 53.5090 52.3480 51.1860 49.4320 48.2700 47.1090 45.9470 44.7850 42.3930 39.4890 36.5850 33.6810 30.7770 27.8730 24.9690 23.0870 20.1830 17.2790 14.3750 11.4710 8.56700
18.1270 21.0310 23.9350 26.8390 29.7430 32.6470 35.5510 38.4550 41.3590 44.2630 47.1670 50.0710 52.9750 55.8790 58.7830 61.6870 64.5910 67.4950 70.3990 73.3030 76.2070 79.1110 79.6390 78.4780 77.3160 76.1540 74.9930 73.8310 72.6700 71.5080 70.3460 69.1850 68.0230 66.8620 65.7000 65.0210 63.8590 62.6970 62.6680 62.6390 61.8490 60.6880 59.5260 57.7140 56.5120 53.6080 52.4460 51.2850 49.4730 48.2700 45.3660 44.2050 43.0430 41.8810 40.7200 39.5580 37.7460 34.8420 31.9380 29.0340 27.1520 24.2480 21.3440 18.4400 15.5360 12.6320 10.2400
16.9650 19.8690 22.7730 25.6770 28.5810 31.4850 34.3890 37.2930 40.1970 43.1010 46.0050 48.9090 51.8130 54.7170 57.6210 60.5250 63.4290 66.3330 69.2370 72.1410 75.0450 77.9490 80.8530 81.3820 80.2200 79.0580 77.8970 76.7350 75.5740 74.4120 73.2500 72.0890 70.9270 69.7660 68.6040 67.9250 66.7630 65.6010 64.8350 63.5920 60.6880 57.7840 56.6220 55.4610 53.6480 52.4460 49.5420 48.3810 47.2190 45.4070 44.2050 41.3010 40.1390 38.9770 37.8160 36.6540 35.4930 34.3310 33.0010 31.2180 28.3140 25.4100 22.5060 19.6020 16.6980 14.3050 11.4010
16.9360 19.8400 22.7440 25.6480 28.5520 31.4560 34.3600 37.2640 40.1680 43.0720 45.9760 48.8800 51.7840 54.6880 57.5920 60.4960 63.4000 66.3040 69.2080 72.1120 75.0160 77.9200 80.8240 83.7280 83.1240 81.9620 80.8010 79.6390 78.4780 77.3160 76.1540 74.9930 73.8310 72.6700 70.1430 68.9410 66.0370 64.8350 61.9310 60.7690 59.5260 56.6220 53.7180 52.5570 51.3950 49.5830 48.3810 45.4770 44.3150 43.1530 41.3410 40.1390 37.2350 36.0730 34.9120 33.7500 32.5890 31.4270 30.2650 28.9350 27.7330 24.8290 23.6680 20.7640 18.3710 15.4670 12.5630
18.0980 21.0020 23.9060 26.8100 29.7140 32.6180 35.5220 38.4260 41.3300 44.2340 47.1380 50.0420 52.9460 55.8500 58.7540 61.6580 64.5620 67.4660 70.3700 73.2740 76.1780 79.0820 81.9860 84.8900 86.0280 84.8660 83.7050 82.5430 81.3820 80.2200 79.0580 77.6940 74.7900 71.8860 68.9820 66.0780 64.8750 61.9710 60.7690 57.8650 56.7040 55.4610 52.5570 49.6530 48.4910 47.3290 45.5170 44.3150 41.4110 40.2490 39.0880 37.2760 36.0730 33.1690 32.0080 30.8460 29.6850 28.5230 27.3610 26.2000 24.8700 23.6680 20.7640 19.6020 18.4400 16.6280 14.2530
17.9870 20.8910 23.7950 26.6990 29.6030 32.5070 35.4110 38.3150 41.2190 44.1230 47.0270 49.9310 52.8350 55.7390 58.6430 61.5470 64.4510 67.3550 70.2590 73.1630 76.0670 78.9710 81.8750 83.3620 83.3330 83.3040 83.2750 83.2460 82.5200 81.3180 78.4140 76.5320 73.6280 70.7240 67.8200 64.9160 62.0120 60.8100 57.9060 56.7040 53.8000 52.6380 51.3950 48.4910 45.5870 44.4250 43.2640 41.4520 40.2490 37.3450 36.1840 35.0220 33.2100 32.0080 29.1040 27.9420 26.7810 25.6190 24.4570 23.2960 22.1340 20.8040 19.6020 16.6980 15.5360 14.3750 13.2130
16.8260 19.7300 22.6340 25.5380 28.4420 31.3460 34.2500 37.1540 40.0580 42.9620 45.8660 48.7700 51.6740 54.5780 57.4820 60.3860 63.2900 66.1940 69.0980 72.0020 74.9060 77.8100 80.4870 80.4580 80.4290 80.4000 80.3710 80.3420 80.2670 78.4540 77.2520 74.3480 72.4660 69.5620 66.6580 63.7540 60.8500 57.9460 56.7440 53.8400 52.6380 49.7340 48.5720 47.3290 44.4250 41.5210 40.3600 39.1980 37.3860 36.1840 33.2800 32.1180 30.9570 29.1450 27.9420 25.0380 23.8770 22.7150 21.5530 20.3920 19.2300 18.0690 16.7390 15.5360 12.6320 11.4710 10.3090
16.7970 19.7010 22.6050 25.5090 28.4130 31.3170 34.2210 37.1250 40.0290 42.9330 45.8370 48.7410 51.6450 54.5490 57.4530 60.3570 63.2610 66.1650 69.0690 71.9730 74.8770 77.6120 77.5830 77.5540 77.5250 77.4960 77.4670 77.4380 77.3630 76.2010 74.3890 73.1870 70.2830 68.4010 65.4970 62.5930 59.6890 56.7850 53.8810 52.6790 49.7750 48.5720 45.6680 44.5070 43.2640 40.3600 37.4560 36.2940 35.1330 33.3200 32.1180 29.2140 28.0530 26.8910 25.0790 23.8770 20.9730 19.8110 18.6490 17.4880 16.3260 15.1650 14.4850 12.6730 11.4710 8.56700 7.40500
16.7680 19.6720 22.5760 25.4800 28.3840 31.2880 34.1920 37.0960 40.0000 42.9040 45.8080 48.7120 51.6160 54.5200 57.4240 60.3280 63.2320 66.1360 69.0400 71.9440 74.7370 74.7080 74.6790 74.6500 74.6210 74.5920 74.5630 74.5340 74.4590 73.2970 72.1350 70.3230 69.1210 66.2170 64.3350 61.4310 58.5270 55.6230 52.7190 49.8150 48.6130 45.7090 44.5070 41.6030 40.4410 39.1980 36.2940 33.3900 32.2290 31.0670 29.2550 28.0530 25.1490 23.9870 22.8250 21.0130 19.8110 16.9070 15.7450 14.5840 13.4220 12.2610 11.5810 10.4200 8.60700 7.40500 4.50100
16.7560 19.6600 22.5640 25.4680 28.3720 31.2760 34.1800 37.0840 39.9880 42.8920 45.7960 48.7000 51.6040 54.5080 57.4120 60.3160 63.2200 66.1240 69.0280 71.8620 71.8330 71.8040 71.7750 71.7460 71.7170 71.6880 71.6590 71.6300 71.6010 70.3930 69.2310 68.0700 66.2580 65.0550 62.1510 60.2700 57.3660 54.4620 51.5580 48.6540 45.7500 44.5470 41.6430 40.4410 37.5370 36.3760 35.1330 32.2290 29.3250 28.1630 27.0010 25.1890 23.9870 21.0830 19.9210 18.7600 16.9480 15.7450 12.8410 11.6800 10.5180 9.35700 8.67700 7.51600 6.35400 4.54200 3.34000
17.9180 20.8220 23.7260 26.6300 29.5340 32.4380 35.3420 38.2460 41.1500 44.0540 46.9580 49.8620 52.7660 55.6700 58.5740 61.4780 64.3820 67.2860 68.9870 68.9580 68.9290 68.9000 68.8710 68.8420 68.8130 68.7840 68.7550 68.7260 68.6970 68.6680 66.3270 65.1660 64.0040 62.1920 60.9900 58.0860 56.2040 53.3000 50.3960 47.4920 44.5880 41.6840 40.4820 37.5780 36.3760 33.4720 32.3100 31.0670 28.1630 25.2590 24.0970 22.9360 21.1240 19.9210 17.0170 15.8560 14.6940 12.8820 11.6800 8.77600 7.61400 6.45300 6.42400 4.61200 3.45000 3.38000 0.47600
19.0790 21.9830 24.8870 27.7910 30.6950 33.5990 36.5030 39.4070 42.3110 45.2150 48.1190 51.0230 53.9270 56.8310 59.7350 62.6390 65.5430 66.1120 66.0830 66.0540 66.0250 65.9960 65.9670 65.9380 65.9090 65.8800 65.8510 65.8220 65.7930 65.7640 65.1660 62.2620 61.1000 59.9390 58.1260 56.9240 54.0200 52.1380 49.2340 46.3300 43.4260 40.5220 37.6180 36.4160 33.5120 32.3100 29.4060 28.2440 27.0010 24.0970 21.1930 20.0320 18.8700 17.0580 15.8560 12.9520 11.7900 10.6290 8.81700 7.61400 4.71000 3.54900 3.52000 3.45000 0.54600 0.51700 3.38000
