AppendixA/HikerMovements/data/ascii_files_abm_Orsi/dist_realberto_1000.asc
ncols 271
nrows 294
xllcorner 698225
yllcorner 5141858
cellsize 30.00
nodata_value  226.969
[rows 232 to 260 of 294, columns 67 to 133 of 271]
32.2170 29.3130 26.4090 23.5050 22.3030 19.3990 18.1960 15.2920 14.1310 12.9690 12.9400 11.1280 9.96700 9.93700 9.90800 9.83900 6.93500 6.92300 9.78600 10.9480 13.8110 14.9730 13.9330 11.0290 9.82700 6.92300 6.91200 6.92300 9.82700 12.7310 15.6350 12.8360 9.93200 7.02800 9.93200 12.8360 15.2290 18.1330 21.0370 23.9410 26.8450 29.7490 32.6530 35.5570 37.2120 37.1020 35.9400 35.9110 35.8820 35.0340 33.8720 32.7110 30.7300 27.8260 24.9220 22.0180 19.1140 16.2100 13.3060 10.4020 9.20000 6.29600 9.20000 12.1040 13.2540 10.3670 9.20600
31.0550 28.1510 25.2470 22.3430 19.4390 18.2370 15.3330 14.1310 11.2270 10.0650 10.0360 9.96700 7.06300 7.03300 7.00400 6.97500 6.96400 9.82700 10.9890 13.8520 15.0140 13.9740 11.0700 9.86800 6.96400 6.95200 9.81600 9.82700 10.9890 13.8930 15.7690 12.8650 9.96100 7.05700 9.96100 11.1630 14.0670 16.9710 19.8750 22.7790 25.6830 28.5870 31.4910 33.1460 34.3080 34.1980 33.0360 33.0070 32.9780 32.9490 30.9680 29.8070 28.6450 26.6650 23.7610 20.8570 17.9530 15.0490 12.1450 9.24100 6.33700 6.32500 9.22900 12.1330 14.4330 12.1790 9.27500
29.8940 26.9900 24.0860 21.1820 18.2780 15.3740 14.1720 11.2680 10.0650 7.16100 7.13200 7.10300 7.07400 9.92000 7.01600 7.00400 9.86800 11.0290 13.8930 15.0540 15.7160 12.8120 9.90800 7.00400 6.99300 9.85600 11.0180 12.7310 13.8930 15.0540 15.7980 12.8940 9.99000 7.08600 7.09700 10.0010 12.9050 15.8090 18.7130 21.6170 24.5210 27.4250 30.2710 30.2420 31.4040 31.2940 30.1320 30.1030 30.0740 30.0450 29.3650 26.9030 25.7410 24.5790 22.7670 20.3740 17.4700 14.5660 12.1740 9.27000 6.36600 9.22900 10.3910 13.2950 15.1120 12.2080 9.30400
28.7320 25.8280 22.9240 20.0200 17.1160 14.2120 11.3080 10.1060 7.20200 7.17300 10.0360 10.0070 9.96100 7.05700 7.04500 9.90800 11.0700 13.9330 15.0950 17.9580 15.2340 12.8410 9.93700 7.03300 9.89700 11.0580 13.9220 15.0830 16.7970 17.9580 15.8270 12.9230 10.0190 7.11500 10.0010 11.1630 14.0670 16.9710 19.8750 22.7790 25.6830 27.3960 27.3670 27.3380 28.5000 28.3900 27.2280 27.1990 27.1700 27.1410 26.4610 25.3000 22.8370 21.6750 20.5140 18.7020 16.3090 13.4050 10.5010 9.29900 6.39500 9.29900 12.2030 14.4560 15.1410 12.2370 9.33300
27.5710 24.6670 21.7630 18.8590 15.9550 13.0510 10.1470 7.24300 7.21400 10.0770 11.2380 11.1920 9.99000 7.08600 9.94900 11.1110 13.9740 15.1360 17.9990 16.9770 14.0730 11.1690 9.96700 7.06300 9.96700 11.1690 14.0730 15.2750 18.1790 18.7600 15.8560 12.9520 10.0480 7.14400 7.15500 10.0590 12.9630 15.8670 18.7710 21.6750 24.5210 24.4920 24.4630 24.4340 25.5960 25.4860 24.3240 24.2950 24.2660 24.2370 23.5570 22.3960 21.2340 18.7710 17.6100 16.4480 14.6360 12.2430 9.33900 6.43500 6.42400 9.32800 12.2320 15.1360 15.1700 12.2660 9.36200
28.7320 25.8280 22.9240 20.0200 17.1160 14.2120 11.3080 10.1470 10.1180 11.2790 12.9340 10.0300 7.12600 9.99000 11.1510 14.0150 15.1760 16.0530 16.0240 15.8150 12.9110 10.0070 7.10300 7.09200 7.10300 10.0070 11.2090 14.1130 15.3160 18.2200 15.8850 12.9810 10.0770 7.17300 7.18400 10.0880 12.9920 15.8960 18.8000 21.6460 21.6170 21.5880 21.5590 21.5300 22.6920 22.5820 21.4200 21.3910 21.3620 21.3330 20.6530 19.4920 18.3300 17.6100 14.7060 13.5440 12.3830 10.5710 9.36800 6.46400 9.32800 10.4890 13.3930 16.2970 16.3320 13.4280 10.5240
29.8940 26.9900 24.0860 21.1820 18.2780 15.3740 14.2120 13.0510 13.0220 14.1830 12.9630 10.0590 7.15500 10.0590 12.9630 13.1320 13.1610 13.1490 13.1200 14.2010 12.9400 10.0360 7.13200 7.12100 7.13200 7.14400 10.0480 11.2500 14.1540 15.3560 17.0460 14.1420 11.2380 10.0770 7.21400 10.1180 13.0220 15.3970 18.2600 18.7420 18.7130 18.6840 18.6550 18.6260 19.7880 19.6780 18.5160 18.4870 18.4580 18.4290 17.7490 16.5880 15.4260 15.3970 13.5440 10.6400 9.47900 9.40900 6.50500 6.49300 9.39700 12.3010 14.5550 17.4590 17.4940 14.5900 13.4280
30.9100 28.1510 25.2470 22.3430 19.4390 18.2780 17.1160 15.9550 15.9260 15.8960 12.9920 10.0880 7.18400 10.0880 11.3890 10.2280 10.2570 10.2450 10.2160 11.2970 10.1350 10.0650 7.16100 10.0250 10.0360 7.17300 7.18400 10.0880 11.2910 14.1950 15.3970 15.3040 13.0510 10.1470 7.24300 10.1470 11.3310 14.1950 15.3560 15.8380 15.8090 15.7800 15.7510 15.7220 16.8840 16.7740 15.6120 15.5830 15.5540 15.5250 14.8450 13.6840 12.5220 12.4930 12.3830 9.47900 6.57500 6.54600 6.53400 9.39700 10.5590 13.4630 16.3670 18.6200 18.6550 17.4940 14.7930
28.0470 29.3130 26.4090 23.5050 22.3430 21.1820 20.0200 18.8590 18.8300 15.9260 13.0220 10.1180 7.21400 10.1180 10.1870 7.32400 7.35300 7.34100 7.31200 10.1350 7.23100 7.20200 7.19000 10.0940 11.2380 10.0770 7.21400 7.22500 10.1290 11.3310 14.2350 15.4380 14.2120 11.3080 10.1470 7.26600 10.1290 11.2910 12.9630 12.9340 12.9050 12.8760 12.8470 12.8180 13.9800 13.8700 12.7080 12.6790 12.6500 12.6210 12.5920 10.7800 9.61800 9.58900 9.56000 9.49000 6.58600 9.45000 9.43800 10.6000 13.4630 14.6250 17.5290 20.4330 18.9280 16.5350 13.6310
26.8850 26.7050 25.5440 23.7310 22.5700 21.4080 19.5960 18.4350 17.2730 15.9550 13.0510 10.1470 7.24300 7.25400 7.28300 7.31200 7.34100 7.33000 7.30100 7.27200 7.24300 7.23100 7.21900 10.1230 13.0270 11.2790 10.1180 7.25400 7.26600 10.1700 11.3720 13.1840 14.3460 13.0620 10.1580 7.25400 7.22500 10.0880 10.0590 10.0300 10.0010 9.97200 9.94300 9.91400 11.0760 10.9660 9.80400 9.77500 9.74600 9.71700 9.68800 9.61800 6.71400 6.68500 6.65600 6.62700 9.49000 10.6520 12.3420 13.5040 14.6650 17.5290 18.6900 20.6710 17.7670 14.8630 12.4700
24.0220 23.8010 22.6400 21.4780 19.6660 18.5040 17.3430 15.5310 14.3690 13.2070 13.0800 10.1760 7.27200 7.28300 7.29500 10.1990 10.2450 10.2340 10.2050 10.1760 10.1470 10.1350 10.1230 11.2850 14.1890 14.1830 11.3200 10.1580 7.29500 7.30600 10.2100 10.2800 11.4420 13.1320 11.3200 10.1180 7.21400 7.18400 7.15500 7.12600 7.09700 7.06800 7.03900 7.01000 9.87400 9.80400 6.90000 6.87100 6.84200 6.81300 6.78400 6.75500 6.72600 6.69700 6.66800 9.53100 10.6930 13.5560 14.7170 16.4080 17.5690 18.7310 21.5940 19.5090 16.6050 13.7010 10.7970
22.7090 21.5480 19.7360 18.5740 17.4120 15.6000 14.4390 13.2770 11.4650 10.3030 10.2740 10.2050 7.30100 7.31200 7.32400 7.33600 10.2400 11.4420 13.1090 13.0800 13.0510 13.0390 13.0270 14.1890 15.3510 15.3850 14.2240 11.3600 10.1990 7.33600 7.34700 7.37600 10.2570 10.2280 11.3890 11.2790 10.1180 10.0880 10.0190 7.11500 7.08600 7.05700 7.02800 6.99900 6.97000 6.94100 6.91200 9.77500 9.74600 9.71700 9.68800 9.65900 9.63000 9.60100 9.57200 10.7330 13.5970 14.7580 17.6210 18.7830 20.4730 21.6350 21.2510 18.3470 15.4430 12.5390 9.63500
19.8050 18.6440 17.4820 15.6700 14.5080 13.3470 11.5350 10.3730 10.3030 7.39900 7.37000 7.34100 7.33000 10.2160 10.2280 7.36500 7.37600 10.2800 11.4820 14.3860 15.5890 15.9430 15.9310 17.0930 18.2550 18.2890 15.4260 14.2640 11.4010 10.2400 7.37600 7.38200 7.35300 7.32400 10.1870 10.1180 7.21400 7.18400 7.15500 7.12600 7.09700 9.96100 9.93200 9.90300 9.87400 9.84500 9.81600 10.9770 12.6500 12.6210 12.5920 12.5630 12.5340 12.5050 12.4760 13.6370 14.7990 17.6620 18.8240 21.6870 22.8490 24.1850 21.2810 18.3770 15.4730 12.5690 9.66500
18.6440 15.7400 14.5780 13.4160 11.6040 10.4430 10.3730 7.46900 7.44000 7.41100 7.38200 10.2450 10.2340 11.3950 11.4300 10.2690 7.40500 7.41700 10.3210 11.5230 14.4270 17.3310 18.8350 19.9970 21.1590 19.4920 18.3300 15.4670 14.3050 11.4420 10.2800 10.2860 10.2160 7.31200 7.28300 7.25400 7.22500 10.0880 10.0590 10.0300 10.0010 11.1630 12.8360 12.8070 12.7780 12.7490 12.7200 13.8810 15.0430 15.5250 15.4960 15.4670 15.4380 15.4090 15.3800 16.5410 17.7030 18.8640 21.7280 22.8890 25.7530 23.1910 21.3100 18.4060 15.5020 12.5980 9.69400
15.7800 14.5780 11.6740 10.5120 10.4430 7.53900 7.51000 7.48100 10.3440 10.3150 10.2860 11.4480 13.1380 14.2990 14.3340 11.4710 10.3090 7.44600 7.45700 10.3610 13.2650 16.1690 19.0730 21.9770 23.5570 22.3960 19.5320 18.3710 15.5070 14.3460 13.1840 13.1900 11.3780 10.2160 10.1870 10.1580 10.1290 11.2910 12.9630 12.9340 12.9050 14.0670 15.2290 15.7110 15.6820 15.6530 15.6240 16.7850 17.9470 18.4290 18.4000 18.3710 18.3420 18.3130 18.2840 19.4450 20.6070 21.7680 22.9300 25.7930 24.9340 22.0300 19.1260 17.9230 15.0190 12.6270 9.72300
13.5270 11.7150 10.5120 7.60800 7.57900 7.55000 10.4140 10.3850 11.5460 13.2190 13.1900 14.3520 15.5130 17.2030 15.5360 14.3750 11.5110 10.3500 7.48700 10.3910 13.2950 16.1990 19.1030 22.0070 24.9110 23.5980 22.4360 19.5730 18.4110 17.2500 16.0880 15.4430 14.2820 13.1200 13.0910 13.0620 13.0330 14.1950 15.3560 15.8380 15.8090 16.9710 18.1330 18.6150 18.5860 18.5570 18.5280 19.6890 20.8510 21.3330 21.3040 21.2750 21.2460 21.2170 21.1880 22.3490 23.5110 24.6720 25.8340 26.6760 23.7720 20.8680 17.9640 15.0600 13.8580 10.9540 9.75200
10.6230 10.5530 7.64900 7.62000 10.4830 10.4540 11.6160 13.2890 13.6550 14.8160 15.9780 17.2560 18.4170 19.5790 18.4400 15.5770 13.3240 10.4200 7.51600 10.4200 13.3240 16.2280 19.1320 22.0360 24.9400 26.5020 23.6390 22.4770 21.3150 20.1540 18.9920 18.3470 17.1860 16.0240 15.9950 15.9660 15.9370 17.0990 18.2600 18.7420 18.7130 19.8750 21.0370 21.5190 21.4900 21.4610 21.4320 22.5930 23.7550 24.2370 24.2080 24.1790 24.1500 24.1210 24.0920 25.2530 26.4150 27.5760 28.4190 25.5150 22.6110 19.7070 16.8030 13.8990 10.9950 9.79200 6.88800
7.71900 7.69000 7.66100 10.5240 10.6340 10.6630 10.6930 10.7220 10.7510 11.9120 14.8160 17.7200 20.0960 22.0650 19.1610 16.2570 13.3530 10.4490 7.54500 10.4490 13.3530 16.2570 19.1610 22.0650 24.9690 27.7040 26.5430 25.3810 24.2190 23.0580 21.8960 21.2510 20.0900 18.9280 18.8990 18.8700 18.8410 20.0030 21.1640 21.6460 21.6170 22.7790 23.9410 24.4230 24.3940 24.3650 24.3360 25.4970 26.6590 27.1410 27.1120 27.0830 27.0540 27.0250 26.9960 28.1570 29.3190 30.1610 27.2570 24.3530 21.4490 18.5450 15.6410 12.7370 9.83300 6.92900 6.91700
7.73000 7.70100 7.69000 7.70100 7.73000 7.75900 7.78900 7.81800 7.84700 10.7510 13.6550 16.0300 18.9340 21.8380 19.1900 16.2860 13.3820 10.4780 7.57400 10.4780 13.3820 16.2860 19.1900 22.0940 24.9980 27.9020 29.4470 28.2850 27.1230 25.9620 24.8000 24.1550 22.9940 21.8320 21.8030 21.7740 21.7450 22.9070 24.0680 24.5500 24.5210 25.6830 26.8450 27.3270 27.2980 27.2690 27.2400 28.4010 29.5630 30.0450 30.0160 29.9870 29.9580 29.9290 29.9000 31.0610 31.5610 29.1680 26.2640 23.3600 20.9670 18.0630 15.1590 12.7660 9.86200 6.95800 9.82100
7.74200 10.6050 10.5940 10.6050 10.6340 10.6630 10.6930 10.7220 7.85800 10.7620 11.9640 14.8680 17.7720 20.1650 19.2190 16.3150 13.4110 10.5070 7.60300 10.5070 13.4110 16.3150 19.2190 22.1230 25.0270 27.9310 30.8350 31.1890 30.0270 28.8660 27.7040 27.0590 25.8980 24.7360 24.7070 24.6780 24.6490 25.8110 26.9720 27.4540 27.4250 28.5870 29.7490 30.2310 30.2020 30.1730 30.1440 31.3050 32.4670 32.9490 32.9200 32.8910 32.8620 32.8330 32.8040 31.6010 30.3990 27.4950 25.1020 22.1980 19.2940 16.9010 13.9970 11.0930 9.89100 6.98700 9.89100
7.77100 10.6750 13.4980 13.5090 13.5380 13.5670 13.5970 10.7910 7.88700 7.89900 10.8030 13.7070 16.1000 19.0040 19.2480 16.3440 13.4400 10.5360 7.63200 10.5360 13.4400 16.3440 19.2480 22.1520 25.0560 27.9600 30.8640 33.7680 32.9310 31.7700 30.6080 29.9630 28.8020 27.6400 27.6110 27.5820 27.5530 28.7150 29.8760 30.3580 30.3290 31.4910 32.6530 33.1350 33.1060 33.0770 33.0480 34.2090 35.3710 35.8530 35.3650 34.2030 33.0420 31.8800 30.7190 30.4400 27.5360 26.3330 23.4290 21.0370 18.1330 15.2290 12.8360 9.93200 7.02800 7.01600 9.92000
10.6750 11.8370 14.7410 16.4130 16.4420 16.4710 14.8570 11.9530 10.7910 7.92800 10.8320 12.0340 14.9380 16.1400 19.0440 16.3730 13.4690 10.5650 7.66100 10.5650 13.4690 16.3730 19.2770 22.1810 25.0850 27.9890 30.8930 33.7970 35.8350 34.6740 33.5120 32.8670 31.7060 30.5440 30.5150 30.4860 30.4570 31.6190 32.7800 33.2620 33.2330 34.3950 35.5570 36.0390 36.0100 35.9810 35.9520 35.9460 34.7840 33.6230 32.4610 31.2990 30.1380 28.9760 27.8150 27.7850 26.3740 23.4700 22.2680 19.3640 16.9710 14.0670 11.1630 9.96100 7.05700 9.92000 11.0820
13.5790 14.7410 15.9020 18.8060 19.3460 18.9220 16.0180 14.8570 11.9940 10.8320 7.96900 10.8730 12.0750 14.9790 17.8830 16.4020 13.4980 10.5940 7.69000 10.5940 13.4980 16.4020 19.3060 22.2100 25.1140 28.0180 30.9220 33.8260 36.7300 37.5780 36.4160 35.7710 34.6100 33.4480 33.4190 33.3900 33.3610 34.5230 35.2780 34.1160 34.0870 35.2490 36.4100 36.2420 35.0800 33.9190 33.8900 33.6920 31.8800 30.7190 29.5570 28.3950 27.2340 26.0720 24.9110 24.8810 25.2130 22.3090 19.4050 18.2020 15.2980 12.9050 10.0010 7.09700 7.08600 9.99000 12.8940
15.9550 17.6450 18.8060 19.9680 22.2500 20.0840 18.9220 16.0590 13.8060 10.9020 7.99800 8.00900 10.9130 13.8170 16.7210 15.9200 13.5270 10.6230 7.71900 10.6230 13.5270 16.4310 19.3350 22.2390 25.1430 28.0470 30.9510 33.8550 36.4160 39.3200 39.3200 38.6750 37.5140 36.3520 36.3230 35.8590 34.6970 33.5350 32.3740 31.2120 31.1830 32.3450 33.5060 33.3380 32.1760 31.0150 30.9860 30.7880 29.6270 27.8150 26.6530 25.4910 24.3300 23.1680 22.0070 21.9770 23.0580 21.1470 18.2430 15.3390 14.1370 11.2330 10.0300 7.12600 9.99000 11.1510 14.0550
18.8590 20.0200 21.7100 22.8720 24.0340 22.9880 20.1250 17.8710 14.9670 12.0630 10.9020 8.03800 10.9420 13.8460 16.7500 14.7580 11.8540 10.6520 7.74800 10.6520 13.5560 16.4600 19.3640 22.2680 25.1720 28.0760 30.9800 32.3510 35.2550 37.1250 37.2930 37.2640 36.4390 35.2780 34.1160 32.9550 31.7930 30.6310 29.4700 28.3080 28.2790 29.4410 30.6020 30.4340 29.2720 28.1110 28.0820 27.8840 26.7230 25.5610 23.7490 22.5870 21.4260 20.2640 19.1030 19.0730 20.1540 18.9920 17.0810 14.1770 11.2730 10.0710 7.16700 7.15500 10.0590 12.9630 15.2170
20.0610 22.9240 24.0860 25.7760 25.5030 22.5990 19.6950 16.7910 13.8870 10.9830 8.07900 8.06700 10.9710 13.8750 16.5010 13.5970 10.6930 7.78900 7.77700 10.6810 13.5850 15.9780 18.8820 21.7860 24.1790 27.0830 28.2850 31.1890 33.0590 34.2210 34.3890 34.3600 33.6810 32.3740 31.2120 30.0510 28.8890 27.7270 26.5660 25.4040 25.3750 26.5370 27.6980 27.5300 26.3680 25.2070 25.1780 25.1490 23.8190 22.6570 21.4950 19.6830 18.5220 17.3600 16.1990 16.1690 17.2500 16.0880 15.4090 13.0160 10.1120 7.20800 7.19600 10.0590 11.2210 14.1250 17.0290
22.9650 24.1260 26.9900 28.1510 25.5320 22.6280 19.7240 16.8200 13.9160 11.0120 8.10800 10.9710 12.1330 15.0370 16.5300 13.6260 10.7220 7.81800 7.80600 10.7100 11.9120 14.8160 17.7200 20.1130 23.0170 24.2190 27.1230 28.9940 30.1550 31.3170 31.4850 31.4560 30.7770 29.6150 28.3080 27.1470 25.9850 24.8230 23.6620 22.5000 22.4710 23.6330 24.7940 24.6260 23.4640 22.3030 22.2740 22.2450 21.5650 19.7530 18.5910 17.4300 15.6180 14.4560 13.2950 13.2650 14.3460 13.1840 13.1550 11.3430 10.1410 7.23700 10.1000 11.2620 14.1250 15.2870 18.1910
25.8690 27.0300 28.1920 28.4650 25.5610 22.6570 19.7530 16.8490 13.9450 11.0410 8.13700 8.14900 11.0530 13.9570 16.8550 14.7870 11.8830 10.7220 7.83500 7.84700 10.7510 13.6550 16.0480 18.9520 20.1540 23.0580 24.9280 26.0900 27.2510 28.4130 28.5810 28.5520 27.8730 26.7110 25.5490 24.2430 23.0810 21.9190 20.7580 19.5960 19.5670 20.7290 21.8900 21.7220 20.5600 19.3990 19.3700 19.3410 18.6610 17.5000 15.6870 14.5260 13.3640 11.5520 10.3910 10.3610 11.4420 10.2800 10.2510 10.1810 7.27700 10.1410 11.3020 14.1660 15.3270 18.1910 19.3520
28.2620 29.9340 31.0960 28.4940 25.5900 22.6860 19.7820 16.8780 13.9740 11.0700 8.16600 11.0530 12.2140 13.9800 13.9510 13.9220 13.8930 11.9010 10.7390 7.87600 10.7800 11.9820 14.8860 16.0880 18.9920 20.8620 22.0240 23.1860 24.3470 25.6770 25.6770 25.6480 24.9690 23.8070 22.6450 22.6160 20.1770 19.0150 17.8540 16.6920 16.6630 17.8250 18.9860 18.8180 17.6560 16.4950 16.4660 16.4370 15.7570 14.5960 13.4340 11.6220 10.4600 10.3910 7.48700 7.45700 10.2800 7.37600 7.34700 7.31800 7.30600 10.2100 13.1140 15.3680 18.2310 19.3930 22.2560
