AppendixA/HikerMovements/data/ascii_files_abm_Orsi/dist_rodadevael_1000.asc
ncols 271
nrows 294
xllcorner 698225
yllcorner 5141858
cellsize 30.00
nodata_value  222.480
[rows 261 to 289 of 294, columns 134 to 200 of 271]
20.4150 21.5770 24.4810 27.3850 29.6380 32.5420 35.4460 37.7000 40.6040 43.5080 46.4120 49.3160 52.2200 53.8230 56.7270 59.6310 62.5350 65.4390 68.3430 71.2470 74.1510 77.0550 79.9590 82.8630 85.7670 88.6710 91.5750 94.4790 97.3830 100.287 103.191 106.095 108.999 111.903 114.807 117.711 120.615 123.519 126.423 129.327 132.231 135.135 138.039 140.943 143.847 146.751 149.655 149.817 148.656 147.494 146.333 145.171 144.009 142.848 141.686 140.525 139.363 138.201 137.040 135.878 134.717 133.555 132.393 131.232 130.070 128.909 127.747
21.6170 24.4810 25.6420 28.5460 31.4500 33.7040 36.6080 39.5120 41.7650 44.6690 47.5730 50.4770 53.3810 56.2850 57.8880 60.7920 63.6960 66.6000 69.5040 72.4080 75.3120 78.2160 81.1200 84.0240 86.9280 89.8320 92.7360 95.6400 98.5440 101.448 104.352 107.256 110.160 113.064 115.968 118.872 121.776 124.680 127.584 130.488 133.392 136.296 139.200 142.104 145.008 147.912 149.893 150.718 150.747 150.398 149.237 148.075 146.913 145.752 144.590 143.429 142.267 141.105 139.944 138.782 137.621 136.459 135.297 134.136 132.974 131.813 130.651
24.5210 25.6830 28.5460 29.7080 32.6120 35.5160 37.7690 40.6730 43.5770 45.8310 48.7350 51.6390 54.5430 57.4470 60.3510 61.9540 64.8580 67.7620 70.6660 73.5700 76.4740 79.3780 82.2820 85.1860 88.0900 90.9940 93.8980 96.8020 99.7060 102.610 105.514 108.418 111.322 114.226 117.130 120.034 122.938 125.842 128.746 131.650 134.554 137.458 140.362 143.266 144.666 145.827 146.989 147.814 147.843 147.872 147.901 147.930 149.091 148.656 147.494 146.333 143.713 142.552 141.390 140.228 139.067 137.905 136.744 135.750 134.589 133.427 132.266
25.7240 28.5870 29.7490 32.6120 33.7740 36.6780 39.5820 41.8350 44.7390 47.6430 49.8970 52.8010 55.7050 58.6090 61.5130 64.4170 66.0200 68.9240 71.8280 74.7320 77.6360 80.5400 83.4440 86.3480 89.2520 92.1560 95.0600 97.9640 100.868 103.772 106.676 109.580 112.484 115.388 118.292 121.196 124.100 127.004 129.908 132.812 135.716 138.277 139.438 140.600 141.762 142.923 144.230 144.910 144.939 144.968 144.997 145.026 146.187 147.349 146.536 143.672 142.511 139.648 138.486 137.324 136.163 135.001 133.840 133.357 131.685 130.523 129.362
27.5360 29.7890 32.6530 33.8140 36.6780 37.8390 40.7430 43.6470 45.9010 48.8050 51.7090 53.9620 56.8660 59.7700 62.6740 65.5780 68.4820 70.0850 72.9890 75.8930 78.7970 81.7010 84.6050 87.5090 90.4130 93.3170 96.2210 99.1250 102.029 104.933 107.837 110.741 113.645 116.549 119.453 122.357 125.261 128.165 131.069 133.050 134.211 135.373 136.534 137.696 138.858 140.164 141.326 142.006 142.035 142.064 142.093 142.122 143.283 144.445 143.632 142.470 139.607 138.445 135.582 134.420 133.259 132.097 130.936 130.453 129.292 127.619 126.458
28.6970 31.6010 33.8550 36.7180 37.8800 40.7430 41.9050 44.8090 47.7130 49.9660 52.8700 55.7740 58.0280 60.9320 63.8360 66.7400 69.6440 72.5480 74.1510 77.0550 79.9590 82.8630 85.7670 88.6710 91.5750 94.4790 97.3830 100.287 103.191 106.095 108.999 111.903 114.807 117.711 120.615 123.519 126.423 129.327 131.307 130.146 131.307 132.469 133.630 134.792 136.099 137.260 138.422 139.102 139.131 139.160 139.189 139.218 140.379 141.541 142.470 139.566 138.405 135.541 134.380 131.516 130.355 129.193 128.032 127.549 126.388 125.226 123.554
29.8590 32.7630 35.6670 37.9200 40.7840 41.9450 44.8090 45.9700 48.8740 51.7780 54.0320 56.9360 59.8400 62.0930 64.9970 67.9010 70.8050 73.7090 76.6130 78.2160 81.1200 84.0240 86.9280 89.8320 92.7360 95.6400 98.5440 101.448 104.352 107.256 110.160 113.064 115.968 118.872 121.776 124.680 127.584 129.425 128.403 127.242 128.403 129.565 130.726 133.166 133.195 134.356 135.518 136.198 136.227 136.256 136.285 136.314 137.475 138.637 139.799 138.405 135.501 134.339 131.476 130.314 127.451 126.289 125.128 125.157 123.484 122.322 122.351
32.7630 33.9250 36.8290 39.7330 41.9860 44.8490 46.0110 48.8740 50.0360 52.9400 55.8440 58.0970 61.0010 63.9050 66.1590 69.0630 71.9670 74.8710 77.7750 80.6790 82.2820 85.1860 88.0900 90.9940 93.8980 96.8020 99.7060 102.610 105.514 108.418 111.322 114.226 117.130 120.034 122.938 124.198 125.360 126.521 125.499 124.338 125.499 126.661 129.565 130.262 130.291 131.452 132.614 133.294 133.323 133.352 133.381 133.410 134.571 135.733 136.895 137.243 134.339 131.435 130.273 127.410 126.248 123.385 122.224 122.253 122.282 119.418 119.447
35.6670 36.8290 37.9900 40.8940 43.7980 46.0520 48.9150 50.0770 52.9400 54.1020 57.0060 59.9100 62.1630 65.0670 67.9710 70.2250 73.1290 76.0330 78.9370 81.8410 84.7450 86.3480 89.2520 92.1560 95.0600 97.9640 100.868 103.772 106.676 109.580 112.484 115.388 118.292 121.196 121.265 121.294 122.456 124.268 122.595 121.434 122.595 125.499 126.678 127.358 127.387 128.548 129.710 130.390 130.419 130.448 130.477 130.506 131.667 132.829 133.991 135.152 133.177 130.273 127.369 126.208 123.344 122.183 119.320 119.349 119.378 122.282 122.351
38.5710 39.7330 40.8940 42.0560 44.9600 47.8640 50.1170 52.9810 54.1420 57.0060 58.1670 61.0710 63.9750 66.2290 69.1330 72.0370 74.2900 77.1940 80.0980 83.0020 85.9060 88.8100 90.4130 93.3170 96.2210 99.1250 102.029 104.933 107.837 110.741 113.645 116.549 119.453 118.332 118.361 118.390 121.294 121.364 121.393 118.530 121.434 122.613 124.425 124.454 124.483 125.644 126.806 127.486 127.515 127.544 127.573 127.602 128.763 129.925 131.087 133.038 131.365 129.112 126.208 123.304 122.142 119.279 122.183 122.253 122.282 123.443 125.255
41.4750 42.6370 43.7980 44.9600 46.1210 49.0250 51.9290 54.1830 57.0460 58.2080 61.0710 62.2330 65.1370 68.0410 70.2940 73.1980 76.1020 78.3560 81.2600 84.1640 87.0680 89.9720 92.8760 94.4790 97.3830 100.287 103.191 106.095 108.999 111.903 114.807 117.711 120.615 118.361 121.265 118.402 118.431 118.460 118.489 118.518 118.547 121.451 121.521 121.550 121.579 122.740 124.553 124.582 124.611 124.640 124.669 124.698 125.859 127.021 129.925 130.134 128.972 127.300 125.046 122.142 119.238 122.142 123.344 125.157 125.186 126.347 127.509
44.3790 45.5410 46.7020 47.8640 49.0250 50.1870 53.0910 55.9950 58.2480 61.1120 62.2730 65.1370 66.2980 69.2020 72.1060 74.3600 77.2640 80.1680 82.4210 85.3250 88.2290 91.1330 94.0370 96.9410 98.5440 101.448 104.352 107.256 110.160 113.064 115.968 118.872 121.776 121.265 118.402 121.306 121.335 121.364 121.393 121.422 118.559 118.588 118.617 118.646 118.675 121.579 121.649 121.678 121.707 121.736 121.765 121.794 122.955 125.859 127.062 127.230 126.068 124.907 123.234 122.073 119.209 122.113 125.017 127.410 128.090 129.251 130.413
47.2830 48.4450 49.6060 50.7680 51.9290 53.0910 54.2530 57.1570 60.0610 62.3140 65.1770 66.3390 69.2020 70.3640 73.2680 76.1720 78.4250 81.3290 84.2330 86.4870 89.3910 92.2950 95.1990 98.1030 101.007 102.610 105.514 108.418 111.322 114.226 117.130 120.034 122.938 121.335 118.431 121.335 122.537 124.268 124.297 122.624 121.463 121.492 121.521 121.550 121.579 118.716 118.745 118.774 118.803 118.832 118.861 118.890 121.794 122.996 124.808 124.837 123.164 122.003 122.032 119.169 122.073 123.275 126.179 129.083 130.994 132.155 133.317
50.1870 51.3490 52.5100 53.6720 54.8330 55.9950 57.1570 58.3180 61.2220 64.1260 66.3800 69.2430 70.4050 73.2680 74.4300 77.3340 80.2380 82.4910 85.3950 88.2990 90.5530 93.4570 96.3610 99.2650 102.169 105.073 106.676 109.580 112.484 115.388 118.292 121.196 124.100 122.497 121.335 118.472 121.376 124.280 126.690 125.528 124.367 124.396 124.425 124.454 122.781 121.620 121.649 121.678 121.707 121.736 121.765 118.901 118.930 121.834 121.904 121.933 121.962 119.099 119.128 122.032 123.234 126.138 127.340 130.244 133.148 135.059 136.221
53.0910 54.2530 55.4140 56.5760 57.7370 58.8990 60.0610 61.2220 62.3840 65.2880 68.1920 70.4450 73.3090 74.4700 77.3340 78.4950 81.3990 84.3030 86.5570 89.4610 92.3650 94.6180 97.5220 100.426 103.330 106.234 109.138 110.741 113.645 116.549 119.453 122.357 125.261 124.309 121.405 118.501 121.405 124.309 127.213 128.432 127.271 127.300 127.329 126.847 125.685 124.524 124.553 124.582 124.611 124.640 122.967 121.805 121.834 118.971 119.000 119.029 119.058 121.962 122.032 123.193 126.097 127.300 130.204 131.406 134.310 137.214 139.125
55.9950 57.1570 58.3180 59.4800 60.6410 61.8030 62.9650 64.1260 65.2880 66.4490 69.3530 72.2570 74.5110 77.3740 78.5360 81.3990 82.5610 85.4650 88.3690 90.6220 93.5260 96.4300 98.6840 101.588 104.492 107.396 110.300 113.204 114.807 117.711 120.615 123.519 126.423 124.338 121.434 118.530 121.434 124.338 126.731 129.635 130.175 130.204 130.233 129.751 128.589 127.428 127.457 127.486 127.515 127.033 125.871 124.709 123.037 121.875 121.904 121.933 121.962 123.124 124.936 126.097 127.259 130.163 131.365 134.269 135.472 138.376 141.280
58.8990 60.0610 61.2220 62.3840 63.5450 64.7070 65.8690 67.0300 68.1920 69.3530 70.5150 73.4190 76.3230 78.5760 81.4400 82.6010 85.4650 86.6260 89.5300 92.4340 94.6880 97.5920 100.496 102.749 105.653 108.557 111.461 114.365 117.269 118.872 121.776 124.680 126.632 124.367 121.463 118.559 121.463 122.665 125.569 128.473 131.377 133.108 133.137 132.655 131.493 130.332 130.361 130.390 130.419 129.937 128.775 127.102 125.941 124.779 124.808 124.837 124.866 126.028 127.189 129.001 130.163 131.325 134.229 135.431 138.335 139.537 142.441
61.8030 62.9650 64.1260 65.2880 66.4490 67.6110 68.7730 69.9340 71.0960 72.2570 73.4190 74.5810 77.4850 80.3890 82.6420 85.5050 86.6670 89.5300 90.6920 93.5960 96.5000 98.7530 101.657 104.561 106.815 109.719 112.623 115.527 118.431 121.335 121.405 122.566 125.470 124.396 121.492 118.588 118.599 121.503 124.407 127.311 130.215 133.119 136.023 135.559 134.397 133.236 133.265 133.294 133.323 132.841 131.168 130.006 128.845 127.683 127.712 127.741 127.770 128.932 130.093 131.255 133.067 134.229 135.390 138.294 139.497 142.401 143.603
64.7070 65.8690 67.0300 68.1920 69.3530 70.5150 71.6770 72.8380 74.0000 75.1610 76.3230 77.4850 78.6460 81.5500 84.4540 86.7080 89.5710 90.7330 93.5960 94.7580 97.6620 100.566 102.819 105.723 108.627 110.881 113.785 116.689 119.593 118.472 118.501 121.405 124.309 124.425 121.521 118.617 118.628 121.532 124.436 126.829 129.733 132.637 135.541 138.445 137.301 136.140 136.169 136.198 136.227 135.233 134.072 132.910 131.749 130.587 130.616 130.645 130.674 131.836 132.997 134.159 135.321 137.133 138.294 139.456 142.360 143.562 146.466
67.6110 68.7730 69.9340 71.0960 72.2570 73.4190 74.5810 75.7420 76.9040 78.0650 79.2270 80.3890 81.5500 82.7120 85.6160 88.5200 90.7730 93.6370 94.7980 97.6620 98.8230 101.727 104.631 106.885 109.789 112.693 114.946 117.850 120.754 121.376 118.512 121.416 124.320 124.454 121.550 118.646 118.657 121.561 122.764 125.668 128.572 131.476 134.380 137.284 139.165 139.044 139.073 139.102 139.131 138.137 136.976 135.814 134.653 133.491 133.520 133.549 133.578 134.740 135.901 137.063 138.225 139.386 141.198 142.360 143.521 146.425 147.628
70.5150 71.6770 72.8380 74.0000 75.1610 76.3230 77.4850 78.6460 79.8080 80.9690 82.1310 83.2930 84.4540 85.6160 86.7770 89.6810 92.5850 94.8390 97.7020 98.8640 101.727 102.889 105.793 108.697 110.950 113.854 116.758 119.012 121.916 121.445 118.541 121.445 124.349 124.483 121.579 118.675 118.686 118.698 121.602 124.506 127.410 130.314 133.218 135.100 138.004 140.908 141.977 142.006 142.035 141.041 139.880 138.718 137.557 136.395 136.424 136.453 136.482 137.644 138.805 139.967 141.129 142.290 143.452 145.264 146.425 147.587 150.491
73.4190 74.5810 75.7420 76.9040 78.0650 79.2270 80.3890 81.5500 82.7120 83.8730 85.0350 86.1970 87.3580 88.5200 89.6810 90.8430 93.7470 96.6510 98.9040 101.768 102.929 105.793 106.954 109.858 112.762 115.016 117.920 120.824 123.077 121.474 118.570 121.474 124.378 125.644 122.740 121.579 118.716 118.727 121.631 124.535 126.928 129.832 131.034 133.938 136.842 139.235 142.139 144.910 144.939 143.945 142.784 141.622 140.461 139.299 139.328 139.357 139.386 140.548 141.709 142.871 144.033 145.194 146.356 147.517 149.329 150.491 151.653
76.3230 77.4850 78.6460 79.8080 80.9690 82.1310 83.2930 84.4540 85.6160 86.7770 87.9390 89.1010 90.2620 91.4240 92.5850 93.7470 94.9090 97.8130 100.717 102.970 105.833 106.995 109.858 111.020 113.924 116.828 119.081 121.985 124.407 121.503 118.599 121.503 122.706 125.610 124.553 121.649 118.745 118.756 121.660 122.862 125.766 126.969 129.873 132.777 135.170 138.074 140.978 143.882 146.786 146.849 145.688 144.526 143.365 142.203 142.232 142.261 142.290 143.452 144.613 145.775 146.937 148.098 149.260 150.421 151.583 153.395 154.557
79.2270 80.3890 81.5500 82.7120 83.8730 85.0350 86.1970 87.3580 88.5200 89.6810 90.8430 92.0050 93.1660 94.3280 95.4890 96.6510 97.8130 98.9740 101.878 104.782 107.036 109.899 111.061 113.924 115.086 117.990 120.894 123.147 125.569 122.665 121.503 118.640 121.544 124.448 122.880 121.678 118.774 121.660 118.797 121.701 122.903 125.807 128.711 131.104 134.008 136.912 139.816 142.720 145.624 148.528 148.592 147.430 146.269 145.107 145.136 145.165 145.194 146.356 147.517 148.679 149.841 151.002 152.164 153.325 154.487 155.649 157.461
82.1310 83.2930 84.4540 85.6160 86.7770 87.9390 89.1010 90.2620 91.4240 92.5850 93.7470 94.9090 96.0700 97.2320 98.3930 99.5550 100.717 101.878 103.040 105.944 108.848 111.101 113.965 115.126 117.990 119.151 122.055 124.959 126.731 124.477 121.573 118.669 121.573 122.775 121.695 118.814 121.678 122.839 121.701 118.837 121.741 124.645 127.038 129.942 132.846 135.750 138.654 141.558 144.462 147.366 150.270 150.334 149.173 148.011 148.040 148.069 148.098 149.260 150.421 151.583 152.745 153.906 155.068 156.229 157.391 158.553 159.714
85.0350 86.1970 87.3580 88.5200 89.6810 90.8430 92.0050 93.1660 94.3280 95.4890 96.6510 97.8130 98.9740 100.136 101.297 102.459 103.621 104.782 105.944 107.105 110.009 112.913 115.167 118.030 119.192 122.055 123.217 126.121 128.543 125.639 122.735 121.573 118.710 121.614 118.791 118.820 121.724 124.628 121.771 118.867 121.771 122.973 125.877 128.781 131.685 134.589 137.493 140.397 143.301 146.205 149.109 152.013 152.077 150.915 150.944 150.973 151.002 152.164 153.325 154.487 155.649 156.810 157.972 159.133 160.295 161.457 162.618
87.9390 89.1010 90.2620 91.4240 92.5850 93.7470 94.9090 96.0700 97.2320 98.3930 99.5550 100.717 101.878 103.040 104.201 105.363 106.525 107.686 108.848 110.009 111.171 114.075 116.979 119.232 122.096 123.257 126.121 127.282 129.704 126.800 124.547 121.643 118.739 118.750 118.779 121.683 122.886 125.790 122.932 121.771 118.907 121.811 124.715 127.619 130.523 133.427 136.331 139.235 142.139 145.043 147.947 150.851 153.755 153.819 153.848 153.877 153.906 155.068 156.229 157.391 158.553 159.714 160.876 162.037 163.199 164.361 165.522
90.8430 92.0050 93.1660 94.3280 95.4890 96.6510 97.8130 98.9740 100.136 101.297 102.459 103.621 104.782 105.944 107.105 108.267 109.429 110.590 111.752 112.913 114.075 115.237 118.141 121.045 123.298 126.161 127.323 130.186 130.866 128.612 125.708 122.804 121.643 118.779 121.683 122.845 125.749 126.951 124.744 121.840 118.936 121.840 124.744 127.648 130.552 133.456 136.360 139.264 142.168 145.072 147.976 150.880 153.784 156.688 156.752 156.781 156.810 157.972 159.133 160.295 161.457 162.618 163.780 164.941 166.103 167.265 168.426
93.7470 94.9090 96.0700 97.2320 98.3930 99.5550 100.717 101.878 103.040 104.201 105.363 106.525 107.686 108.848 110.009 111.171 112.333 113.494 114.656 115.817 116.979 118.141 119.302 122.206 125.110 127.364 130.227 131.389 132.678 129.774 126.870 124.616 121.712 118.808 121.712 124.616 126.911 127.677 124.773 121.869 118.965 121.869 124.773 127.677 130.581 133.485 135.367 138.271 141.175 144.079 146.983 149.887 152.791 155.695 158.599 159.685 159.714 160.876 162.037 163.199 164.361 165.522 166.684 167.845 169.007 170.169 171.330
