AppendixA/HikerMovements/data/ascii_files_abm_Orsi/dist_realberto_1000.asc
ncols 271
nrows 294
xllcorner 698225
yllcorner 5141858
cellsize 30.00
nodata_value  226.969
[rows 174 to 202 of 294, columns 201 to 267 of 271]
10.9890 12.1500 13.3120 14.9850 16.1460 17.3080 20.1710 21.3330 24.1960 21.4840 20.3220 17.4590 16.2970 15.1360 13.4630 12.3010 11.1400 11.1690 11.1980 11.2270 11.2560 11.2850 9.61200 8.45100 8.48000 8.50900 5.64500 5.67400 8.57800 8.64800 8.67700 8.70600 5.84300 8.74700 11.6510 14.5550 17.4590 20.3630 23.2670 26.1710 29.0750 31.9790 34.8830 37.7870 40.6910 41.7250 41.7540 41.2720 40.1100 38.9480 37.9090 35.0050 32.1010 29.1970 26.2930 23.3890 20.4850 17.5810 14.6770 11.7730 10.6110 7.74800 7.75900 10.6630 10.7330 11.8950 13.7070
13.3820 15.0540 16.2160 17.3780 19.0500 20.2120 21.3730 24.2370 25.3980 24.3880 21.5240 20.3630 19.2010 17.5290 16.3670 15.2050 14.0440 14.0730 14.1020 14.1310 14.1600 13.6780 12.5160 11.3550 11.3840 9.71100 8.54900 8.57800 9.74000 11.5520 8.78800 5.88400 8.74700 9.90800 12.8120 15.7160 18.6200 21.5240 24.4280 27.3320 30.2360 33.1400 36.0440 38.9480 39.9820 38.8210 38.8500 38.3680 37.2060 36.0440 36.0730 36.1030 33.2620 30.3580 27.4540 24.5500 21.6460 18.7420 15.8380 14.6770 11.8130 10.6520 10.6630 7.80000 7.82900 10.7330 10.8030
16.2860 17.4470 19.1200 20.2820 21.4430 23.1160 24.2770 25.4390 28.3020 25.5900 24.4280 23.2670 21.5940 20.4330 19.2710 18.1090 16.9480 16.9770 17.0060 17.0350 17.0640 16.5820 15.4200 14.2590 13.7770 12.6150 11.4530 11.4820 12.6440 11.7210 8.81700 5.91300 8.81700 11.7210 13.9740 16.8780 19.7820 22.6860 25.5900 28.4940 31.3980 34.3020 37.2060 38.2400 37.0780 35.9170 35.9460 35.4640 34.3020 33.1400 33.1690 33.1990 34.3600 31.5200 28.6160 25.7120 22.8080 19.9040 18.7420 15.8790 14.7170 13.5560 11.8660 10.7040 10.7330 7.87000 7.89900
19.1900 20.3510 21.5130 23.1860 24.3470 25.5090 27.1810 28.3430 29.5050 28.4940 27.3320 25.6600 24.4980 23.3370 22.1750 21.0130 19.8520 19.8810 19.9100 19.9390 19.9680 19.4860 18.3240 17.1630 16.6810 15.5190 14.3570 14.3860 12.9520 10.0480 8.84600 5.94200 8.84600 11.7500 14.6540 17.5580 20.4620 23.3660 26.2700 29.1740 32.0780 34.9820 36.4970 35.3360 34.1740 33.0130 33.0420 32.5600 31.3980 30.2360 30.2650 30.2950 31.4560 32.6180 29.7780 26.8740 23.9700 22.8080 19.9450 18.7830 17.6210 15.9310 14.7700 13.6080 11.9350 10.7740 7.91000
21.5830 23.2550 24.4170 25.5780 27.2510 28.4130 29.5740 31.2470 32.4090 31.3980 29.7250 28.5640 27.4020 26.2410 25.0790 23.9170 22.7560 22.7850 22.8140 22.8430 22.8720 22.3900 21.2280 20.0670 19.5850 18.4230 17.2610 14.6940 11.7900 8.88600 5.98200 8.84600 10.0070 12.9110 15.8150 18.7190 21.6230 24.5270 27.4310 30.3350 33.2390 34.7550 33.5930 32.4320 31.2700 30.1090 30.1380 29.6560 28.4940 27.3320 27.3610 27.3910 28.5520 29.7140 30.8750 28.0350 26.8740 24.0100 22.8490 21.6870 19.9970 18.8350 17.6740 16.0010 14.8390 11.9760 10.8140
24.4870 25.6480 27.3210 28.4820 29.6440 31.3170 32.4780 33.6400 35.3130 33.7910 32.6290 31.4680 30.3060 29.1450 27.9830 26.8210 25.6600 25.6890 25.7180 25.7470 25.7760 25.2940 24.1320 22.9710 22.4890 20.5310 17.6270 14.7230 11.8190 8.91500 6.01100 8.91500 11.8190 14.0730 16.9770 19.8810 22.7850 25.6890 28.5930 31.4970 33.0130 31.8510 30.6890 29.5280 28.3660 27.2050 27.2340 26.7520 25.5900 24.4280 24.4570 24.4870 25.6480 26.8100 27.9710 29.1330 28.0760 26.9140 25.7530 24.0630 22.9010 21.7390 20.0670 18.9050 16.0420 14.8800 13.7180
27.3910 28.5520 29.7140 31.3860 32.5480 33.7100 35.3820 36.5440 37.7060 36.6950 35.5330 34.3720 33.2100 32.0490 30.8870 29.7250 28.5640 28.5930 28.5810 27.4200 26.2580 25.0960 23.9350 23.9060 23.4640 20.5600 17.6560 14.7520 11.8480 8.94400 6.04000 8.94400 11.8480 14.7520 17.6560 20.5600 23.4640 26.3680 29.2720 31.2700 30.1090 28.9470 27.7850 26.6240 25.4620 24.3010 24.3300 23.8480 22.6860 21.5240 21.5530 21.5830 22.7440 23.9060 25.0670 26.2290 27.3910 29.8180 28.1280 26.9670 25.8050 24.1320 22.9710 20.1070 18.9460 17.7840 16.6220
30.2950 31.4560 32.6180 33.7790 35.4520 36.6140 37.7750 39.4480 40.6100 39.5990 38.4370 37.2760 36.1140 34.9530 33.7910 32.6290 29.7430 26.8390 25.6770 24.5160 23.3540 22.1920 21.0310 21.0020 20.9730 20.5890 17.6850 14.7810 11.8770 8.97300 6.06900 8.97300 11.8770 14.7810 17.6850 20.5890 23.4930 26.3970 29.3010 28.8770 27.2050 26.0430 24.8810 23.7200 22.5580 21.3970 21.4260 20.9440 19.7820 18.6200 18.6490 18.6790 19.8400 21.0020 22.1630 23.3250 26.2290 27.4310 30.3350 29.8710 28.1980 27.0360 24.1730 23.0110 21.8500 20.6880 19.5260
33.1990 34.3600 35.5220 36.6830 37.8450 39.5180 40.6790 41.8410 43.5140 42.5030 41.3410 40.1800 39.0180 37.2930 34.3890 31.4850 28.5810 25.6770 22.7730 21.6120 20.4500 19.2880 18.1270 18.0980 18.0690 19.2300 17.7140 14.8100 11.9060 9.00200 6.09800 9.00200 11.9060 14.8100 17.7140 20.6180 23.5220 26.4260 27.1350 25.9730 24.8120 23.1390 21.9770 20.8160 19.6540 18.4930 18.5220 18.0400 16.8780 15.7160 15.7450 15.7750 16.9360 18.0980 19.2590 22.1630 23.3660 26.2700 27.4720 27.2220 26.0600 24.8990 24.9110 25.9150 24.7540 23.5920 22.4300
36.1030 37.2640 38.4260 39.5870 40.7490 41.9110 43.5830 44.7450 45.9060 45.4070 44.2450 41.9400 39.0360 36.1320 33.2280 30.3240 27.4200 24.5160 21.6120 18.7080 17.5460 16.3840 15.2230 15.1940 15.1650 16.3260 17.4880 14.8390 11.9350 9.03100 6.12700 9.03100 11.9350 14.8390 17.7430 20.6470 23.5510 26.4150 25.2530 23.0690 21.9080 20.7460 19.0730 17.9120 16.7500 15.5890 15.6180 15.1360 13.9740 12.8120 12.8410 12.8710 14.0320 15.1940 18.0980 19.3000 22.2040 23.4060 25.4800 24.3180 23.1560 21.9950 22.0070 23.1680 24.3300 25.4910 25.3340
37.9840 40.1680 41.3300 42.4910 43.6530 44.8150 45.9760 47.6490 48.8100 46.5860 43.6820 40.7780 37.8740 34.9700 32.0660 29.1620 26.2580 23.3540 20.4500 17.5460 14.6420 13.4800 12.3190 12.2900 12.2610 13.4220 14.5840 14.8680 11.9640 9.06000 6.15600 9.06000 11.9640 14.8680 17.7720 20.6760 23.5800 23.5110 22.3490 21.1880 19.0040 17.8420 16.6810 15.0080 13.8460 12.6850 12.7140 12.7430 11.0700 9.90800 9.93700 9.96700 11.1280 14.0320 15.2340 18.1380 19.3410 22.2450 22.5760 21.4140 20.2520 19.0910 19.1030 20.2640 21.4260 22.5870 23.7490
40.8880 42.0500 44.2340 45.3950 46.5570 47.7190 48.8800 50.0420 48.3280 45.4240 42.5200 39.6160 36.7120 33.8080 30.9040 28.0000 25.0960 22.1920 19.2880 16.3840 13.4800 10.5760 9.41500 9.38600 9.35700 10.5180 12.1910 12.1620 11.9940 9.09000 6.18600 9.09000 11.9940 14.8980 17.8020 20.7060 21.7680 20.6070 19.4450 18.2840 17.8020 14.9380 13.7770 12.6150 10.9420 9.78100 9.81000 9.83900 9.86800 7.00400 7.03300 7.06300 9.96700 11.1690 14.0730 15.2750 18.1790 19.3810 19.6720 18.5100 17.3480 16.1870 16.1990 17.3600 18.5220 19.6830 22.5870
43.7920 44.9540 46.1160 48.2990 49.4610 50.6230 51.7840 50.0710 47.1670 44.2630 41.3590 38.4550 35.5510 32.6470 29.7430 26.8390 23.9350 21.0310 18.1270 15.2230 12.3190 9.41500 6.51100 6.48200 6.45300 9.31600 9.28700 9.25800 9.22900 9.11900 6.21500 9.11900 12.0230 14.9270 17.8310 20.7350 18.8640 17.7030 16.5410 15.3800 14.8980 13.7360 10.8730 9.71100 9.74000 6.87700 6.90600 6.93500 6.96400 9.86800 9.93700 9.96700 7.10300 10.0070 11.2090 14.1130 15.3160 18.2200 18.4690 15.6060 14.4440 13.2830 13.2950 14.4560 15.6180 18.5220 21.4260
46.1850 47.8580 49.0200 50.1810 52.3650 53.5270 52.4750 49.5710 46.6670 43.7630 40.8590 37.9550 35.0510 32.1470 29.2430 26.3390 23.4350 20.5310 17.6270 14.7230 12.3300 9.42600 6.52200 9.34500 6.44100 6.41200 6.38300 6.35400 6.32500 9.14800 6.24400 9.14800 12.0520 14.9560 17.8600 18.1440 17.6620 14.7990 13.6370 12.4760 12.5050 10.8320 9.67000 6.80700 6.83600 9.74000 9.81000 9.83900 9.86800 11.0290 12.8410 11.1690 10.0070 7.14400 10.0480 11.2500 14.1540 15.3560 15.5650 14.4040 11.5400 10.3790 10.3910 11.5520 14.4560 17.3600 20.2640
49.0890 50.2510 51.9240 53.0850 54.2470 54.2180 51.3140 48.4100 45.5060 42.6020 39.6980 36.7940 33.8900 30.9860 28.0820 25.1780 22.2740 19.3700 16.4660 13.5620 10.6580 9.45500 6.55100 9.45500 9.34500 9.31600 9.28700 9.25800 9.18800 6.28400 6.27300 9.17700 12.0810 14.9850 16.4020 15.2400 14.7580 13.5970 10.7330 9.57200 9.60100 9.63000 6.76600 6.79500 9.69900 10.9020 12.7140 12.7430 12.7720 13.9330 15.0950 12.9810 10.0770 7.17300 7.18400 10.0880 11.2910 13.1030 14.2640 11.5000 10.3380 7.47500 7.48700 10.3910 13.2950 16.1990 19.1030
50.2910 53.1550 54.3160 55.9890 55.9600 53.0560 50.1520 47.2480 44.3440 41.4400 38.5360 35.6320 32.7280 29.8240 26.9200 24.0160 21.1120 18.2080 15.3040 12.4000 9.49600 6.59200 9.45500 10.6170 12.2490 12.2200 12.1910 12.1620 10.3500 9.18800 6.30200 9.20600 12.1100 14.6590 13.4980 12.3360 12.3650 10.6930 9.53100 6.66800 6.69700 6.72600 9.63000 9.69900 10.8610 13.7650 14.9670 15.6470 15.6760 16.8370 17.0460 14.1420 11.2380 10.0770 7.21400 7.22500 10.1290 10.1990 11.3600 10.3380 7.43400 7.44600 10.3500 11.5520 14.4560 17.3600 20.2640
53.1950 54.3570 57.2200 58.3820 55.9890 53.0850 50.1810 47.2770 44.3730 41.4690 38.5650 35.6610 32.7570 29.8530 26.9490 24.0450 21.1410 18.2370 15.3330 12.4290 9.52500 6.62100 9.52500 12.4290 14.6830 15.1240 15.0950 14.4150 12.1390 9.23500 6.33100 9.23500 12.1390 12.2660 10.5940 9.43200 9.46100 9.49000 6.62700 9.53100 9.60100 9.63000 10.7910 12.6030 13.7650 14.9270 17.8310 18.5510 18.5800 19.7410 18.2080 15.3040 14.1420 11.2790 10.1180 10.1290 7.26600 7.29500 10.1990 10.2690 7.40500 10.3090 11.5110 14.4150 15.6180 18.5220 21.4260
54.3980 57.2610 58.4230 58.4110 55.5070 52.6030 49.6990 46.7950 43.8910 40.9870 38.0830 35.1790 32.2750 29.3710 26.4670 23.5630 20.6590 17.7550 14.8510 12.4580 9.55400 6.65000 9.55400 12.4580 15.3620 18.0280 17.9760 15.0720 12.1680 9.26400 6.36000 9.26400 9.33300 9.36200 9.39200 6.52800 6.55700 6.58600 9.49000 10.6930 12.5050 12.5340 13.6950 14.8570 16.6690 17.8310 18.9920 21.4550 21.4840 22.2740 19.3700 18.2080 15.3450 14.1830 13.0220 11.3310 10.1700 10.1990 7.33600 7.36500 10.2690 11.4710 14.3750 15.5770 18.4810 19.6830 22.5870
57.3020 58.4630 60.1530 57.2490 54.3450 51.4410 48.5370 45.6330 42.7290 39.8250 36.9210 34.0170 31.1130 28.2090 25.3050 22.4010 19.4970 16.5930 13.6890 10.7850 9.58300 6.67900 9.58300 12.4870 15.3910 18.2950 19.1370 16.2330 13.3290 10.4250 9.26400 6.40000 6.42900 6.45800 6.48800 6.51700 9.42100 9.49000 10.6520 13.5560 14.7580 15.4380 16.5990 17.7610 18.9220 20.7350 21.8960 23.0580 24.3880 23.4350 22.2740 19.4100 18.2490 17.0870 15.3970 14.2350 13.0740 11.4010 10.2400 10.2690 11.4300 14.3340 15.5360 18.4400 19.6430 22.5470 23.7490
57.3540 58.5160 58.9920 56.0880 53.1840 50.2800 47.3760 44.4720 41.5680 38.6640 35.7600 32.8560 29.9520 27.0480 24.1440 21.2400 18.3360 15.4320 12.5280 9.62400 6.72000 6.70800 9.61200 12.5160 15.4200 18.3240 19.7240 17.3950 14.4910 13.3290 10.4660 9.30400 9.33300 9.36200 9.39200 9.42100 10.5820 12.3940 13.5560 14.7170 17.6210 18.3420 19.5030 20.6650 21.8260 22.9880 24.8000 25.9620 27.1230 26.3390 23.4760 22.3140 21.1530 19.4630 18.3010 17.1390 15.4670 14.3050 13.1440 13.1730 14.3340 15.4960 18.4000 19.6020 22.5060 23.7080 26.6120
54.4500 55.6120 56.7730 56.1170 53.2130 50.3090 47.4050 44.5010 41.5970 38.6930 35.7890 32.8850 29.9810 27.0770 24.1730 21.2690 18.3650 15.4610 12.5570 9.65300 6.74900 9.61200 10.7740 13.6780 15.6290 15.6580 16.8200 17.9820 17.3950 14.5320 13.3700 12.2080 12.2370 12.2660 12.2960 12.3250 13.4860 14.6480 16.4600 17.6210 18.7830 21.2460 22.4070 23.5690 24.7300 25.8920 27.0540 28.8660 30.0270 27.5420 26.3800 25.2180 23.5280 22.3670 21.2050 19.5320 18.3710 17.2090 16.0480 16.0770 17.2380 18.4000 19.5610 22.4650 23.6680 26.5720 27.7740
51.5460 52.7080 53.8690 55.0310 54.3740 51.4700 48.5660 45.6620 42.7580 39.8540 36.9500 34.0460 31.1420 28.2380 25.3340 22.4300 19.5260 16.6220 13.7180 10.8140 9.65300 6.79000 9.69400 12.5980 12.7250 12.7540 13.9160 15.0780 17.9820 17.4360 16.2740 15.1120 15.1410 15.1700 15.2000 15.2290 16.3900 17.5520 18.7130 20.5250 21.6870 22.8490 25.3110 26.4730 27.6340 28.7960 29.9580 31.1190 31.6070 30.4460 29.2840 27.5940 26.4320 25.2710 23.5980 22.4360 21.2750 20.1130 18.9520 18.9810 20.1420 21.3040 22.4650 23.6270 26.5310 27.7330 30.6370
48.6420 49.8040 50.9650 52.1270 53.2880 52.6320 49.7280 46.8240 43.9200 41.0160 38.1120 35.2080 32.3040 29.4000 26.4960 23.5920 20.6880 17.7840 14.8800 12.6270 9.72300 6.81900 9.72300 9.79200 9.82100 9.85000 11.0120 13.9160 16.8200 19.1950 19.1780 18.0160 18.0450 18.0740 18.1040 18.1330 19.2940 20.4560 21.6170 22.7790 24.5910 25.7530 26.9140 29.3770 30.5380 31.7000 32.8620 34.0230 34.5110 33.3500 31.6590 30.4980 29.3360 27.6640 26.5020 25.3400 24.1790 23.0170 21.8560 21.8850 23.0460 24.2080 25.3690 26.5310 27.6930 30.5970 31.7990
45.7380 46.9000 48.0610 49.2230 50.3840 51.5460 50.8900 47.9860 45.0820 42.1780 39.2740 36.3700 33.4660 30.5620 27.6580 24.7540 21.8500 18.9460 16.6920 13.7880 10.8840 9.72300 6.85900 6.88800 6.91700 6.94600 9.85000 12.7540 15.1300 18.0340 20.9380 20.9200 20.9490 20.9780 21.0080 21.0370 22.1980 23.3600 24.5210 25.6830 26.8450 28.6570 29.8180 30.9800 33.4420 34.6040 35.7660 36.9270 37.4150 35.7250 34.5630 33.4020 31.7290 30.5680 29.4060 28.2440 27.0830 25.9210 24.7600 24.7890 25.9500 27.1120 28.2730 29.4350 30.5970 31.7580 34.6620
42.8340 43.9960 45.1570 46.3190 47.4800 48.6420 49.8040 49.1470 46.2430 43.3390 40.4350 37.5310 34.6270 31.7230 28.8190 25.9150 23.0110 20.7580 17.8540 14.9500 13.7880 10.9250 9.76300 9.79200 9.82100 6.95800 9.86200 11.0640 13.9680 16.8720 19.2650 22.1690 23.3710 23.8820 23.9120 23.9410 25.1020 26.2640 27.4250 28.5870 29.7490 30.9100 32.7220 33.8840 35.0450 37.5080 38.6700 39.8310 39.7910 38.6290 37.4670 35.7950 34.6330 33.4720 32.3100 31.1480 29.9870 28.8250 27.6640 27.6930 28.8540 30.0160 31.1770 32.3390 33.5010 34.6620 35.8240
39.9300 41.0920 42.2530 43.4150 44.5760 45.7380 46.9000 48.0610 47.4050 44.5010 41.5970 38.6930 35.7890 32.8850 29.9810 27.0770 24.8230 21.9190 19.0150 17.8540 14.9900 13.8290 12.6670 12.6960 11.0240 9.86200 6.99900 9.90300 12.8070 15.2000 18.1040 19.3060 22.2100 25.1140 26.3740 26.8450 28.0060 29.1680 30.3290 31.4910 32.6530 33.8140 34.9760 36.7880 37.9490 39.1110 41.5740 42.7350 42.6950 41.5330 39.8600 38.6990 37.5370 36.3760 35.2140 34.0520 32.8910 31.7290 30.5680 30.5970 31.7580 32.9200 34.0810 35.2430 36.4050 37.5660 38.7280
37.0260 38.1880 39.3490 40.5110 41.6720 42.8340 43.9960 45.1570 46.9690 45.6620 42.7580 39.8540 36.9500 34.0460 31.1420 28.8890 25.9850 23.0810 21.9190 19.0560 17.8940 16.7330 15.5710 15.0890 12.8360 9.93200 7.02800 9.93200 11.1340 14.0380 15.2400 18.1440 21.0480 22.3090 23.4700 26.3740 27.5760 30.4800 33.2330 34.3950 35.5570 36.7180 37.8800 39.0410 40.8530 42.0150 43.1770 45.6390 45.5990 43.9260 42.7640 41.6030 40.4410 39.2800 38.1180 36.9560 35.7950 34.6330 33.4720 33.5010 34.6620 35.8240 36.9850 38.1470 39.3090 40.4700 41.6320
34.1220 35.2840 36.4450 37.6070 38.7680 39.9300 41.0920 42.9040 44.0650 45.2270 43.9200 41.0160 38.1120 35.2080 32.9550 30.0510 27.1470 25.9850 23.1220 21.9600 20.7980 19.6370 18.4750 16.9010 13.9970 11.0930 9.93200 7.06800 9.97200 11.1750 14.0790 16.9830 18.2430 19.4050 22.3090 23.5110 26.4150 29.3190 31.7120 34.6160 35.8180 37.6300 38.7920 39.9530 41.7650 42.9270 44.0890 46.9930 47.9920 46.8300 45.6680 44.5070 43.3450 42.1840 41.0220 39.8600 38.6990 37.5370 36.3760 36.4050 37.5660 38.7280 39.8890 41.0510 42.2130 43.3740 44.5360
31.2180 32.3800 33.5410 34.7030 35.8640 37.0260 38.8380 40.0000 41.1610 42.9730 44.1350 42.1780 39.2740 37.0200 34.1160 31.2120 30.0510 27.1870 26.0260 24.8640 23.7020 22.5410 20.9670 18.0630 15.1590 12.9050 10.0010 7.09700 7.10900 10.0130 12.9170 14.1770 15.3390 18.2430 19.4450 22.3490 25.2530 27.6460 30.5500 31.7520 33.5640 34.7260 35.8880 37.7000 38.8610 40.0230 42.9270 45.8310 48.7350 49.7340 48.5720 47.4110 46.2490 45.0880 43.9260 42.7640 41.6030 40.4410 39.2800 39.3090 40.4700 41.6320 42.7930 43.9550 45.1170 46.2780 47.4400
