AppendixA/HikerMovements/data/ascii_files_abm_Orsi/dist_vaiolon_1000.asc
ncols 271
nrows 294
xllcorner 698225
yllcorner 5141858
cellsize 30.00
nodata_value  224.350
[rows 232 to 260 of 294, columns 0 to 66 of 271]
3.82700 3.79800 3.76900 6.61500 3.71100 6.57500 6.50500 3.60100 3.57200 3.54300 3.51400 3.48500 3.45600 3.42700 6.29000 6.26100 7.42300 9.09500 10.2570 11.4190 11.9010 11.8720 13.0330 14.1950 15.3560 17.0290 17.5110 17.4820 18.6440 19.8050 20.9670 22.1280 23.2900 24.9630 26.1240 27.2860 29.4700 30.6310 31.7930 31.5720 31.5430 31.5140 31.4850 31.4560 31.4270 31.3980 31.3690 29.3940 26.4900 25.3290 24.1670 22.4830 19.5790 16.6750 13.7710 10.8670 7.96300 5.05900 2.15500 5.05900 7.96300 10.2400 13.1440 16.0480 18.9520 21.8560 24.7600
6.73100 6.66200 3.75800 3.72900 3.70000 3.67100 3.64200 6.50500 6.47600 6.42900 3.52500 6.38900 6.36000 6.33100 7.49200 9.16500 10.3270 11.4880 13.1610 14.3230 14.8050 14.7760 15.9370 17.0990 18.2600 19.4220 20.4150 20.3860 21.5480 22.7090 23.8710 25.0320 26.1940 27.3560 29.0280 30.1900 31.3520 33.5350 34.6970 34.4760 34.4470 34.4180 34.3890 34.3600 34.3310 34.3020 33.4600 30.5560 29.3940 28.2330 25.4160 22.5120 19.6080 16.7040 13.8000 10.8960 7.99200 5.08800 2.18400 5.08800 7.99200 10.3850 13.2890 16.1930 19.0970 22.0010 24.9050
3.82700 3.79800 3.76900 6.61500 3.71100 3.68200 6.54600 7.70700 9.36200 6.45800 3.55400 6.45800 9.26400 9.23500 10.3960 11.5580 13.2310 14.3920 15.5540 17.2270 17.7090 17.6800 18.8410 20.0030 21.1640 22.3260 23.3190 23.2900 24.4520 25.6130 26.7750 27.9360 29.0980 30.2600 31.4210 33.0940 34.2560 35.4170 37.6010 37.3800 37.3510 37.3220 37.2930 37.2640 37.2350 37.2060 34.6210 33.4600 31.2530 28.3490 25.4450 22.5410 19.6370 16.7330 13.8290 10.9250 8.02100 5.11700 2.21300 5.11700 6.31900 9.22300 12.1270 15.0310 17.9350 20.8390 23.7430
6.73100 6.70200 6.67300 7.77700 6.61500 6.58600 7.74800 10.6110 9.39200 6.48800 3.58400 6.48800 9.39200 12.1390 13.3000 14.4620 15.6240 17.2960 18.4580 19.6190 20.6130 20.5840 21.7450 22.9070 24.0680 25.2300 26.2230 26.1940 27.3560 28.5170 29.6790 30.8400 32.0020 33.1640 34.3250 35.4870 37.1600 38.3210 39.4830 40.2840 40.2550 40.2260 40.1970 40.1680 40.1390 38.6870 37.5250 35.3180 32.4140 29.5100 26.6060 23.7020 20.7980 17.8940 14.9900 12.0860 9.18200 6.27800 5.11700 2.25400 5.15800 8.06200 10.9660 13.8700 16.7740 19.6780 22.5820
9.63500 9.60600 9.57700 10.6810 9.51900 9.49000 10.6520 10.6230 7.71900 6.51700 3.61300 6.51700 9.42100 12.3250 15.2290 17.3660 18.5280 19.6890 21.3620 22.5230 23.5170 23.4880 24.6490 25.8110 26.9720 28.1340 29.1270 29.0980 30.2600 31.4210 32.5830 33.7440 34.9060 36.0680 37.2290 38.3910 39.5520 41.2250 42.3870 43.1880 43.1590 43.1300 43.1010 43.0720 42.7530 41.5910 39.3840 36.4800 33.5760 30.6720 27.7680 24.8640 21.9600 19.0560 16.1520 13.2480 10.3440 8.09100 5.18700 2.28300 5.18700 8.09100 10.9950 13.8990 16.8030 19.7070 22.6110
12.5390 12.5100 12.4810 13.5850 12.4230 12.3940 11.8540 9.46100 6.55700 3.65300 3.64200 6.54600 9.45000 12.3540 15.2580 18.1620 21.0660 22.5930 23.7550 25.4270 26.4210 26.3920 27.5530 28.7150 29.8760 31.0380 32.0310 32.0020 33.1640 34.3250 35.4870 36.6480 37.8100 38.9720 40.1330 41.2950 42.4560 43.6180 45.2910 46.0920 46.0630 46.0340 46.0050 45.9760 44.1700 41.2660 38.3620 35.4580 32.5540 29.6500 26.7460 23.8420 20.9380 18.0340 15.1300 12.2260 9.32200 6.41800 5.21600 2.31200 5.21600 8.12000 11.0240 13.9280 16.8320 19.7360 22.6400
15.4430 15.4140 15.3850 16.0010 14.7990 11.8950 10.6930 7.78900 6.58600 3.68200 6.54600 7.70700 10.6110 13.5150 16.4190 19.3230 22.2270 25.1310 26.6590 27.8200 29.3250 29.2960 30.4570 31.6190 32.7800 33.9420 34.9350 34.9060 36.0680 37.2290 38.3910 39.5520 40.7140 41.8760 43.0370 44.1990 45.3600 46.5220 47.6840 48.9960 48.9670 48.9380 48.8160 45.9120 43.0080 40.1040 37.2000 34.2960 31.3920 28.4880 25.5840 22.6800 19.7760 16.8720 13.9680 11.0640 8.16000 5.25600 2.35200 2.34100 5.24500 8.14900 11.0530 13.9570 16.8610 19.7650 22.6690
18.3470 18.3180 17.7430 14.8390 11.9350 10.7330 7.82900 6.62700 3.72300 6.58600 7.74800 10.6110 11.7730 14.6770 17.5810 20.4850 23.3890 26.2930 29.1970 30.7240 31.8860 32.2000 33.3610 34.5230 35.6840 36.8460 37.8390 37.8100 38.9720 40.1330 41.2950 42.4560 43.6180 44.7800 45.9410 47.1030 48.2640 49.4260 50.5880 51.7490 51.8710 51.7490 48.8450 45.9410 43.0370 40.1330 37.2290 34.3250 31.4210 28.5170 25.6130 22.7090 19.8050 16.9010 13.9970 11.0930 8.18900 5.28500 2.38100 5.24500 6.40600 9.31000 12.2140 15.1180 18.0220 20.9260 22.8890
21.2510 19.4860 16.5820 13.6780 10.7740 7.87000 6.66800 3.76400 3.75200 6.65600 9.56000 11.8130 14.6770 15.8380 18.7420 21.6460 24.5500 27.4540 30.3580 33.2620 34.7900 35.1040 36.2650 37.4270 38.5880 39.7500 40.7430 40.7140 41.8760 43.0370 44.1990 45.3600 46.5220 47.6840 48.8450 50.0070 51.1680 52.3300 53.4920 54.6530 54.6820 51.7780 48.8740 45.9700 43.0660 40.1620 37.2580 34.3540 31.4500 28.5460 25.6420 22.7380 19.8340 16.9300 14.0260 11.1220 8.21800 5.31400 2.41000 5.31400 8.21800 10.4720 13.3760 14.7170 17.6210 18.8240 21.7280
21.2280 18.3240 15.4200 12.5160 9.61200 6.70800 3.80400 3.79300 6.65600 7.81800 10.7220 13.6260 15.8790 18.7420 19.9040 22.8080 25.7120 28.6160 31.5200 34.4240 37.3280 38.0080 39.1690 40.3310 41.4920 42.6540 43.6470 43.6180 44.7800 45.9410 47.1030 48.2640 49.4260 50.5880 51.7490 52.9110 54.0720 55.2340 56.3960 57.5570 54.7110 51.8070 48.9030 45.9990 43.0950 40.1910 37.2870 34.3830 31.4790 28.5750 25.6710 22.7670 19.8630 16.9590 14.0550 11.1510 8.24700 5.34300 2.43900 5.34300 6.54600 9.45000 10.6520 13.5560 14.7580 17.6620 18.8640
20.2350 17.8420 14.9380 12.0340 9.64100 6.73700 3.83300 6.69700 7.85800 10.7220 11.8830 14.7870 17.6910 19.9450 22.8080 23.9700 26.8740 29.7780 32.6820 35.5860 38.4900 40.9120 42.0730 43.2350 44.3960 45.5580 46.5510 46.5220 47.6840 48.8450 50.0070 51.1680 52.3300 53.4920 54.6530 55.8150 56.9760 58.1380 59.3000 57.6440 54.7400 51.8360 48.9320 46.0280 43.1240 40.2200 37.3160 34.4120 31.5080 28.6040 25.7000 22.7960 19.8920 16.9880 14.0840 11.1800 8.27600 5.37200 2.46800 2.48000 5.38400 6.58600 9.49000 10.6930 13.5970 14.7990 17.7030
17.9820 16.1690 13.7770 10.8730 7.96900 6.76600 3.86200 6.76600 9.67000 11.9240 14.7870 15.9490 18.8530 21.7570 24.0100 26.8740 28.0350 30.9390 33.8430 36.7470 39.6510 42.5550 44.9770 46.1390 47.3000 48.4620 49.4550 49.4260 50.5880 51.7490 52.9110 54.0720 55.2340 56.3960 57.5570 58.7190 59.8800 61.0420 61.7100 58.8060 55.9020 52.9980 50.0940 47.1900 44.2860 41.3820 38.4780 35.5740 32.6700 29.7660 26.8620 23.9580 21.0540 18.1500 15.2460 12.3420 9.43800 6.53400 5.37200 2.50900 2.52100 5.42500 6.62700 9.53100 10.7330 13.6370 14.8390
15.0780 13.9160 12.1040 9.71100 6.80700 3.90300 6.76600 7.92800 10.8320 13.7360 15.9890 18.8530 20.0140 22.9180 25.8220 28.0760 30.9390 32.1010 35.0050 37.9090 40.8130 43.7170 46.6210 49.0430 50.2040 51.3660 52.3590 52.3300 53.4920 54.6530 55.8150 56.9760 58.1380 59.3000 60.4610 61.6230 62.7840 63.9460 62.8720 59.9680 57.0640 54.1600 51.2560 48.3520 45.4480 42.5440 39.6400 36.7360 33.8320 30.9280 28.0240 25.1200 22.2160 19.3120 16.4080 13.5040 10.6000 9.43800 6.57500 5.41300 5.42500 2.56100 5.46500 6.66800 9.57200 10.7740 13.6780
12.1740 11.0120 9.85000 8.03800 6.83600 3.93200 6.83600 9.74000 11.9940 14.8980 17.8020 20.0550 22.9180 24.0800 26.9840 29.8880 32.1410 35.0050 36.1660 39.0700 41.9740 44.8780 47.7820 50.6860 53.1080 54.2700 55.2630 55.2340 56.3960 57.5570 58.7190 59.8800 61.0420 62.2040 63.3650 64.5270 65.6880 66.8500 64.0330 61.1290 58.2250 55.3210 52.4170 49.5130 46.6090 43.7050 40.8010 37.8970 34.9930 32.0890 29.1850 26.2810 23.3770 20.4730 17.5690 14.6650 13.5040 10.6400 9.47900 8.31700 6.62700 5.46500 2.60200 5.50600 6.70800 9.61200 10.8140
9.92000 8.10800 6.94600 6.87700 3.97300 6.83600 7.99800 10.9020 13.8060 16.0590 18.9630 21.8670 24.1210 26.9840 28.1460 31.0500 33.9540 36.2070 39.0700 40.2320 43.1360 46.0400 48.9440 51.8480 54.7520 57.1740 58.1670 58.1380 59.3000 60.4610 61.6230 62.7840 63.9460 65.1080 66.2690 67.4310 68.5920 68.0990 65.1950 62.2910 59.3870 56.4830 53.5790 50.6750 47.7710 44.8670 41.9630 39.0590 36.1550 33.2510 30.3470 27.4430 24.5390 21.6350 18.7310 17.5690 14.7060 13.5440 12.3830 10.6930 8.43900 5.53500 2.63100 2.64300 5.54700 6.74900 9.64100
7.01600 6.94600 4.04200 4.01300 4.00200 6.90600 9.81000 12.0630 14.9670 17.8710 20.1250 23.0290 25.9330 28.1860 31.0500 32.2110 35.1150 38.0190 40.2730 43.1360 44.2980 47.2020 50.1060 53.0100 55.9140 58.8180 61.0710 61.0420 62.2040 62.4240 62.4130 63.5740 64.7360 65.8980 67.0590 68.2210 69.3820 69.2600 66.3560 63.4520 60.5480 57.6440 54.7400 51.8360 48.9320 46.0280 43.1240 40.2200 37.3160 34.4120 31.5080 28.6040 25.7000 22.7960 21.6350 18.7710 17.6100 16.4480 14.7580 12.5050 9.60100 6.69700 5.53500 5.54700 2.68300 5.57600 6.73700
4.11200 4.08300 4.05400 6.91700 6.90600 8.06700 10.9710 13.8750 16.1290 19.0330 21.9370 24.1900 27.0940 29.9980 32.2520 35.1150 36.2770 39.1810 42.0850 44.3380 47.2020 48.3630 51.2670 54.1710 57.0750 59.1250 59.6080 59.5780 59.5490 59.5200 59.5090 60.6700 61.8320 62.9940 64.1550 65.3170 66.4780 67.3150 66.1530 64.5380 61.6340 58.7300 55.8260 52.9220 50.0180 47.1140 44.2100 41.3060 38.4020 35.4980 32.6700 29.7660 26.8620 25.7000 22.8370 21.6750 20.5140 18.8240 16.5700 13.6660 10.7620 9.60100 8.43900 6.74900 5.57600 2.67200 5.53500
7.01600 6.98700 6.95800 8.12000 9.81000 10.9710 12.1330 15.0370 17.9410 20.1940 23.0980 26.0020 28.2560 31.1600 34.0640 36.3170 39.1810 40.3420 43.2460 46.1500 48.4040 51.2670 52.4290 53.8980 55.0600 56.2210 56.7040 56.6740 56.6450 56.6160 56.6050 57.7660 58.9280 60.0900 61.2510 62.4130 63.5740 64.4110 63.2490 62.0880 60.4730 57.5690 54.6650 51.7610 48.8570 45.9530 43.0490 40.1450 37.2410 34.3370 31.4330 30.2310 27.3270 26.1650 25.0030 23.8420 22.6800 20.6360 17.7320 14.8280 13.6660 12.5050 10.8140 9.64100 6.73700 5.53500 2.63100
9.92000 9.89100 9.86200 11.0240 12.1850 13.8750 15.0370 16.1990 19.1030 22.0070 24.2600 27.1640 30.0680 32.3220 35.2260 38.1300 40.3830 43.2460 44.4080 47.3120 48.1890 49.3510 50.5120 50.9940 52.1560 53.3170 53.8000 53.7700 53.7410 53.7120 53.7010 54.8620 56.0240 57.1860 58.3470 59.5090 60.6700 61.5070 60.3450 59.1840 59.1540 56.4070 53.5030 50.5990 47.6950 44.7910 41.8870 38.9830 36.0790 33.1750 30.2710 27.3670 26.1650 23.2610 22.0990 20.9380 19.7760 18.6150 17.4530 17.4240 16.5700 14.8800 13.7070 10.8030 9.60100 6.69700 5.51800
12.8240 12.7950 12.7660 13.9280 15.0890 16.2510 17.9410 19.1030 20.2640 23.1680 26.0720 28.3260 31.2300 34.1340 36.3870 37.6010 40.4640 41.6260 44.4890 45.3140 45.2850 46.4470 47.6080 48.0900 49.2520 50.4130 50.8960 50.8660 50.8370 50.8080 50.7970 51.9580 53.1200 54.2820 55.4430 56.6050 57.7660 58.6030 57.4410 56.2800 56.2500 55.2460 52.3420 49.4380 46.5340 43.6300 40.7260 37.8220 34.9180 32.0140 29.1100 26.2060 23.3020 22.0990 19.1950 18.0340 16.8720 15.7110 14.5490 14.5200 13.8400 12.6790 10.8670 9.70500 8.54400 6.73100 5.52900
11.1460 12.3070 13.4690 15.1590 16.3200 17.4820 20.3160 22.0070 23.1680 24.3300 27.2340 30.0510 31.2120 32.3740 33.5350 36.3990 37.5600 40.4240 41.5850 42.4100 42.3810 43.5430 44.7040 45.1860 46.3480 47.5090 47.9920 47.9620 47.9330 47.9040 47.8930 49.0540 50.2160 51.3780 52.5390 53.7010 54.8620 55.6990 54.5370 53.3760 53.3460 53.3170 51.1800 48.2760 45.3720 42.4680 39.5640 36.6600 33.7560 30.8520 27.9480 25.0440 22.1400 19.2360 18.0340 15.1300 13.9680 12.8070 11.6450 11.6160 10.9360 9.77500 8.61300 6.80100 5.64000 5.57000 2.66600
8.24200 9.40300 11.0930 12.2550 13.4160 16.3200 19.1430 20.3050 21.4660 24.3700 25.9850 27.1470 28.3080 29.4700 32.3330 33.4950 36.3580 37.5200 39.0240 39.5060 39.4770 40.6390 41.8000 42.2820 43.4440 44.6050 45.0880 45.0580 45.0290 45.0000 44.9890 46.1500 47.3120 48.4740 49.6350 50.7970 51.9580 52.7950 51.6330 50.4720 50.4420 50.4130 49.7340 47.1140 44.2100 41.3060 38.4020 35.4980 32.5940 29.6900 26.7860 23.8820 20.9780 18.0740 15.1700 13.9680 11.0640 9.90300 8.74100 8.71200 8.68300 6.87100 5.70900 5.64000 2.73600 2.70700 5.57000
5.33800 8.20100 8.18900 9.35100 12.2550 15.0780 16.2390 17.4010 20.3050 21.9190 23.0810 24.2430 25.4040 28.2680 29.4290 32.2920 33.4540 34.9580 36.1200 36.6020 36.5730 37.7350 38.8960 39.3780 40.5400 41.7010 42.1840 42.1540 42.1250 42.0960 42.0850 43.2460 44.4080 45.5700 46.7310 47.8930 49.0540 49.8910 48.7290 47.5680 47.5380 47.5090 46.8300 45.6680 43.0490 40.1450 37.2410 34.3370 31.4330 28.5290 25.6250 22.7210 19.8170 16.9130 14.0090 11.1050 9.90300 6.99900 5.83700 5.80800 5.77900 5.70900 2.80500 2.77600 2.74700 5.61100 6.77200
5.32600 5.29700 5.28500 8.18900 11.0120 12.1740 13.3350 16.2390 17.8540 19.0150 20.1770 21.3390 24.2020 25.3640 28.2270 29.3880 30.8930 32.0540 33.2160 33.6980 33.6690 34.8310 35.9920 36.4740 37.6360 38.7970 39.2800 39.2500 39.2210 39.1920 39.1810 40.3420 41.5040 42.6660 43.8270 44.9890 46.1500 46.9870 45.8250 44.6640 44.6340 44.6050 43.9260 42.7640 41.6030 38.9830 36.0790 33.1750 30.2710 27.3670 24.4630 21.5590 18.6550 15.7510 12.8470 9.94300 7.03900 5.83700 2.93300 2.90400 2.87500 2.84600 2.81700 5.68000 5.65100 6.81300 9.67600
8.18900 5.28500 5.25600 8.12000 8.10800 9.27000 12.1740 13.7880 14.9500 16.1110 17.2730 20.1360 21.2980 24.1610 25.3230 27.5070 27.9890 29.1500 30.3120 30.7940 30.7650 31.9270 33.0880 33.5700 34.7320 35.8930 36.3760 36.3460 36.3170 36.2880 36.2770 37.4380 38.6000 39.7620 40.9230 42.0850 43.2460 44.0830 42.9210 41.7600 41.7300 41.7010 41.0220 39.8600 38.6990 37.8220 34.9180 32.0140 29.1100 26.2060 23.3020 20.3980 17.4940 14.5900 11.6860 8.78200 5.87800 2.97400 2.94500 5.80800 5.77900 5.75000 5.72100 6.88200 8.55500 9.71700 10.8780
8.19500 8.18900 8.12000 5.21600 5.20400 8.10800 10.9130 10.8840 12.0460 13.2070 16.0710 17.2320 20.0960 21.2570 23.4410 24.6030 25.0850 26.2460 27.4080 27.8900 27.8610 29.0230 30.1840 30.6660 31.8280 32.9890 33.4720 33.4420 33.4130 33.3840 33.3730 34.5340 35.6960 36.8580 38.0190 39.1810 40.3420 41.1790 40.0170 38.8560 38.8260 38.7970 38.1180 36.9560 35.7950 35.7660 34.4180 31.5140 28.6100 25.7060 22.8020 19.8980 16.9940 14.0900 11.1860 8.79300 5.88900 2.98500 2.97400 5.87800 8.68300 8.65400 8.62500 9.78600 10.9480 12.6210 13.7820
5.29100 8.15400 8.12500 8.07900 5.17500 8.03800 8.00900 7.98000 9.14200 12.0050 13.1670 16.0300 17.1920 19.3750 20.5370 21.6990 22.1810 23.3420 24.5040 24.9860 24.9570 26.1190 27.2800 27.7620 28.9240 30.0850 30.5680 30.5380 30.5090 30.4800 30.4690 31.6300 32.7920 33.9540 35.1150 36.2770 37.4380 38.2750 37.1130 35.9520 35.9220 35.8930 35.2140 34.0520 32.8910 32.8620 32.8330 30.3530 27.4490 24.5450 21.6410 18.7370 15.8330 12.9290 10.0250 7.12100 5.91800 3.01400 5.87800 7.03900 9.94300 11.5580 11.5290 12.6900 13.8520 15.0140 16.6860
5.27900 5.25000 5.22100 5.19200 5.16300 5.13400 5.10500 5.07600 7.94000 9.10100 11.9640 13.1260 15.9890 16.4710 17.6330 18.7950 19.2770 20.4380 21.6000 22.0820 22.0530 23.2150 24.3760 24.8580 26.0200 27.1810 27.6640 27.6340 27.6050 27.5760 27.5650 28.7260 29.8880 31.0500 32.2110 33.3730 34.5340 35.3710 34.2090 33.0480 33.0180 32.9890 32.3100 31.1480 29.9870 29.9580 29.9290 29.1910 26.2870 23.3830 20.4790 17.5750 14.6710 11.7670 8.86300 5.95900 3.05500 3.04300 5.94700 8.85100 11.1050 14.0090 14.4330 15.5940 16.7560 17.9180 19.0790
8.18300 8.13700 5.23300 8.09600 8.06700 8.03800 7.96900 5.06500 5.03600 7.89900 9.06000 11.9240 13.0850 13.5670 14.7290 15.8910 16.3730 17.5340 18.6960 19.1780 19.1490 20.3110 21.4720 21.9540 23.1160 24.2770 24.7600 24.7300 24.7010 24.6720 24.6610 25.8220 26.9840 28.1460 29.3070 30.4690 31.6300 32.4670 31.3050 30.1440 30.1140 30.0850 29.4060 28.2440 27.0830 27.0540 27.0250 26.9960 26.3160 23.4120 20.5080 17.6040 14.7000 11.7960 8.89200 5.98800 3.08400 5.94700 7.10900 10.0130 12.9170 15.1700 17.3370 18.4980 19.6600 20.8220 21.9830
