AppendixA/HikerMovements/data/ascii_files_abm_Orsi/dist_realberto_1000.asc
ncols 271
nrows 294
xllcorner 698225
yllcorner 5141858
cellsize 30.00
nodata_value  226.969
[rows 174 to 202 of 294, columns 67 to 133 of 271]
43.9140 41.0100 38.1060 35.2020 32.2980 29.3940 26.4900 23.5860 20.6820 17.7780 14.8740 11.9700 9.06600 7.90500 5.04100 7.94500 10.8490 13.7530 16.6570 19.5610 22.4650 25.3690 28.2730 31.1770 34.0810 36.9850 35.7770 32.8730 29.9690 28.7670 25.8630 24.7010 23.5400 22.3780 21.0370 18.1330 15.2290 12.3250 9.42100 8.25900 8.23000 8.21800 9.38000 12.2430 13.4050 16.2680 17.4300 20.2930 21.4550 20.6880 19.4860 16.5820 15.4200 14.2590 12.4470 11.2440 8.34000 7.17900 7.10900 4.20500 7.06800 8.23000 11.1340 12.7660 13.9280 15.0890 16.2510
45.0760 42.1720 39.2680 36.3640 33.4600 30.5560 27.6520 24.7480 21.8440 18.9400 16.0360 13.1320 10.8780 7.97400 5.07000 7.97400 10.8780 13.2710 16.1750 19.0790 21.9830 24.8870 27.7910 30.6950 33.5990 36.5030 34.0870 31.7120 28.8080 25.9040 24.7010 21.7970 20.6360 19.4740 18.3130 16.9710 14.0670 11.1630 8.25900 5.35500 5.32600 5.31400 8.17800 9.33900 12.2030 13.3640 16.2280 17.3890 20.2930 19.5260 16.6220 15.4200 12.5160 11.3550 10.1930 8.38100 7.17900 4.27500 4.24600 4.23400 7.13800 10.0420 12.2960 15.2000 16.8320 17.9930 19.1550
45.7550 42.8510 39.9470 37.0430 34.1390 31.2350 28.3310 25.4270 22.5230 19.6190 16.7150 13.8110 10.9070 8.00300 5.09900 8.00300 9.20600 12.1100 15.0140 17.9180 20.8220 23.7260 26.6300 29.5340 32.4380 34.1280 32.9260 30.0220 27.6460 24.7420 21.8380 20.6360 17.7320 16.5700 15.4090 14.2470 14.0550 11.1510 8.24700 5.34300 5.31400 5.28500 5.27400 8.13700 9.29900 12.1620 13.3240 16.2280 19.1320 16.6630 15.4610 12.5570 11.3550 8.45100 7.28900 7.21900 4.31500 4.28600 4.27500 7.13800 8.30000 11.2040 14.1080 16.3610 19.2650 20.8970 22.0590
45.7840 42.8800 39.9760 37.0720 34.1680 31.2640 28.3600 25.4560 22.5520 19.6480 16.7440 13.8400 10.9360 8.03200 5.12800 5.14000 8.04400 10.9480 13.8520 16.7560 19.6600 22.5640 25.4680 28.3720 31.2760 32.9660 30.0620 28.8600 25.9560 23.5800 20.6760 17.7720 16.5700 13.6660 12.5050 11.3430 11.3140 11.1630 8.25900 5.35500 5.32600 8.14900 5.24500 5.23300 8.09600 9.25800 12.1620 15.0660 16.7040 15.5020 12.5980 11.3950 8.49100 7.28900 4.38500 4.35600 4.32700 7.19000 7.17900 8.34000 11.2040 12.3650 15.2690 18.1730 20.4270 23.3310 24.9630
45.3020 42.3980 39.4940 36.5900 33.6860 30.7820 27.8780 24.9740 22.0700 19.1660 16.2620 13.3580 10.9660 8.06200 5.15800 5.16900 8.07300 10.9770 13.8810 16.7850 19.6890 22.5930 25.4970 28.4010 31.3050 31.8050 28.9010 25.9970 24.7940 21.8900 19.5150 16.6110 13.7070 12.5050 9.60100 8.43900 8.41000 8.38100 8.27100 5.36700 5.35500 8.25900 8.10800 5.20400 5.19200 8.09600 11.0000 13.2540 14.4500 12.6380 11.4360 8.53200 7.33000 4.42600 4.39700 7.26000 7.23100 8.39300 10.0830 11.2440 12.4060 15.2690 16.4310 19.3350 22.2390 24.4920 27.3960
44.1410 41.2370 38.3330 35.4290 32.5250 29.6210 26.7170 23.8130 20.9090 18.0050 15.1010 12.1970 9.29300 8.09100 5.18700 8.07300 9.23500 12.1390 15.0430 17.9470 20.8510 23.7550 26.6590 29.5630 32.4670 30.6430 27.7390 24.8350 21.9310 20.7290 17.8250 15.4490 12.5450 9.64100 8.43900 5.53500 5.50600 5.47700 8.30000 5.39600 8.25900 9.42100 9.27000 8.06700 5.16300 8.02700 9.18800 12.0920 11.5460 10.3850 8.57300 7.37000 4.46600 4.43700 7.30100 8.46200 10.1350 11.2970 12.4580 14.1480 15.3100 16.4710 19.3350 20.4960 23.4000 26.3040 28.5580
42.9790 40.0750 37.1710 34.2670 31.3630 28.4590 25.5550 22.6510 19.7470 16.8430 13.9390 11.0350 8.13100 5.22700 5.21600 8.12000 11.0240 13.3000 16.2040 19.1080 22.0120 24.9160 27.8200 30.7240 32.3850 29.4810 26.5770 23.6730 20.7690 17.8650 16.6630 13.7590 11.3840 8.48000 5.57600 5.54700 8.36900 5.46500 5.43600 8.30000 9.46100 12.3250 10.9420 8.03800 5.13400 5.12300 8.02700 10.9310 8.64200 7.48100 7.41100 4.50700 4.47800 7.34100 8.50300 11.3660 12.5280 14.2010 15.3620 16.5240 18.2140 19.3750 20.5370 23.4000 24.5620 27.4660 30.3700
43.0080 40.1040 37.2000 34.2960 31.3920 28.4880 25.5840 22.6800 19.7760 16.8720 13.9680 11.0640 8.16000 5.25600 8.12000 9.28100 12.1850 15.0890 17.3660 20.2700 23.1740 26.0780 28.9820 31.8860 31.2240 28.3200 25.4160 22.5120 19.6080 16.7040 13.8000 12.5980 9.69400 8.49100 5.58700 8.45100 9.53100 8.36900 8.34000 9.50200 12.3650 13.5270 10.9130 8.00900 5.10500 5.09400 7.99800 8.68300 7.48100 4.57700 4.54800 4.51900 7.38200 8.54400 11.4070 12.5690 15.4320 16.5930 18.2660 19.4280 20.5890 22.2790 23.4410 24.6030 27.4660 28.6280 31.5320
43.0370 40.1330 37.2290 34.3250 31.4210 28.5170 25.6130 22.7090 19.8050 16.9010 13.9970 11.0930 8.18900 5.28500 8.18900 11.0930 13.3470 16.2510 19.1550 21.4320 24.3360 27.2400 30.1440 32.9660 30.0620 27.1580 24.2540 21.3500 18.4460 15.5420 12.6380 9.73400 8.53200 5.62800 5.61600 8.52000 11.4240 11.2730 11.2440 12.4060 13.5670 14.8980 11.9940 9.09000 7.92800 5.06500 7.96900 7.52100 4.61700 4.58800 7.45200 7.42300 8.58400 11.4480 12.6090 15.4730 16.6340 19.4970 20.6590 22.3320 23.4930 24.6550 26.3450 27.5070 28.6680 31.5320 32.6930
43.0660 40.1620 37.2580 34.3540 31.4500 28.5460 25.6420 22.7380 19.8340 16.9300 14.0260 11.1220 8.21800 5.31400 8.21800 11.1220 14.0260 16.9300 19.8340 21.7160 24.6200 27.5240 30.4280 31.8050 28.9010 25.9970 23.0930 20.1890 17.2850 14.3810 11.4770 8.57300 5.66900 5.65700 8.52000 9.68200 12.5860 14.1770 14.1480 15.3100 15.9950 13.1090 10.8320 7.92800 5.02400 5.03600 7.94000 7.53300 4.62900 7.49200 8.65400 10.3270 11.4880 12.6500 15.5130 16.6750 19.5380 20.7000 23.5630 24.7250 26.3970 27.5590 28.7210 30.4110 31.5720 32.7340 35.5970
43.0950 40.1910 37.2870 34.3830 31.4790 28.5750 25.6710 22.7670 19.8630 16.9590 14.0550 11.1510 8.24700 5.34300 8.24700 11.1510 13.5440 16.4480 17.6510 20.5550 23.4590 26.3630 29.2670 31.8340 28.9300 26.0260 23.1220 20.2180 17.3140 14.4100 11.5060 8.60200 5.69800 8.56100 9.72300 12.5860 13.7480 16.6520 17.0520 15.9950 13.0910 11.9300 9.04300 7.88100 4.99500 5.00600 7.57400 4.67000 4.65800 7.56200 10.4660 12.7200 14.3920 15.5540 16.7150 19.5790 20.7400 23.6040 24.7650 27.6290 28.7900 30.4630 31.6250 32.7860 34.4760 35.6380 36.7990
43.1240 40.2200 37.3160 34.4120 31.5080 28.6040 25.7000 22.7960 19.8920 16.9880 14.0840 11.1800 8.27600 5.37200 8.27600 9.47900 12.3830 13.5850 16.4890 19.3930 22.2970 25.2010 28.1050 31.0090 28.9590 26.0550 23.1510 20.2470 17.3430 14.4390 11.5350 8.63100 5.72700 8.63100 11.5350 13.7880 16.6520 17.8130 17.7380 14.8340 11.9300 9.02600 7.86400 4.97700 4.96600 7.87000 7.60300 4.69900 7.56200 8.72400 11.6280 14.5320 16.7850 18.4580 19.6190 20.7810 23.6440 24.8060 27.6690 28.8310 31.6940 32.8560 34.5290 35.6900 36.8520 38.5420 39.7030
44.2860 41.3820 38.4780 35.5740 32.6700 29.7660 26.8620 23.9580 21.0540 18.1500 15.2460 12.3420 9.43800 8.27600 5.41300 8.31700 9.51900 12.4230 15.3270 18.2310 21.1350 24.0390 26.9430 29.8470 28.4770 25.5730 22.6690 19.7650 16.8610 13.9570 11.5640 8.66000 5.75600 8.66000 11.5640 14.4680 17.3720 19.4800 16.5760 13.6720 10.7680 7.86400 4.96000 4.94800 4.93700 7.84100 7.63200 4.72800 7.63200 10.5360 12.7890 15.6930 18.5970 20.8510 22.5230 23.6850 24.8470 27.7100 28.8720 31.7350 32.8970 35.7600 36.9210 38.5940 39.7560 40.8650 39.7030
45.4480 42.5440 39.6400 36.7360 33.8320 30.9280 28.0240 25.1200 22.2160 19.3120 16.4080 13.5040 12.3420 9.47900 8.31700 5.45400 8.35800 11.2620 14.1660 17.0700 19.9740 22.8780 25.7820 28.6860 26.2930 24.4110 21.5070 18.6030 15.6990 12.7950 9.89100 8.68900 5.78500 8.68900 11.5930 14.4970 17.4010 19.4680 16.5640 13.6600 10.7560 7.85200 4.94800 4.91900 4.90800 7.67200 4.76800 4.75700 7.66100 10.5650 13.4690 16.3730 19.2770 22.1810 24.9160 26.5890 27.7510 28.9120 31.7760 32.9370 35.8010 36.9620 39.8250 40.9870 39.1230 37.9610 36.7990
46.6090 43.7050 40.8010 37.8970 34.9930 32.0890 29.1850 26.2810 23.3770 20.4730 17.5690 15.3970 12.4930 9.58900 8.38700 5.48300 8.38700 11.2910 14.1950 17.0990 20.0030 22.9070 25.8110 26.3330 25.1310 22.2270 20.3450 17.4410 14.5370 11.6330 8.72900 5.82500 5.81400 8.71800 11.6220 14.5260 17.4300 20.3340 17.7260 14.8220 11.9180 9.01400 7.81200 4.90800 4.87900 7.70100 4.79700 7.66100 8.82200 11.7260 14.6300 17.5340 20.4380 23.3420 26.2460 28.9820 30.6550 31.8160 32.9780 35.8410 37.0030 39.8660 41.0280 39.0820 37.9200 35.0570 33.8950
46.1790 43.2750 40.3710 37.4670 34.5630 31.6590 28.7550 25.8510 22.9470 20.0430 17.1390 14.2350 11.3310 8.42700 5.52300 5.51200 8.41600 11.3200 14.2240 17.1280 20.0320 22.9360 25.8400 25.1720 22.2680 21.0660 18.1620 16.9590 14.0550 11.6620 8.75800 5.85400 8.71800 9.87900 12.7830 15.6870 18.5910 21.4950 18.8880 15.9840 13.0800 11.8770 8.97300 7.77100 4.86700 4.83800 7.70100 8.86300 11.7260 12.8880 15.7920 18.6960 21.6000 24.5040 27.4080 30.3120 33.0480 34.7200 35.8820 37.0430 39.9070 41.0680 40.7260 37.9200 35.0160 33.8550 30.9910
46.2080 43.3040 40.4000 37.4960 34.5920 31.6880 28.7840 25.8800 22.9760 20.0720 17.1680 14.2640 11.3600 8.45600 5.55200 5.54100 8.44500 11.3490 14.2530 17.1570 20.0610 22.9650 25.8690 24.0100 21.1060 18.2020 17.0000 14.0960 12.8940 9.99000 8.78800 5.88400 8.78800 11.6920 13.9450 16.8490 19.7530 22.6570 20.0490 17.1450 15.9430 13.0390 11.8370 8.93300 7.77100 4.86700 7.77100 10.6750 12.9290 15.7920 16.9540 19.8580 22.7620 25.6660 28.5700 31.4740 34.3780 37.1130 38.7860 39.9470 40.6730 38.9830 37.8220 36.6600 33.8550 30.9510 29.7890
46.2370 43.3330 40.4290 37.5250 34.6210 31.7170 28.8130 25.9090 23.0050 20.1010 17.1970 14.2930 11.3890 8.48500 5.58100 5.57000 8.47400 11.3780 14.2820 17.1860 20.0900 22.9940 25.7530 22.8490 19.9450 17.0410 14.1370 12.9340 10.0300 8.82800 5.92400 5.91300 8.81700 11.7210 14.6250 17.5290 20.4330 23.3370 21.2110 20.0090 17.1050 15.9020 12.9980 10.7040 7.80000 4.89600 7.80000 9.00200 11.9060 13.1090 16.0130 18.9170 21.8210 24.7250 27.6290 30.5330 33.4370 36.3410 39.2450 38.9310 37.7690 36.6080 34.9180 33.7560 32.5940 29.7890 26.8850
46.2670 43.3630 40.4590 37.5550 34.6510 31.7470 28.8430 25.9390 23.0350 20.1310 17.2270 14.3230 11.4190 8.51500 5.61100 5.59900 8.50300 11.4070 14.3110 17.2150 20.1190 23.0230 24.4810 21.6870 18.7830 15.8790 12.9750 10.0710 8.86900 5.96500 5.95300 8.81700 9.97800 12.8820 15.7860 18.6900 21.5940 24.4980 24.0740 21.1700 19.4450 16.5410 13.6370 10.7330 7.82900 4.92500 4.93700 7.84100 9.04300 11.9470 14.8510 17.7550 20.6590 23.5630 26.4670 29.3710 32.2750 35.1790 37.7400 37.7690 34.8650 33.7040 32.5420 30.8520 29.6900 28.5290 25.7240
46.2960 43.3920 40.4880 37.5840 34.6800 31.7760 28.8720 25.9680 23.0640 20.1600 17.2560 14.3520 11.4480 8.54400 5.64000 5.62800 8.53200 11.4360 14.3400 17.2440 19.7360 20.4150 21.5770 20.5250 17.6210 14.7170 11.8130 8.90900 6.00500 5.99400 8.85700 10.0190 12.8820 14.0440 16.9480 19.8520 22.7560 25.6600 25.2360 23.5110 20.6070 17.7030 14.7990 11.8950 8.99100 7.82900 4.96600 4.97700 7.88100 10.7850 13.6890 16.5930 19.4970 22.4010 25.3050 28.2090 31.1130 33.6750 36.5790 36.6080 33.7040 30.8000 29.6380 28.4770 26.7860 25.6250 24.4630
45.8140 42.9100 40.0060 37.1020 34.1980 31.2940 28.3900 25.4860 22.5820 19.6780 16.7740 13.8700 11.4770 8.57300 5.66900 5.65700 8.56100 11.4650 13.8580 15.6700 16.8320 17.5110 18.6730 19.8340 17.6510 14.7470 11.8430 8.93900 6.03500 8.89800 10.0590 12.9230 14.0840 16.9480 18.1090 21.0130 23.9170 26.8210 27.5760 24.6720 21.7680 18.8640 15.9600 13.0560 10.8030 7.89900 4.99500 5.00600 7.91000 10.8140 13.7180 16.6220 19.5260 22.4300 25.3340 28.2380 29.6090 32.5130 35.4170 34.7960 32.5420 29.6380 26.7340 25.5730 24.4110 22.7210 21.5590
44.6520 41.7480 38.8440 35.9400 33.0360 30.1320 27.2280 24.3240 21.4200 18.5160 15.6120 12.7080 9.80400 8.60200 5.69800 5.68600 8.59000 9.79200 11.6040 12.7660 13.9280 14.6070 15.7690 16.9300 17.6800 14.7760 11.8720 8.96800 6.06400 6.07500 8.97900 11.8830 14.7870 17.6910 20.5950 22.1750 25.0790 27.9830 28.2560 25.3520 22.4480 19.5440 16.6400 13.7360 10.8320 7.92800 5.02400 5.03600 7.94000 10.8440 13.2360 16.1400 19.0440 21.4370 24.3410 25.5440 28.4480 31.3520 33.7440 33.5930 30.7300 28.4770 25.5730 22.6690 21.5070 20.3450 18.6550
43.4900 40.5860 37.6820 34.7780 31.8740 28.9700 26.0660 23.1620 20.2580 17.3540 14.4500 11.5460 8.64200 5.73800 8.60200 5.71500 5.72700 8.63100 8.70000 9.86200 11.6740 11.7030 12.8650 14.0260 16.9300 14.2880 13.0330 10.1290 8.96800 6.10400 9.00800 11.9120 14.8160 17.7200 20.6240 23.5280 26.2410 29.1450 29.4180 26.5140 23.6100 20.7060 17.8020 14.8980 11.9940 9.09000 7.92800 5.06500 7.96900 9.17100 12.0750 14.9790 17.3720 20.2760 21.4780 24.3820 27.2860 29.6790 31.4910 30.6890 29.5280 26.6650 24.4110 21.5070 18.6030 17.4410 16.2800
43.5190 40.6150 37.7110 34.8070 31.9030 28.9990 26.0950 23.1910 20.2870 17.3830 14.4790 11.5750 8.67100 5.76700 5.75600 8.61900 5.75600 5.76700 5.79600 8.70000 8.77000 8.79900 9.96100 12.8650 14.0670 13.1260 10.2220 9.06000 9.03700 6.13300 9.03700 11.9410 14.8450 17.7490 20.6530 23.5570 26.4610 29.3650 30.5790 27.6750 24.7710 21.8670 18.9630 16.0590 13.1550 10.9020 7.99800 5.09400 5.10500 8.00900 10.9130 13.3060 16.2100 17.4120 20.3160 23.2200 25.6130 27.4250 28.5870 29.5280 26.6240 25.4620 22.5990 20.3450 17.4410 14.5370 13.3760
44.6810 41.7770 38.8730 35.9690 33.0650 30.1610 27.2570 24.3530 21.4490 18.5450 15.6410 12.7370 9.83300 8.67100 5.78500 5.79600 8.66000 8.67100 5.80800 5.83700 5.86600 5.89500 8.79900 10.0010 12.9050 11.9640 9.06000 6.15600 9.06000 6.16200 9.06600 11.9700 14.8740 17.7780 20.6820 23.5860 26.4900 29.3940 31.7410 28.8370 25.9330 23.0290 20.1250 17.2210 14.9670 12.0630 9.15900 7.99800 5.13400 8.03800 9.24100 12.1450 13.3470 16.2510 19.1550 21.5480 23.3600 24.5210 25.6830 28.3660 25.4620 22.5580 21.3970 18.5330 16.2800 13.3760 10.4720
45.8430 42.9390 40.0350 37.1310 34.2270 31.3230 28.4190 25.5150 22.6110 19.7070 16.8030 13.8990 12.7370 9.85000 8.68900 5.82500 5.83700 5.84900 5.83700 5.84900 8.75300 5.90700 5.93600 8.84000 10.0420 10.1520 8.99100 6.12700 6.15600 6.18600 9.09000 11.9940 14.8980 17.8020 20.7060 23.6100 26.5140 29.4180 32.3220 29.9980 27.0940 24.1900 21.2860 19.0330 16.1290 13.2250 10.9710 8.06700 5.16300 5.17500 8.07900 9.28100 12.1850 15.0890 17.4820 19.2940 20.4560 21.6170 24.5210 27.2050 24.3010 21.3970 18.4930 17.3310 14.4680 12.2140 9.31000
45.8660 44.1000 41.1960 38.2920 35.3880 32.4840 29.5800 26.6760 23.7720 20.8680 17.9640 16.8030 13.9160 12.7540 9.89100 8.72900 5.86600 5.87800 5.86600 5.87800 8.78200 8.81100 5.94700 5.97600 8.88000 8.95000 6.08700 6.11600 6.14500 6.17400 9.07800 11.9820 14.8860 17.7900 20.6940 23.5980 26.5020 29.4060 32.3100 31.1600 28.2560 25.3520 23.0980 20.1940 17.2900 15.0370 12.1330 9.22900 8.06700 5.20400 5.21600 8.12000 11.0240 13.4160 15.2290 16.3900 17.5520 20.4560 23.3600 25.7350 23.1390 20.2350 17.3310 14.4270 13.2650 10.4020 9.24100
42.9620 41.8000 40.6390 38.8260 36.5500 33.6460 30.7420 27.8380 24.9340 22.0300 20.8680 17.9820 16.8200 13.9570 12.7950 9.93200 8.77000 5.90700 5.89500 8.78200 9.94300 10.0130 8.85100 5.98800 6.01700 6.04600 6.07500 6.10400 9.00800 9.07800 10.2400 13.1440 16.0480 18.9520 21.8560 24.7600 27.6640 30.5680 33.4720 32.3220 29.4180 27.1640 24.2600 21.3560 19.1030 16.1990 13.2950 12.1330 9.27000 8.10800 5.24500 8.14900 9.35100 11.1630 12.3250 13.4860 16.3900 19.2940 21.6700 24.5740 21.9770 19.0730 16.1690 13.2650 10.3610 9.20000 6.33700
41.8000 38.8960 37.7350 36.5730 34.7610 33.5990 31.9030 28.9990 26.0950 24.9340 22.0470 20.8860 18.0220 16.8610 13.9970 12.8360 9.97200 8.81100 5.92400 5.93600 8.84000 11.7440 8.92100 6.01700 6.02900 6.05800 8.96200 6.11600 9.02000 11.9240 13.1440 14.3050 17.2090 20.1130 23.0170 25.9210 28.8250 31.7290 34.6330 33.4830 31.2300 28.3260 25.4220 23.1680 20.2640 17.3600 16.1990 13.3350 12.1740 9.31000 8.14900 5.28500 8.18900 8.25900 9.42100 12.3250 15.2290 17.6040 20.5080 21.7100 20.8160 17.9120 15.0080 12.1040 9.20000 6.29600 9.20000
