AppendixA/HikerMovements/data/ascii_files_abm_Orsi/dist_realberto_1000.asc
ncols 271
nrows 294
xllcorner 698225
yllcorner 5141858
cellsize 30.00
nodata_value  226.969
[rows 232 to 260 of 294, columns 0 to 66 of 271]
8.94400 8.91500 8.88600 11.7320 8.82800 11.6920 11.6220 8.71800 8.68900 8.66000 8.63100 8.60200 8.57300 8.54400 11.4070 11.3780 12.5390 14.2120 15.3740 16.5350 17.0170 16.9880 18.1500 19.3120 20.4730 22.1460 22.6280 22.5990 23.7610 24.9220 26.0840 27.2450 28.4070 30.0800 31.2410 32.4030 34.5870 35.7480 36.9100 36.6890 36.6600 36.6310 36.6020 36.5730 36.5440 36.5150 36.4860 34.5110 31.6070 30.4460 29.2840 27.6000 24.6960 21.7920 18.8880 15.9840 13.0800 10.1760 7.27200 10.1760 13.0800 15.3560 18.2600 21.1640 24.0680 26.9720 29.8760
11.8480 11.7790 8.87500 8.84600 8.81700 8.78800 8.75800 11.6220 11.5930 11.5460 8.64200 11.5060 11.4770 11.4480 12.6090 14.2820 15.4430 16.6050 18.2780 19.4390 19.9210 19.8920 21.0540 22.2160 23.3770 24.5390 25.5320 25.5030 26.6650 27.8260 28.9880 30.1490 31.3110 32.4730 34.1450 35.3070 36.4680 38.6520 39.8140 39.5930 39.5640 39.5350 39.5060 39.4770 39.4480 39.4190 38.5770 35.6730 34.5110 33.3500 30.5330 27.6290 24.7250 21.8210 18.9170 16.0130 13.1090 10.2050 7.30100 10.2050 13.1090 15.5020 18.4060 21.3100 24.2140 27.1180 30.0220
8.94400 8.91500 8.88600 11.7320 8.82800 8.79900 11.6620 12.8240 14.4790 11.5750 8.67100 11.5750 14.3810 14.3520 15.5130 16.6750 18.3470 19.5090 20.6710 22.3430 22.8250 22.7960 23.9580 25.1200 26.2810 27.4430 28.4360 28.4070 29.5690 30.7300 31.8920 33.0530 34.2150 35.3770 36.5380 38.2110 39.3720 40.5340 42.7180 42.4970 42.4680 42.4390 42.4100 42.3810 42.3520 42.3230 39.7380 38.5770 36.3700 33.4660 30.5620 27.6580 24.7540 21.8500 18.9460 16.0420 13.1380 10.2340 7.33000 10.2340 11.4360 14.3400 17.2440 20.1480 23.0520 25.9560 28.8600
11.8480 11.8190 11.7900 12.8940 11.7320 11.7030 12.8650 15.7280 14.5080 11.6040 8.70000 11.6040 14.5080 17.2560 18.4170 19.5790 20.7400 22.4130 23.5750 24.7360 25.7290 25.7000 26.8620 28.0240 29.1850 30.3470 31.3400 31.3110 32.4730 33.6340 34.7960 35.9570 37.1190 38.2810 39.4420 40.6040 42.2760 43.4380 44.6000 45.4010 45.3720 45.3430 45.3140 45.2850 45.2560 43.8040 42.6420 40.4350 37.5310 34.6270 31.7230 28.8190 25.9150 23.0110 20.1070 17.2030 14.2990 11.3950 10.2340 7.37000 10.2740 13.1780 16.0820 18.9860 21.8900 24.7940 27.6980
14.7520 14.7230 14.6940 15.7980 14.6360 14.6070 15.7690 15.7400 12.8360 11.6330 8.72900 11.6330 14.5370 17.4410 20.3450 22.4830 23.6440 24.8060 26.4790 27.6400 28.6330 28.6040 29.7660 30.9280 32.0890 33.2510 34.2440 34.2150 35.3770 36.5380 37.7000 38.8610 40.0230 41.1850 42.3460 43.5080 44.6690 46.3420 47.5040 48.3050 48.2760 48.2470 48.2180 48.1890 47.8700 46.7080 44.5010 41.5970 38.6930 35.7890 32.8850 29.9810 27.0770 24.1730 21.2690 18.3650 15.4610 13.2070 10.3030 7.39900 10.3030 13.2070 16.1110 19.0150 21.9190 24.8230 27.7270
17.6560 17.6270 17.5980 18.7020 17.5400 17.5110 16.9710 14.5780 11.6740 8.77000 8.75800 11.6620 14.5660 17.4700 20.3740 23.2780 26.1820 27.7100 28.8720 30.5440 31.5370 31.5080 32.6700 33.8320 34.9930 36.1550 37.1480 37.1190 38.2810 39.4420 40.6040 41.7650 42.9270 44.0890 45.2500 46.4120 47.5730 48.7350 50.4080 51.2090 51.1800 51.1510 51.1220 51.0930 49.2870 46.3830 43.4790 40.5750 37.6710 34.7670 31.8630 28.9590 26.0550 23.1510 20.2470 17.3430 14.4390 11.5350 10.3320 7.42800 10.3320 13.2360 16.1400 19.0440 21.9480 24.8520 27.7560
20.5600 20.5310 20.5020 21.1180 19.9160 17.0120 15.8090 12.9050 11.7030 8.79900 11.6620 12.8240 15.7280 18.6320 21.5360 24.4400 27.3440 30.2480 31.7760 32.9370 34.4410 34.4120 35.5740 36.7360 37.8970 39.0590 40.0520 40.0230 41.1850 42.3460 43.5080 44.6690 45.8310 46.9930 48.1540 49.3160 50.4770 51.6390 52.8010 54.1130 54.0840 54.0550 53.9330 51.0290 48.1250 45.2210 42.3170 39.4130 36.5090 33.6050 30.7010 27.7970 24.8930 21.9890 19.0850 16.1810 13.2770 10.3730 7.46900 7.45700 10.3610 13.2650 16.1690 19.0730 21.9770 24.8810 27.7850
23.4640 23.4350 22.8600 19.9560 17.0520 15.8500 12.9460 11.7440 8.84000 11.7030 12.8650 15.7280 16.8900 19.7940 22.6980 25.6020 28.5060 31.4100 34.3140 35.8410 37.0030 37.3160 38.4780 39.6400 40.8010 41.9630 42.9560 42.9270 44.0890 45.2500 46.4120 47.5730 48.7350 49.8970 51.0580 52.2200 53.3810 54.5430 55.7050 56.8660 56.9880 56.8660 53.9620 51.0580 48.1540 45.2500 42.3460 39.4420 36.5380 33.6340 30.7300 27.8260 24.9220 22.0180 19.1140 16.2100 13.3060 10.4020 7.49800 10.3610 11.5230 14.4270 17.3310 20.2350 23.1390 26.0430 28.0060
26.3680 24.6030 21.6990 18.7950 15.8910 12.9870 11.7840 8.88000 8.86900 11.7730 14.6770 16.9300 19.7940 20.9550 23.8590 26.7630 29.6670 32.5710 35.4750 38.3790 39.9070 40.2200 41.3820 42.5440 43.7050 44.8670 45.8600 45.8310 46.9930 48.1540 49.3160 50.4770 51.6390 52.8010 53.9620 55.1240 56.2850 57.4470 58.6090 59.7700 59.7990 56.8950 53.9910 51.0870 48.1830 45.2790 42.3750 39.4710 36.5670 33.6630 30.7590 27.8550 24.9510 22.0470 19.1430 16.2390 13.3350 10.4310 7.52700 10.4310 13.3350 15.5890 18.4930 19.8340 22.7380 23.9410 26.8450
26.3450 23.4410 20.5370 17.6330 14.7290 11.8250 8.92100 8.90900 11.7730 12.9340 15.8380 18.7420 20.9960 23.8590 25.0210 27.9250 30.8290 33.7330 36.6370 39.5410 42.4450 43.1240 44.2860 45.4480 46.6090 47.7710 48.7640 48.7350 49.8970 51.0580 52.2200 53.3810 54.5430 55.7050 56.8660 58.0280 59.1890 60.3510 61.5130 62.6740 59.8280 56.9240 54.0200 51.1160 48.2120 45.3080 42.4040 39.5000 36.5960 33.6920 30.7880 27.8840 24.9800 22.0760 19.1720 16.2680 13.3640 10.4600 7.55600 10.4600 11.6620 14.5660 15.7690 18.6730 19.8750 22.7790 23.9810
25.3520 22.9590 20.0550 17.1510 14.7580 11.8540 8.95000 11.8130 12.9750 15.8380 17.0000 19.9040 22.8080 25.0620 27.9250 29.0860 31.9900 34.8940 37.7980 40.7020 43.6060 46.0280 47.1900 48.3520 49.5130 50.6750 51.6680 51.6390 52.8010 53.9620 55.1240 56.2850 57.4470 58.6090 59.7700 60.9320 62.0930 63.2550 64.4170 62.7610 59.8570 56.9530 54.0490 51.1450 48.2410 45.3370 42.4330 39.5290 36.6250 33.7210 30.8170 27.9130 25.0090 22.1050 19.2010 16.2970 13.3930 10.4890 7.58500 7.59700 10.5010 11.7030 14.6070 15.8090 18.7130 19.9160 22.8200
23.0980 21.2860 18.8930 15.9890 13.0850 11.8830 8.97900 11.8830 14.7870 17.0410 19.9040 21.0660 23.9700 26.8740 29.1270 31.9900 33.1520 36.0560 38.9600 41.8640 44.7680 47.6720 50.0940 51.2560 52.4170 53.5790 54.5720 54.5430 55.7050 56.8660 58.0280 59.1890 60.3510 61.5130 62.6740 63.8360 64.9970 66.1590 66.8270 63.9230 61.0190 58.1150 55.2110 52.3070 49.4030 46.4990 43.5950 40.6910 37.7870 34.8830 31.9790 29.0750 26.1710 23.2670 20.3630 17.4590 14.5550 11.6510 10.4890 7.62600 7.63800 10.5420 11.7440 14.6480 15.8500 18.7540 19.9560
20.1940 19.0330 17.2210 14.8280 11.9240 9.02000 11.8830 13.0450 15.9490 18.8530 21.1060 23.9700 25.1310 28.0350 30.9390 33.1930 36.0560 37.2180 40.1220 43.0260 45.9300 48.8340 51.7380 54.1600 55.3210 56.4830 57.4760 57.4470 58.6090 59.7700 60.9320 62.0930 63.2550 64.4170 65.5780 66.7400 67.9010 69.0630 67.9880 65.0840 62.1800 59.2760 56.3720 53.4680 50.5640 47.6600 44.7560 41.8520 38.9480 36.0440 33.1400 30.2360 27.3320 24.4280 21.5240 18.6200 15.7160 14.5550 11.6920 10.5300 10.5420 7.67800 10.5820 11.7840 14.6880 15.8910 18.7950
17.2900 16.1290 14.9670 13.1550 11.9530 9.04900 11.9530 14.8570 17.1100 20.0140 22.9180 25.1720 28.0350 29.1970 32.1010 35.0050 37.2580 40.1220 41.2830 44.1870 47.0910 49.9950 52.8990 55.8030 58.2250 59.3870 60.3800 60.3510 61.5130 62.6740 63.8360 64.9970 66.1590 67.3210 68.4820 69.6440 70.8050 71.9670 69.1500 66.2460 63.3420 60.4380 57.5340 54.6300 51.7260 48.8220 45.9180 43.0140 40.1100 37.2060 34.3020 31.3980 28.4940 25.5900 22.6860 19.7820 18.6200 15.7570 14.5960 13.4340 11.7440 10.5820 7.71900 10.6230 11.8250 14.7290 15.9310
15.0370 13.2250 12.0630 11.9940 9.09000 11.9530 13.1140 16.0180 18.9220 21.1760 24.0800 26.9840 29.2370 32.1010 33.2620 36.1660 39.0700 41.3240 44.1870 45.3490 48.2530 51.1570 54.0610 56.9650 59.8690 62.2910 63.2840 63.2550 64.4170 65.5780 66.7400 67.9010 69.0630 70.2250 71.3860 72.5480 73.7090 73.2160 70.3120 67.4080 64.5040 61.6000 58.6960 55.7920 52.8880 49.9840 47.0800 44.1760 41.2720 38.3680 35.4640 32.5600 29.6560 26.7520 23.8480 22.6860 19.8230 18.6610 17.5000 15.8090 13.5560 10.6520 7.74800 7.75900 10.6630 11.8660 14.7580
12.1330 12.0630 9.15900 9.13000 9.11900 12.0230 14.9270 17.1800 20.0840 22.9880 25.2420 28.1460 31.0500 33.3030 36.1660 37.3280 40.2320 43.1360 45.3900 48.2530 49.4140 52.3180 55.2220 58.1260 61.0300 63.9340 66.1880 66.1590 67.3210 67.5410 67.5300 68.6910 69.8530 71.0140 72.1760 73.3380 74.4990 74.3770 71.4730 68.5690 65.6650 62.7610 59.8570 56.9530 54.0490 51.1450 48.2410 45.3370 42.4330 39.5290 36.6250 33.7210 30.8170 27.9130 26.7520 23.8880 22.7270 21.5650 19.8750 17.6210 14.7170 11.8130 10.6520 10.6630 7.80000 10.6930 11.8540
9.22900 9.20000 9.17100 12.0340 12.0230 13.1840 16.0880 18.9920 21.2460 24.1500 27.0540 29.3070 32.2110 35.1150 37.3690 40.2320 41.3940 44.2980 47.2020 49.4550 52.3180 53.4800 56.3840 59.2880 62.1920 64.2420 64.7240 64.6950 64.6660 64.6370 64.6260 65.7870 66.9490 68.1100 69.2720 70.4340 71.5950 72.4320 71.2700 69.6550 66.7510 63.8470 60.9430 58.0390 55.1350 52.2310 49.3270 46.4230 43.5190 40.6150 37.7870 34.8830 31.9790 30.8170 27.9540 26.7920 25.6310 23.9410 21.6870 18.7830 15.8790 14.7170 13.5560 11.8660 10.6930 7.78900 10.6520
12.1330 12.1040 12.0750 13.2360 14.9270 16.0880 17.2500 20.1540 23.0580 25.3110 28.2150 31.1190 33.3730 36.2770 39.1810 41.4340 44.2980 45.4590 48.3630 51.2670 53.5210 56.3840 57.5460 59.0150 60.1770 61.3380 61.8200 61.7910 61.7620 61.7330 61.7220 62.8830 64.0450 65.2060 66.3680 67.5300 68.6910 69.5280 68.3660 67.2040 65.5900 62.6860 59.7820 56.8780 53.9740 51.0700 48.1660 45.2620 42.3580 39.4540 36.5500 35.3470 32.4430 31.2820 30.1200 28.9590 27.7970 25.7530 22.8490 19.9450 18.7830 17.6210 15.9310 14.7580 11.8540 10.6520 7.74800
15.0370 15.0080 14.9790 16.1400 17.3020 18.9920 20.1540 21.3150 24.2190 27.1230 29.3770 32.2810 35.1850 37.4380 40.3420 43.2460 45.5000 48.3630 49.5250 52.4290 53.3060 54.4670 55.6290 56.1110 57.2730 58.4340 58.9160 58.8870 58.8580 58.8290 58.8180 59.9790 61.1410 62.3020 63.4640 64.6260 65.7870 66.6240 65.4620 64.3000 64.2710 61.5240 58.6200 55.7160 52.8120 49.9080 47.0040 44.1000 41.1960 38.2920 35.3880 32.4840 31.2820 28.3780 27.2160 26.0550 24.8930 23.7310 22.5700 22.5410 21.6870 19.9970 18.8240 15.9200 14.7170 11.8130 10.6340
17.9410 17.9120 17.8830 19.0440 20.2060 21.3680 23.0580 24.2190 25.3810 28.2850 31.1890 33.4420 36.3460 39.2500 41.5040 42.7180 45.5810 46.7430 49.6060 50.4310 50.4020 51.5630 52.7250 53.2070 54.3690 55.5300 56.0120 55.9830 55.9540 55.9250 55.9140 57.0750 58.2370 59.3980 60.5600 61.7220 62.8830 63.7200 62.5580 61.3960 61.3670 60.3630 57.4590 54.5550 51.6510 48.7470 45.8430 42.9390 40.0350 37.1310 34.2270 31.3230 28.4190 27.2160 24.3120 23.1510 21.9890 20.8270 19.6660 19.6370 18.9570 17.7960 15.9840 14.8220 13.6600 11.8480 10.6460
16.2620 17.4240 18.5860 20.2760 21.4370 22.5990 25.4330 27.1230 28.2850 29.4470 32.3510 35.1670 36.3290 37.4910 38.6520 41.5160 42.6770 45.5410 46.7020 47.5270 47.4980 48.6590 49.8210 50.3030 51.4650 52.6260 53.1080 53.0790 53.0500 53.0210 53.0100 54.1710 55.3330 56.4940 57.6560 58.8180 59.9790 60.8160 59.6540 58.4920 58.4630 58.4340 56.2970 53.3930 50.4890 47.5850 44.6810 41.7770 38.8730 35.9690 33.0650 30.1610 27.2570 24.3530 23.1510 20.2470 19.0850 17.9230 16.7620 16.7330 16.0530 14.8920 13.7300 11.9180 10.7560 10.6870 7.78300
13.3580 14.5200 16.2100 17.3720 18.5330 21.4370 24.2600 25.4220 26.5830 29.4870 31.1020 32.2630 33.4250 34.5870 37.4500 38.6120 41.4750 42.6370 44.1410 44.6230 44.5940 45.7550 46.9170 47.3990 48.5610 49.7220 50.2040 50.1750 50.1460 50.1170 50.1060 51.2670 52.4290 53.5900 54.7520 55.9140 57.0750 57.9120 56.7500 55.5880 55.5590 55.5300 54.8510 52.2310 49.3270 46.4230 43.5190 40.6150 37.7110 34.8070 31.9030 28.9990 26.0950 23.1910 20.2870 19.0850 16.1810 15.0190 13.8580 13.8290 13.8000 11.9880 10.8260 10.7560 7.85200 7.82300 10.6870
10.4540 13.3180 13.3060 14.4680 17.3720 20.1940 21.3560 22.5180 25.4220 27.0360 28.1980 29.3590 30.5210 33.3840 34.5460 37.4090 38.5710 40.0750 41.2370 41.7190 41.6900 42.8510 44.0130 44.4950 45.6570 46.8180 47.3000 47.2710 47.2420 47.2130 47.2020 48.3630 49.5250 50.6860 51.8480 53.0100 54.1710 55.0080 53.8460 52.6840 52.6550 52.6260 51.9470 50.7850 48.1660 45.2620 42.3580 39.4540 36.5500 33.6460 30.7420 27.8380 24.9340 22.0300 19.1260 16.2220 15.0190 12.1150 10.9540 10.9250 10.8960 10.8260 7.92200 7.89300 7.86400 10.7270 11.8890
10.4430 10.4140 10.4020 13.3060 16.1290 17.2900 18.4520 21.3560 22.9710 24.1320 25.2940 26.4550 29.3190 30.4800 33.3440 34.5050 36.0100 37.1710 38.3330 38.8150 38.7860 39.9470 41.1090 41.5910 42.7530 43.9140 44.3960 44.3670 44.3380 44.3090 44.2980 45.4590 46.6210 47.7820 48.9440 50.1060 51.2670 52.1040 50.9420 49.7800 49.7510 49.7220 49.0430 47.8810 46.7200 44.1000 41.1960 38.2920 35.3880 32.4840 29.5800 26.6760 23.7720 20.8680 17.9640 15.0600 12.1560 10.9540 8.05000 8.02100 7.99200 7.96300 7.93400 10.7970 10.7680 11.9300 14.7930
13.3060 10.4020 10.3730 13.2360 13.2250 14.3860 17.2900 18.9050 20.0670 21.2280 22.3900 25.2530 26.4150 29.2780 30.4400 32.6240 33.1060 34.2670 35.4290 35.9110 35.8820 37.0430 38.2050 38.6870 39.8490 41.0100 41.4920 41.4630 41.4340 41.4050 41.3940 42.5550 43.7170 44.8780 46.0400 47.2020 48.3630 49.2000 48.0380 46.8760 46.8470 46.8180 46.1390 44.9770 43.8160 42.9390 40.0350 37.1310 34.2270 31.3230 28.4190 25.5150 22.6110 19.7070 16.8030 13.8990 10.9950 8.09100 8.06200 10.9250 10.8960 10.8670 10.8380 11.9990 13.6720 14.8340 15.9950
13.3120 13.3060 13.2360 10.3320 10.3210 13.2250 16.0300 16.0010 17.1630 18.3240 21.1880 22.3490 25.2130 26.3740 28.5580 29.7200 30.2020 31.3630 32.5250 33.0070 32.9780 34.1390 35.3010 35.7830 36.9450 38.1060 38.5880 38.5590 38.5300 38.5010 38.4900 39.6510 40.8130 41.9740 43.1360 44.2980 45.4590 46.2960 45.1340 43.9720 43.9430 43.9140 43.2350 42.0730 40.9120 40.8830 39.5350 36.6310 33.7270 30.8230 27.9190 25.0150 22.1110 19.2070 16.3030 13.9100 11.0060 8.10200 8.09100 10.9950 13.8000 13.7710 13.7420 14.9030 16.0650 17.7380 18.8990
10.4080 13.2710 13.2420 13.1960 10.2920 13.1550 13.1260 13.0970 14.2590 17.1220 18.2840 21.1470 22.3090 24.4920 25.6540 26.8160 27.2980 28.4590 29.6210 30.1030 30.0740 31.2350 32.3970 32.8790 34.0410 35.2020 35.6840 35.6550 35.6260 35.5970 35.5860 36.7470 37.9090 39.0700 40.2320 41.3940 42.5550 43.3920 42.2300 41.0680 41.0390 41.0100 40.3310 39.1690 38.0080 37.9790 37.9490 35.4690 32.5650 29.6610 26.7570 23.8530 20.9490 18.0450 15.1410 12.2370 11.0350 8.13100 10.9950 12.1560 15.0600 16.6750 16.6460 17.8070 18.9690 20.1310 21.8030
10.3960 10.3670 10.3380 10.3090 10.2800 10.2510 10.2220 10.1930 13.0560 14.2180 17.0810 18.2430 21.1060 21.5880 22.7500 23.9120 24.3940 25.5550 26.7170 27.1990 27.1700 28.3310 29.4930 29.9750 31.1370 32.2980 32.7800 32.7510 32.7220 32.6930 32.6820 33.8430 35.0050 36.1660 37.3280 38.4900 39.6510 40.4880 39.3260 38.1640 38.1350 38.1060 37.4270 36.2650 35.1040 35.0750 35.0450 34.3080 31.4040 28.5000 25.5960 22.6920 19.7880 16.8840 13.9800 11.0760 8.17200 8.16000 11.0640 13.9680 16.2220 19.1260 19.5500 20.7110 21.8730 23.0350 24.1960
13.3000 13.2540 10.3500 13.2130 13.1840 13.1550 13.0850 10.1810 10.1520 13.0160 14.1770 17.0410 18.2020 18.6840 19.8460 21.0080 21.4900 22.6510 23.8130 24.2950 24.2660 25.4270 26.5890 27.0710 28.2330 29.3940 29.8760 29.8470 29.8180 29.7890 29.7780 30.9390 32.1010 33.2620 34.4240 35.5860 36.7470 37.5840 36.4220 35.2600 35.2310 35.2020 34.5230 33.3610 32.2000 32.1710 32.1410 32.1120 31.4330 28.5290 25.6250 22.7210 19.8170 16.9130 14.0090 11.1050 8.20100 11.0640 12.2260 15.1300 18.0340 20.2870 22.4540 23.6150 24.7770 25.9390 27.1000
