AppendixA/HikerMovements/data/ascii_files_abm_Orsi/dist_fronza_1000.asc
ncols 271
nrows 294
xllcorner 698225
yllcorner 5141858
cellsize 30.00
nodata_value  226.052
[rows 87 to 115 of 294, columns 201 to 267 of 271]
9.68800 12.5920 15.4960 18.4000 21.3040 24.2080 27.1120 30.0160 32.9200 35.8240 38.7280 41.6320 44.5360 47.4400 50.3440 53.2480 56.1520 59.0560 61.9600 64.8640 67.7680 70.6720 73.5760 76.4800 79.3840 82.2880 85.1920 88.0960 91.0000 93.9040 96.8080 99.7120 102.616 105.520 108.424 111.328 114.232 117.136 120.040 122.944 125.848 128.752 131.656 134.560 137.464 140.368 143.272 146.176 149.080 151.984 154.888 157.792 160.696 163.600 166.504 169.408 170.778 169.617 168.455 167.294 166.132 164.970 163.809 162.647 161.486 160.324 159.162
8.52600 11.4300 14.3340 17.2380 20.1420 23.0460 25.9500 28.8540 31.7580 34.6620 37.5660 40.4700 43.3740 46.2780 49.1820 52.0860 54.9900 57.8940 60.7980 63.7020 66.6060 69.5100 72.4140 75.3180 78.2220 81.1260 84.0300 86.9340 89.8380 92.7420 95.6460 98.5500 101.454 104.358 107.262 110.166 113.070 115.974 118.878 121.782 124.686 127.590 130.494 133.398 136.302 139.206 142.110 145.014 147.918 150.822 153.726 156.630 159.534 162.438 165.342 168.246 171.150 172.521 171.359 170.198 169.036 167.874 166.713 165.551 164.390 163.228 162.066
8.49700 11.4010 14.3050 17.2090 20.1130 23.0170 25.9210 28.8250 31.7290 34.6330 37.5370 40.4410 43.3450 46.2490 49.1530 52.0570 54.9610 57.8650 60.7690 63.6730 66.5770 69.4810 72.3850 75.2890 78.1930 81.0970 84.0010 86.9050 89.8090 92.7130 95.6170 98.5210 101.425 104.329 107.233 110.137 113.041 115.945 118.849 121.753 124.657 127.561 130.465 133.369 136.273 139.177 142.081 144.985 147.889 150.793 153.697 156.601 159.505 162.409 165.313 168.217 171.121 174.025 174.263 173.102 171.940 170.778 169.617 168.455 167.294 166.132 164.970
8.46800 11.3720 14.2760 17.1800 20.0840 22.9880 25.8920 28.7960 31.7000 34.6040 37.5080 40.4120 43.3160 46.2200 49.1240 52.0280 54.9320 57.8360 60.7400 63.6440 66.5480 69.4520 72.3560 75.2600 78.1640 81.0680 83.9720 86.8760 89.7800 92.6840 95.5880 98.4920 101.396 104.300 107.204 110.108 113.012 115.916 118.820 121.724 124.628 127.532 130.436 133.340 136.244 139.148 142.052 144.956 147.860 150.764 153.668 156.572 159.476 162.380 165.284 168.188 171.092 173.770 172.608 172.637 172.666 172.695 172.213 171.051 169.890 168.897 167.735
8.43900 11.3430 14.2470 17.1510 20.0550 22.9590 25.8630 28.7670 31.6710 34.5750 37.4790 40.3830 43.2870 46.1910 49.0950 51.9990 54.9030 57.8070 60.7110 63.6150 66.5190 69.4230 72.3270 75.2310 78.1350 81.0390 83.9430 86.8470 89.7510 92.6550 95.5590 98.4630 101.367 104.271 107.175 110.079 112.983 115.887 118.791 121.695 124.599 127.503 130.407 133.311 136.215 139.119 142.023 144.927 147.831 150.735 153.639 156.543 159.447 162.351 165.255 168.159 171.063 170.866 169.704 169.733 169.762 169.791 169.309 168.147 166.986 165.993 164.831
8.41000 11.3140 14.2180 17.1220 20.0260 22.9300 25.8340 28.7380 31.6420 34.5460 37.4500 40.3540 43.2580 46.1620 49.0660 51.9700 54.8740 57.7780 60.6820 63.5860 66.4900 69.3940 72.2980 75.2020 78.1060 81.0100 83.9140 86.8180 89.7220 92.6260 95.5300 98.4340 101.338 104.242 107.146 110.050 112.954 115.858 118.762 121.666 124.570 127.474 130.378 133.282 136.186 139.090 141.994 144.898 147.802 150.706 153.610 156.514 159.418 162.322 165.226 168.130 169.123 167.962 166.800 166.829 166.858 166.887 166.405 165.243 164.082 163.089 161.927
9.57200 12.4760 15.3800 18.2840 21.1880 24.0920 26.9960 29.9000 32.8040 35.7080 38.6120 41.5160 44.4200 47.3240 50.2280 53.1320 56.0360 58.9400 61.8440 64.7480 67.6520 70.5560 73.4600 76.3640 79.2680 82.1720 85.0760 87.9800 90.8840 93.7880 96.6920 99.5960 102.500 105.404 108.308 111.212 114.116 117.020 119.924 122.828 125.732 128.636 131.540 134.444 137.348 140.252 143.156 146.060 148.964 151.868 154.772 157.676 160.580 163.484 166.388 166.701 166.219 165.058 163.896 163.925 163.954 163.983 163.501 162.339 161.178 160.185 159.023
11.2440 13.4980 16.4020 19.3060 22.2100 25.1140 28.0180 30.9220 33.8260 36.7300 39.6340 42.5380 45.4420 48.3460 51.2500 54.1540 57.0580 59.9620 62.8660 65.7700 68.6740 71.5780 74.4820 77.3860 80.2900 83.1940 86.0980 89.0020 91.9060 94.8100 97.7140 100.618 103.522 106.426 109.330 112.234 115.138 118.042 120.946 123.850 126.754 129.658 132.562 135.466 138.370 141.274 144.178 147.082 149.986 152.890 155.794 158.698 161.602 164.506 163.768 163.797 163.315 162.154 160.992 161.021 161.050 161.079 160.597 159.435 158.274 157.281 156.119
9.43200 12.3360 15.2400 18.1440 21.0480 23.9520 26.8560 29.7600 32.6640 35.5680 38.4720 41.3760 44.2800 47.1840 50.0880 52.9920 55.8960 58.8000 61.7040 64.6080 67.5120 70.4160 73.3200 76.2240 79.1280 82.0320 84.9360 87.8400 90.7440 93.6480 96.5520 99.4560 102.360 105.264 108.168 111.072 113.976 116.880 119.784 122.688 125.592 128.496 131.400 134.304 137.208 140.112 143.016 145.920 148.824 151.728 154.632 157.536 160.440 162.026 160.864 160.893 160.411 159.250 158.088 158.117 158.146 158.175 157.693 156.531 155.370 154.377 153.215
8.27100 11.1750 14.0790 16.9830 19.8870 22.7910 25.6950 28.5990 31.5030 34.4070 37.3110 40.2150 43.1190 46.0230 48.9270 51.8310 54.7350 57.6390 60.5430 63.4470 66.3510 69.2550 72.1590 75.0630 77.9670 80.8710 83.7750 86.6790 89.5830 92.4870 95.3910 98.2950 101.199 104.103 107.007 109.911 112.815 115.719 118.623 121.527 124.431 127.335 130.239 133.143 136.047 138.951 141.855 144.759 147.663 150.567 153.471 156.375 159.279 159.122 157.960 157.989 157.507 156.346 155.184 155.213 155.242 155.271 154.789 153.627 152.466 151.473 150.311
8.24200 11.1460 14.0500 16.9540 19.8580 22.7620 25.6660 28.5700 31.4740 34.3780 37.2820 40.1860 43.0900 45.9940 48.8980 51.8020 54.7060 57.6100 60.5140 63.4180 66.3220 69.2260 72.1300 75.0340 77.9380 80.8420 83.7460 86.6500 89.5540 92.4580 95.3620 98.2660 101.170 104.074 106.978 109.882 112.786 115.690 118.594 121.498 124.402 127.306 130.210 133.114 136.018 138.922 141.826 144.730 147.634 150.538 153.442 156.346 157.379 156.218 155.056 155.085 154.603 153.442 152.280 152.309 152.338 152.367 151.885 150.723 149.562 148.569 147.407
8.21300 11.1170 14.0210 16.9250 19.8290 22.7330 25.6370 28.5410 31.4450 34.3490 37.2530 40.1570 43.0610 45.9650 48.8690 51.7730 54.6770 57.5810 60.4850 63.3890 66.2930 69.1970 72.1010 75.0050 77.9090 80.8130 83.7170 86.6210 89.5250 92.4290 95.3330 98.2370 101.141 104.045 106.949 109.853 112.757 115.661 118.565 121.469 124.373 127.277 130.181 133.085 135.989 138.893 141.797 144.701 147.605 150.509 153.413 154.957 154.475 153.314 152.152 152.181 151.699 150.538 149.376 149.405 149.434 149.463 148.981 147.819 146.658 145.665 144.503
8.18300 11.0870 13.9910 16.8950 19.7990 22.7030 25.6070 28.5110 31.4150 34.3190 37.2230 40.1270 43.0310 45.9350 48.8390 51.7430 54.6470 57.5510 60.4550 63.3590 66.2630 69.1670 72.0710 74.9750 77.8790 80.7830 83.6870 86.5910 89.4950 92.3990 95.3030 98.2070 101.111 104.015 106.919 109.823 112.727 115.631 118.535 121.439 124.343 127.247 130.151 133.055 135.959 138.863 141.767 144.671 147.575 150.479 152.024 152.053 151.571 150.410 149.248 149.277 148.795 147.634 146.472 146.501 146.530 146.559 146.077 144.915 143.754 142.761 141.599
8.15400 11.0580 13.9620 16.8660 19.7700 22.6740 25.5780 28.4820 31.3860 34.2900 37.1940 40.0980 43.0020 45.9060 48.8100 51.7140 54.6180 57.5220 60.4260 63.3300 66.2340 69.1380 72.0420 74.9460 77.8500 80.7540 83.6580 86.5620 89.4660 92.3700 95.2740 98.1780 101.082 103.986 106.890 109.794 112.698 115.602 118.506 121.410 124.314 127.218 130.122 133.026 135.930 138.834 141.738 144.642 147.546 149.091 149.120 149.149 148.667 147.506 146.344 146.373 145.891 144.730 143.568 143.597 143.626 143.655 143.173 142.011 140.850 139.857 138.695
8.12500 11.0290 13.9330 16.8370 19.7410 22.6450 25.5490 28.4530 31.3570 34.2610 37.1650 40.0690 42.9730 45.8770 48.7810 51.6850 54.5890 57.4930 60.3970 63.3010 66.2050 69.1090 72.0130 74.9170 77.8210 80.7250 83.6290 86.5330 89.4370 92.3410 95.2450 98.1490 101.053 103.957 106.861 109.765 112.669 115.573 118.477 121.381 124.285 127.189 130.093 132.997 135.901 138.805 141.709 144.613 146.158 146.187 146.216 146.245 145.763 144.602 143.440 143.469 142.987 141.826 140.664 140.693 140.722 140.751 140.269 139.107 137.946 136.953 135.791
8.09600 11.0000 13.9040 16.8080 19.7120 22.6160 25.5200 28.4240 31.3280 34.2320 37.1360 40.0400 42.9440 45.8480 48.7520 51.6560 54.5600 57.4640 60.3680 63.2720 66.1760 69.0800 71.9840 74.8880 77.7920 80.6960 83.6000 86.5040 89.4080 92.3120 95.2160 98.1200 101.024 103.928 106.832 109.736 112.640 115.544 118.448 121.352 124.256 127.160 130.064 132.968 135.872 138.776 141.680 143.225 143.254 143.283 143.312 143.341 142.859 141.698 140.536 140.565 140.083 138.922 137.760 137.789 137.818 137.847 137.365 136.203 135.042 134.049 132.887
8.06700 10.9710 13.8750 16.7790 19.6830 22.5870 25.4910 28.3950 31.2990 34.2030 37.1070 40.0110 42.9150 45.8190 48.7230 51.6270 54.5310 57.4350 60.3390 63.2430 66.1470 69.0510 71.9550 74.8590 77.7630 80.6670 83.5710 86.4750 89.3790 92.2830 95.1870 98.0910 100.995 103.899 106.803 109.707 112.611 115.515 118.419 121.323 124.227 127.131 130.035 132.939 135.843 138.747 140.292 140.321 140.350 140.379 140.408 140.437 139.955 138.794 137.632 137.661 137.179 136.018 134.856 134.885 134.914 134.943 134.461 133.299 132.138 131.145 129.983
8.03800 10.9420 13.8460 16.7500 19.6540 22.5580 25.4620 28.3660 31.2700 34.1740 37.0780 39.9820 42.8860 45.7900 48.6940 51.5980 54.5020 57.4060 60.3100 63.2140 66.1180 69.0220 71.9260 74.8300 77.7340 80.6380 83.5420 86.4460 89.3500 92.2540 95.1580 98.0620 100.966 103.870 106.774 109.678 112.582 115.486 118.390 121.294 124.198 127.102 130.006 132.910 135.547 136.709 137.388 137.417 137.446 137.475 137.504 137.533 137.051 135.890 134.728 134.757 134.275 133.114 131.952 131.981 132.010 132.039 131.557 130.395 129.234 128.241 127.079
9.20000 12.1040 15.0080 17.9120 20.8160 23.7200 26.6240 29.5280 32.4320 35.3360 38.2400 41.1440 44.0480 46.9520 49.8560 52.7600 55.6640 58.5680 61.4720 64.3760 67.2800 70.1840 73.0880 75.9920 78.8960 81.8000 84.7040 87.6080 90.5120 93.4160 96.3200 99.2240 102.128 105.032 107.936 110.840 113.744 116.648 119.552 122.456 125.360 128.264 131.168 131.482 132.643 133.805 134.484 134.513 134.542 134.571 134.600 134.629 134.147 132.986 131.824 131.853 131.371 130.210 129.048 129.077 129.106 129.135 128.653 127.491 126.330 125.337 124.175
10.8730 13.1260 16.0300 18.9340 21.8380 24.7420 27.6460 30.5500 33.4540 36.3580 39.2620 42.1660 45.0700 47.9740 50.8780 53.7820 56.6860 59.5900 62.4940 65.3980 68.3020 71.2060 74.1100 77.0140 79.9180 82.8220 85.7260 88.6300 91.5340 94.4380 97.3420 100.246 103.150 106.054 108.958 111.862 114.766 117.670 120.574 123.478 126.382 128.537 128.548 128.578 129.739 130.901 131.580 131.609 131.638 131.667 131.696 131.725 131.243 130.082 128.920 128.949 128.467 127.306 126.144 126.173 126.202 126.231 125.749 124.587 123.426 122.433 121.271
9.06000 11.9640 14.8680 17.7720 20.6760 23.5800 26.4840 29.3880 32.2920 35.1960 38.1000 41.0040 43.9080 46.8120 49.7160 52.6200 55.5240 58.4280 61.3320 64.2360 67.1400 70.0440 72.9480 75.8520 78.7560 81.6600 84.5640 87.4680 90.3720 93.2760 96.1800 99.0840 101.988 104.892 107.796 110.700 113.604 116.508 119.412 122.316 125.220 125.633 125.644 125.674 126.835 127.997 128.676 128.705 128.734 128.763 128.792 128.821 128.339 127.178 126.016 126.045 125.563 124.402 123.240 123.269 123.298 123.327 122.845 121.683 120.522 119.529 118.367
7.89900 10.8030 13.7070 16.6110 19.5150 22.4190 25.3230 28.2270 31.1310 34.0350 36.9390 39.8430 42.7470 45.6510 48.5550 51.4590 54.3630 57.2670 60.1710 63.0750 65.9790 68.8830 71.7870 74.6910 77.5950 80.4990 83.4030 86.3070 89.2110 92.1150 95.0190 97.9230 100.827 103.731 106.635 109.539 112.443 115.347 118.251 121.155 123.890 122.729 122.740 122.770 123.931 125.093 125.772 125.801 125.830 125.859 125.888 125.917 125.435 124.274 123.112 123.141 122.659 121.498 120.336 120.365 120.394 120.423 119.941 118.779 117.618 116.625 115.463
7.87000 10.7740 13.6780 16.5820 19.4860 22.3900 25.2940 28.1980 31.1020 34.0060 36.9100 39.8140 42.7180 45.6220 48.5260 51.4300 54.3340 57.2380 60.1420 63.0460 65.9500 68.8540 71.7580 74.6620 77.5660 80.4700 83.3740 86.2780 89.1820 92.0860 94.9900 97.8940 100.798 103.702 106.606 109.510 112.414 115.318 118.222 121.126 120.986 119.825 119.836 119.866 121.027 122.189 122.868 122.897 122.926 122.955 122.984 123.013 122.531 121.370 120.208 120.237 119.755 118.594 117.432 117.461 117.490 117.519 117.037 115.875 114.714 113.721 112.559
7.84100 10.7450 13.6490 16.5530 19.4570 22.3610 25.2650 28.1690 31.0730 33.9770 36.8810 39.7850 42.6890 45.5930 48.4970 51.4010 54.3050 57.2090 60.1130 63.0170 65.9210 68.8250 71.7290 74.6330 77.5370 80.4410 83.3450 86.2490 89.1530 92.0570 94.9610 97.8650 100.769 103.673 106.577 109.481 112.385 115.289 118.193 119.244 118.082 116.921 116.932 116.962 118.123 119.285 119.964 119.993 120.022 120.051 120.080 120.109 119.627 118.466 117.304 117.333 116.851 115.690 114.528 114.557 114.586 114.615 114.133 112.971 111.810 110.817 109.655
7.81200 10.7160 13.6200 16.5240 19.4280 22.3320 25.2360 28.1400 31.0440 33.9480 36.8520 39.7560 42.6600 45.5640 48.4680 51.3720 54.2760 57.1800 60.0840 62.9880 65.8920 68.7960 71.7000 74.6040 77.5080 80.4120 83.3160 86.2200 89.1240 92.0280 94.9320 97.8360 100.740 103.644 106.548 109.452 112.356 115.260 117.502 116.340 115.178 114.017 114.028 114.058 115.219 116.381 117.060 117.089 117.118 117.147 117.176 117.205 116.723 115.562 114.400 114.429 113.947 112.786 111.624 111.653 111.682 111.711 111.229 110.067 108.906 107.913 106.751
7.78300 10.6870 13.5910 16.4950 19.3990 22.3030 25.2070 28.1110 31.0150 33.9190 36.8230 39.7270 42.6310 45.5350 48.4390 51.3430 54.2470 57.1510 60.0550 62.9590 65.8630 68.7670 71.6710 74.5750 77.4790 80.3830 83.2870 86.1910 89.0950 91.9990 94.9030 97.8070 100.711 103.615 106.519 109.423 112.327 115.231 114.598 113.436 112.274 111.113 111.124 111.154 112.315 113.477 114.156 114.185 114.214 114.243 114.272 114.301 113.819 112.658 111.496 111.525 111.043 109.882 108.720 108.749 108.778 108.807 108.325 107.163 106.002 105.009 103.847
7.75400 10.6580 13.5620 16.4660 19.3700 22.2740 25.1780 28.0820 30.9860 33.8900 36.7940 39.6980 42.6020 45.5060 48.4100 51.3140 54.2180 57.1220 60.0260 62.9300 65.8340 68.7380 71.6420 74.5460 77.4500 80.3540 83.2580 86.1620 89.0660 91.9700 94.8740 97.7780 100.682 103.586 106.490 109.394 112.298 112.855 111.694 110.532 109.370 108.209 108.220 108.250 109.411 110.573 111.252 111.281 111.310 111.339 111.368 111.397 110.915 109.754 108.592 108.621 108.139 106.978 105.816 105.845 105.874 105.903 105.421 104.259 103.098 102.105 100.943
7.72500 10.6290 13.5330 16.4370 19.3410 22.2450 25.1490 28.0530 30.9570 33.8610 36.7650 39.6690 42.5730 45.4770 48.3810 51.2850 54.1890 57.0930 59.9970 62.9010 65.8050 68.7090 71.6130 74.5170 77.4210 80.3250 83.2290 86.1330 89.0370 91.9410 94.8450 97.7490 100.653 103.557 106.461 109.365 111.113 109.951 108.790 107.628 106.466 105.305 105.316 105.346 106.507 107.669 108.348 108.377 108.406 108.435 108.464 108.493 108.011 106.850 105.688 105.717 105.235 104.074 102.912 102.941 102.970 102.999 102.517 101.355 100.194 99.2010 98.0390
8.88600 11.7900 14.6940 17.5980 20.5020 23.4060 26.3100 29.2140 32.1180 35.0220 37.9260 40.8300 43.7340 46.6380 49.5420 52.4460 55.3500 58.2540 61.1580 64.0620 66.9660 69.8700 72.7740 75.6780 78.5820 81.4860 84.3900 87.2940 90.1980 93.1020 96.0060 98.9100 101.814 104.718 107.622 109.370 108.209 107.047 105.886 104.724 103.562 102.401 102.412 102.442 103.603 104.765 105.444 105.473 105.502 105.531 105.560 105.589 105.107 103.946 102.784 102.813 102.331 101.170 100.008 100.037 100.066 100.095 99.6130 98.4510 97.2900 96.2970 95.1350
