AppendixA/HikerMovements/data/ascii_files_abm_Orsi/dist_rodadevael_1000.asc
ncols 271
nrows 294
xllcorner 698225
yllcorner 5141858
cellsize 30.00
nodata_value  222.480
[rows 232 to 260 of 294, columns 201 to 267 of 271]
42.7470 41.5850 40.0460 38.8850 37.7230 36.5610 35.4000 34.2380 33.0770 31.9150 30.7530 29.5920 29.6210 29.6500 29.6790 30.8400 32.0020 33.1640 34.3250 35.4870 36.6480 37.8100 38.9720 40.1330 41.9450 43.1070 44.2690 44.6340 44.6640 45.8250 46.9870 48.1480 49.3100 50.4720 51.6330 52.7950 53.9560 55.1180 56.2800 57.4410 58.6030 59.7640 60.9260 63.8300 66.7340 69.6380 72.5420 75.4460 78.3500 81.2540 84.1580 86.0220 87.1840 88.3450 89.5070 90.6690 91.8300 92.9920 94.1530 95.3150 93.4220 90.5180 87.7820 84.8780 81.9740 79.0700 76.1660
45.6510 44.1120 42.9500 41.7890 40.6270 39.4650 38.3040 37.1420 35.9810 34.8190 33.6570 32.4960 32.5250 32.5540 32.5830 33.7440 34.9060 36.0680 37.2290 38.3910 39.5520 40.7140 41.8760 43.0370 44.1990 46.0110 47.1730 47.5380 47.5680 48.7290 49.8910 51.0520 52.2140 53.3760 54.5370 55.6990 56.8600 58.0220 59.1840 60.3450 61.5070 62.6680 63.8300 64.9920 67.8960 70.8000 73.7040 76.6080 79.5120 82.4160 85.3200 88.2240 90.0880 91.2490 92.4110 93.5730 94.7340 95.8960 97.0570 97.4870 94.5830 91.8480 88.9440 86.0400 83.1360 80.2320 77.3280
48.1770 47.0160 45.8540 44.6930 43.5310 42.3690 41.2080 40.0460 38.8850 37.7230 36.5610 35.4000 35.4290 35.4580 35.4870 36.6480 37.8100 38.9720 40.1330 41.2950 42.4560 43.6180 44.7800 45.9410 47.1030 48.2640 50.0770 50.4420 50.4720 51.6330 52.7950 53.9560 55.1180 56.2800 57.4410 58.6030 59.7640 60.9260 62.0880 63.2490 64.4110 65.5720 66.7340 67.8960 69.0570 71.9610 74.8650 77.7690 80.6730 83.5770 86.4810 89.3850 92.2890 94.1530 95.3150 96.4770 97.6380 98.8000 99.9610 98.6490 95.9130 93.0090 90.1050 87.2010 84.2970 81.3930 78.4890
51.0810 49.9200 48.7580 47.5970 46.4350 45.2730 44.1120 42.9500 41.7890 40.6270 39.4650 38.3040 38.3330 38.3620 38.3910 39.5520 40.7140 41.8760 43.0370 44.1990 45.3600 46.5220 47.6840 48.8450 50.0070 51.1680 52.3300 53.3460 53.3760 54.5370 55.6990 56.8600 58.0220 59.1840 60.3450 61.5070 62.6680 63.8300 64.9920 66.1530 67.3150 68.4760 69.6380 70.8000 71.9610 73.1230 76.0270 78.9310 81.8350 84.7390 87.6430 90.5470 93.4510 96.3550 98.2190 99.3810 100.542 101.704 102.401 99.4970 96.5930 93.6890 90.7850 87.8810 84.9770 82.0730 79.1690
53.9850 52.8240 51.6620 50.5010 49.3390 48.1770 47.0160 45.8540 44.6930 43.5310 42.3690 41.2080 41.2370 41.2660 41.2950 42.4560 43.6180 44.7800 45.9410 47.1030 48.2640 49.4260 50.5880 51.7490 52.9110 54.0720 55.2340 56.2500 56.2800 57.4410 58.6030 59.7640 60.9260 62.0880 63.2490 64.4110 65.5720 66.7340 67.8960 69.0570 70.2190 71.3800 72.5420 73.7040 74.8650 76.0270 77.1880 80.0920 82.9960 85.9000 88.8040 91.7080 94.6120 97.5160 100.420 102.285 103.446 104.608 102.430 99.5260 96.6220 93.7180 90.8140 87.9100 85.0060 82.1020 79.1980
56.8890 55.7280 54.5660 53.4050 52.2430 51.0810 49.9200 48.7580 47.5970 46.4350 45.2730 44.1120 44.1410 44.1700 44.1990 45.3600 46.5220 47.6840 48.8450 50.0070 51.1680 52.3300 53.4920 54.6530 55.8150 56.9760 58.1380 59.1540 59.1840 60.3450 61.5070 62.6680 63.8300 64.9920 66.1530 67.3150 68.4760 69.6380 70.8000 71.9610 73.1230 74.2840 75.4460 76.6080 77.7690 78.9310 80.0920 81.2540 84.1580 87.0620 89.9660 92.8700 95.7740 98.6780 101.582 104.486 106.350 105.363 102.459 99.5550 96.6510 93.7470 90.8430 87.9390 85.0350 82.1310 79.2270
59.7930 58.6320 57.4700 56.3090 55.1470 53.9850 52.8240 51.6620 50.5010 49.3390 48.1770 47.0160 47.0450 47.0740 47.1030 48.2640 49.4260 50.5880 51.7490 52.9110 54.0720 55.2340 56.3960 57.5570 58.7190 59.8800 61.0420 62.0580 62.0880 63.2490 64.4110 65.5720 66.7340 67.8960 69.0570 70.2190 71.3800 72.5420 73.7040 74.8650 76.0270 77.1880 78.3500 79.5120 80.6730 81.8350 82.9960 84.1580 85.3200 88.2240 91.1280 94.0320 96.9360 99.8400 102.744 105.648 108.552 106.525 103.621 100.717 97.8130 94.9090 92.0050 89.1010 86.1970 83.2930 80.3890
62.6970 61.5360 60.3740 59.2130 58.0510 56.8890 55.7280 54.5660 53.4050 52.2430 51.0810 49.9200 49.9490 49.9780 50.0070 51.1680 52.3300 53.4920 54.6530 55.8150 56.9760 58.1380 59.3000 60.4610 61.6230 62.7840 63.9460 64.9620 64.9920 66.1530 67.3150 68.4760 69.6380 70.8000 71.9610 73.1230 74.2840 75.4460 76.6080 77.7690 78.9310 80.0920 81.2540 82.4160 83.5770 84.7390 85.9000 87.0620 88.2240 89.3850 92.2890 95.1930 98.0970 101.001 103.905 106.809 109.713 107.686 104.782 101.878 98.9740 96.0700 93.1660 90.2620 87.3580 84.4540 81.5500
65.6010 64.4400 63.2780 62.1170 60.9550 59.7930 58.6320 57.4700 56.3090 55.1470 53.9850 52.8240 52.8530 52.8820 52.9110 54.0720 55.2340 56.3960 57.5570 58.7190 59.8800 61.0420 62.2040 63.3650 64.5270 65.6880 66.8500 67.8660 67.8960 69.0570 70.2190 71.3800 72.5420 73.7040 74.8650 76.0270 77.1880 78.3500 79.5120 80.6730 81.8350 82.9960 84.1580 85.3200 86.4810 87.6430 88.8040 89.9660 91.1280 92.2890 93.4510 96.3550 99.2590 102.163 105.067 107.971 110.875 108.848 105.944 103.040 100.136 97.2320 94.3280 91.4240 88.5200 85.6160 82.7120
68.5050 67.3440 66.1820 65.0210 63.8590 62.6970 61.5360 60.3740 59.2130 58.0510 56.8890 55.7280 55.7570 55.7860 55.8150 56.9760 58.1380 59.3000 60.4610 61.6230 62.7840 63.9460 65.1080 66.2690 67.4310 68.5920 69.7540 70.7700 70.8000 71.9610 73.1230 74.2840 75.4460 76.6080 77.7690 78.9310 80.0920 81.2540 82.4160 83.5770 84.7390 85.9000 87.0620 88.2240 89.3850 90.5470 91.7080 92.8700 94.0320 95.1930 96.3550 97.5160 100.420 103.324 106.228 109.132 112.036 110.009 107.105 104.201 101.297 98.3930 95.4890 92.5850 89.6810 86.7770 85.6160
71.4090 70.2480 69.0860 67.9250 66.7630 65.6010 64.4400 63.2780 62.1170 60.9550 59.7930 58.6320 58.6610 58.6900 58.7190 59.8800 61.0420 62.2040 63.3650 64.5270 65.6880 66.8500 68.0120 69.1730 70.3350 71.4960 72.6580 73.6740 73.7040 74.8650 76.0270 77.1880 78.3500 79.5120 80.6730 81.8350 82.9960 84.1580 85.3200 86.4810 87.6430 88.8040 89.9660 91.1280 92.2890 93.4510 94.6120 95.7740 96.9360 98.0970 99.2590 100.420 101.582 104.486 107.390 110.294 113.198 111.171 108.267 105.363 102.459 99.5550 96.6510 93.7470 90.8430 89.6810 88.5200
74.3130 73.1520 71.9900 70.8290 69.6670 68.5050 67.3440 66.1820 65.0210 63.8590 62.6970 61.5360 61.5650 61.5940 61.6230 62.7840 63.9460 65.1080 66.2690 67.4310 68.5920 69.7540 70.9160 72.0770 73.2390 74.4000 75.5620 76.5780 76.6080 77.7690 78.9310 80.0920 81.2540 82.4160 83.5770 84.7390 85.9000 87.0620 88.2240 89.3850 90.5470 91.7080 92.8700 94.0320 95.1930 96.3550 97.5160 98.6780 99.8400 101.001 102.163 103.324 104.486 105.648 108.552 111.456 114.360 112.333 109.429 106.525 103.621 100.717 97.8130 94.9090 93.7470 92.5850 91.4240
77.2170 76.0560 74.8940 73.7330 72.5710 71.4090 70.2480 69.0860 67.9250 66.7630 65.6010 64.4400 64.4690 64.4980 64.5270 65.6880 66.8500 68.0120 69.1730 70.3350 71.4960 72.6580 73.8200 74.9810 76.1430 77.3040 78.4660 79.4820 79.5120 80.6730 81.8350 82.9960 84.1580 85.3200 86.4810 87.6430 88.8040 89.9660 91.1280 92.2890 93.4510 94.6120 95.7740 96.9360 98.0970 99.2590 100.420 101.582 102.744 103.905 105.067 106.228 107.390 108.552 109.713 112.617 115.521 113.494 110.590 107.686 104.782 101.878 98.9740 97.8130 96.6510 95.4890 94.3280
80.1210 78.9600 77.7980 76.6370 75.4750 74.3130 73.1520 71.9900 70.8290 69.6670 68.5050 67.3440 67.3730 67.4020 67.4310 68.5920 69.7540 70.9160 72.0770 73.2390 74.4000 75.5620 76.7240 77.8850 79.0470 80.2080 81.3700 82.3860 82.4160 83.5770 84.7390 85.9000 87.0620 88.2240 89.3850 90.5470 91.7080 92.8700 94.0320 95.1930 96.3550 97.5160 98.6780 99.8400 101.001 102.163 103.324 104.486 105.648 106.809 107.971 109.132 110.294 111.456 112.617 113.779 116.683 114.656 111.752 108.848 105.944 103.040 101.878 100.717 99.5550 98.3930 97.2320
83.0250 81.8640 80.7020 79.5410 78.3790 77.2170 76.0560 74.8940 73.7330 72.5710 71.4090 70.2480 70.2770 70.3060 70.3350 71.4960 72.6580 73.8200 74.9810 76.1430 77.3040 78.4660 79.6280 80.7890 81.9510 83.1120 84.2740 85.2900 85.3200 86.4810 87.6430 88.8040 89.9660 91.1280 92.2890 93.4510 94.6120 95.7740 96.9360 98.0970 99.2590 100.420 101.582 102.744 103.905 105.067 106.228 107.390 108.552 109.713 110.875 112.036 113.198 114.360 115.521 116.683 117.844 115.817 112.913 110.009 107.105 105.944 104.782 103.621 102.459 101.297 99.6130
85.9290 84.7680 83.6060 82.4450 81.2830 80.1210 78.9600 77.7980 76.6370 75.4750 74.3130 73.1520 73.1810 73.2100 73.2390 74.4000 75.5620 76.7240 77.8850 79.0470 80.2080 81.3700 82.5320 83.6930 84.8550 86.0160 87.1780 88.1940 88.2240 89.3850 90.5470 91.7080 92.8700 94.0320 95.1930 96.3550 97.5160 98.6780 99.8400 101.001 102.163 103.324 104.486 105.648 106.809 107.971 109.132 110.294 111.456 112.617 113.779 114.940 116.102 117.264 118.425 119.587 119.883 116.979 114.075 111.171 110.009 108.848 107.686 106.525 105.363 103.679 100.775
88.8330 87.6720 86.5100 85.3490 84.1870 83.0250 81.8640 80.7020 79.5410 78.3790 77.2170 76.0560 76.0850 76.1140 76.1430 77.3040 78.4660 79.6280 80.7890 81.9510 83.1120 84.2740 85.4360 86.5970 87.7590 88.9200 90.0820 91.0980 91.1280 92.2890 93.4510 94.6120 95.7740 96.9360 98.0970 99.2590 100.420 101.582 102.744 103.905 105.067 106.228 107.390 108.552 109.713 110.875 112.036 113.198 114.360 115.521 116.683 117.844 119.006 120.168 121.329 122.491 121.045 118.141 115.237 114.075 112.913 111.752 110.590 109.429 107.744 104.840 101.936
91.7370 90.5760 89.4140 88.2530 87.0910 85.9290 84.7680 83.6060 82.4450 81.2830 80.1210 78.9600 78.9890 79.0180 79.0470 80.2080 81.3700 82.5320 83.6930 84.8550 86.0160 87.1780 88.3400 89.5010 90.6630 91.8240 92.9860 94.0020 94.0320 95.1930 96.3550 97.5160 98.6780 99.8400 101.001 102.163 103.324 104.486 105.648 106.809 107.971 109.132 110.294 111.456 112.617 113.779 114.940 116.102 117.264 118.425 119.587 120.748 121.910 123.072 124.233 125.110 122.206 119.302 118.141 116.979 115.817 114.656 113.494 111.810 108.906 106.002 103.098
94.6410 93.4800 92.3180 91.1570 89.9950 88.8330 87.6720 86.5100 85.3490 84.1870 83.0250 81.8640 81.8930 81.9220 81.9510 83.1120 84.2740 85.4360 86.5970 87.7590 88.9200 90.0820 91.2440 92.4050 93.5670 94.7280 95.8900 96.9060 96.9360 98.0970 99.2590 100.420 101.582 102.744 103.905 105.067 106.228 107.390 108.552 109.713 110.875 112.036 113.198 114.360 115.521 116.683 117.844 119.006 120.168 121.329 122.491 123.652 124.814 125.976 127.137 126.272 123.368 122.206 121.045 119.883 118.721 117.560 115.875 112.971 110.067 107.163 106.002
97.5450 96.3840 95.2220 94.0610 92.8990 91.7370 90.5760 89.4140 88.2530 87.0910 85.9290 84.7680 84.7970 84.8260 84.8550 86.0160 87.1780 88.3400 89.5010 90.6630 91.8240 92.9860 94.1480 95.3090 96.4710 97.6320 98.7940 99.8100 99.8400 101.001 102.163 103.324 104.486 105.648 106.809 107.971 109.132 110.294 111.456 112.617 113.779 114.940 116.102 117.264 118.425 119.587 120.748 121.910 123.072 124.233 125.395 126.556 127.718 128.880 130.041 127.433 126.272 125.110 123.949 122.787 121.625 119.941 117.037 114.133 111.229 110.067 108.906
100.449 99.2880 98.1260 96.9650 95.8030 94.6410 93.4800 92.3180 91.1570 89.9950 88.8330 87.6720 87.7010 87.7300 87.7590 88.9200 90.0820 91.2440 92.4050 93.5670 94.7280 95.8900 97.0520 98.2130 99.3750 100.536 101.698 102.714 102.744 103.905 105.067 106.228 107.390 108.552 109.713 110.875 112.036 113.198 114.360 115.521 116.683 117.844 119.006 120.168 121.329 122.491 123.652 124.814 125.976 127.137 128.299 129.460 130.622 131.784 131.499 130.337 129.176 128.014 126.853 125.691 124.007 121.103 118.199 115.295 114.133 112.971 111.810
103.353 102.192 101.030 99.8690 98.7070 97.5450 96.3840 95.2220 94.0610 92.8990 91.7370 90.5760 90.6050 90.6340 90.6630 91.8240 92.9860 94.1480 95.3090 96.4710 97.6320 98.7940 99.9560 101.117 102.279 103.440 104.602 105.618 105.648 106.809 107.971 109.132 110.294 111.456 112.617 113.779 114.940 116.102 117.264 118.425 119.587 120.748 121.910 123.072 124.233 125.395 126.556 127.718 128.880 130.041 131.203 132.364 133.526 134.688 134.403 133.241 132.080 130.918 129.757 128.072 125.168 122.264 119.360 118.199 117.037 115.875 114.714
106.257 105.096 103.934 102.773 101.611 100.449 99.2880 98.1260 96.9650 95.8030 94.6410 93.4800 93.5090 93.5380 93.5670 94.7280 95.8900 97.0520 98.2130 99.3750 100.536 101.698 102.860 104.021 105.183 106.344 107.506 108.522 108.552 109.713 110.875 112.036 113.198 114.360 115.521 116.683 117.844 119.006 120.168 121.329 122.491 123.652 124.814 125.976 127.137 128.299 129.460 130.622 131.784 132.945 134.107 135.268 136.430 137.592 137.307 136.145 134.984 133.822 132.138 129.234 126.330 123.426 122.264 121.103 119.941 118.779 117.618
109.161 108.000 106.838 105.677 104.515 103.353 102.192 101.030 99.8690 98.7070 97.5450 96.3840 96.4130 96.4420 96.4710 97.6320 98.7940 99.9560 101.117 102.279 103.440 104.602 105.764 106.925 108.087 109.248 110.410 111.426 111.456 112.617 113.779 114.940 116.102 117.264 118.425 119.587 120.748 121.910 123.072 124.233 125.395 126.556 127.718 128.880 130.041 131.203 132.364 133.526 134.688 135.849 137.011 138.172 139.334 140.496 140.211 139.049 137.888 136.203 133.299 130.395 127.491 126.330 125.168 124.007 122.845 121.683 120.522
112.065 110.904 109.742 108.581 107.419 106.257 105.096 103.934 102.773 101.611 100.449 99.2880 99.3170 99.3460 99.3750 100.536 101.698 102.860 104.021 105.183 106.344 107.506 108.668 109.829 110.991 112.152 113.314 114.330 114.360 115.521 116.683 117.844 119.006 120.168 121.329 122.491 123.652 124.814 125.976 127.137 128.299 129.460 130.622 131.784 132.945 134.107 135.268 136.430 137.592 138.753 139.915 141.076 142.238 143.400 143.115 141.953 140.269 137.365 134.461 131.557 130.395 129.234 128.072 126.911 125.749 124.587 123.426
114.969 113.808 112.646 111.485 110.323 109.161 108.000 106.838 105.677 104.515 103.353 102.192 102.221 102.250 102.279 103.440 104.602 105.764 106.925 108.087 109.248 110.410 111.572 112.733 113.895 115.056 116.218 117.234 117.264 118.425 119.587 120.748 121.910 123.072 124.233 125.395 126.556 127.718 128.880 130.041 131.203 132.364 133.526 134.688 135.849 137.011 138.172 139.334 140.496 141.657 142.819 143.980 145.142 146.304 146.019 144.335 141.431 138.527 135.623 134.461 133.299 132.138 130.976 129.815 128.653 127.491 126.330
117.873 116.712 115.550 114.389 113.227 112.065 110.904 109.742 108.581 107.419 106.257 105.096 105.125 105.154 105.183 106.344 107.506 108.668 109.829 110.991 112.152 113.314 114.476 115.637 116.799 117.960 119.122 120.138 120.168 121.329 122.491 123.652 124.814 125.976 127.137 128.299 129.460 130.622 131.784 132.945 134.107 135.268 136.430 137.592 138.753 139.915 141.076 142.238 143.400 144.561 145.723 146.884 148.046 149.208 148.400 145.496 142.592 139.688 138.527 137.365 136.203 135.042 133.880 132.719 131.557 130.395 129.234
120.777 119.616 118.454 117.293 116.131 114.969 113.808 112.646 111.485 110.323 109.161 108.000 108.029 108.058 108.087 109.248 110.410 111.572 112.733 113.895 115.056 116.218 117.380 118.541 119.703 120.864 122.026 123.042 123.072 124.233 125.395 126.556 127.718 128.880 130.041 131.203 132.364 133.526 134.688 135.849 137.011 138.172 139.334 140.496 141.657 142.819 143.980 145.142 146.304 147.465 148.627 149.788 150.950 152.112 149.562 146.658 143.754 142.592 141.431 140.269 139.107 137.946 136.784 135.623 134.461 133.299 132.138
123.681 122.520 121.358 120.197 119.035 117.873 116.712 115.550 114.389 113.227 112.065 110.904 110.933 110.962 110.991 112.152 113.314 114.476 115.637 116.799 117.960 119.122 120.284 121.445 122.607 123.768 124.930 125.946 125.976 127.137 128.299 129.460 130.622 131.784 132.945 134.107 135.268 136.430 137.592 138.753 139.915 141.076 142.238 143.400 144.561 145.723 146.884 148.046 149.208 150.369 151.531 152.692 153.854 153.627 150.723 147.819 146.658 145.496 144.335 143.173 142.011 140.850 139.688 138.527 137.365 136.203 135.042
