AppendixA/HikerMovements/data/ascii_files_abm_Orsi/dist_rodadevael_1000.asc
ncols 271
nrows 294
xllcorner 698225
yllcorner 5141858
cellsize 30.00
nodata_value  222.480
[rows 0 to 28 of 294, columns 0 to 66 of 271]
72.2860 72.2570 72.2280 72.1990 72.1700 73.3320 74.4930 75.6550 76.8170 77.9780 79.1400 80.3010 81.4630 82.6250 83.4090 83.3800 83.3510 83.3220 83.2930 83.2630 84.4250 85.5870 86.7480 87.9100 89.0710 90.2330 91.3950 92.5560 93.7180 94.8790 96.0410 96.7670 95.6050 94.4440 94.4320 95.5940 96.7550 97.9170 98.8230 97.6620 96.5000 95.3380 94.1770 95.3380 96.5000 96.9590 96.9300 96.9180 98.0800 99.2410 100.403 101.564 102.726 103.888 105.049 106.211 107.372 108.534 109.696 110.857 112.019 113.180 114.342 115.504 116.665 117.827 118.988
69.3820 69.3530 69.3240 69.2950 69.2660 70.4280 71.5890 72.7510 73.9130 75.0740 76.2360 77.3970 78.5590 79.7210 80.5050 80.4760 80.4470 80.4180 80.3890 80.3590 81.5210 82.6830 83.8440 85.0060 86.1670 87.3290 88.4910 89.6520 90.8140 91.9750 93.1370 93.8630 92.7010 91.5400 91.5280 92.6900 93.8510 95.0130 95.9190 94.7580 93.5960 92.4340 91.2730 92.4340 93.5960 94.0550 94.0260 94.0140 95.1760 96.3370 97.4990 98.6600 99.8220 100.984 102.145 103.307 104.468 105.630 106.792 107.953 109.115 110.276 111.438 112.600 113.761 114.923 116.084
66.4780 66.4490 66.4200 66.3910 66.3620 67.5240 68.6850 69.8470 71.0090 72.1700 73.3320 74.4930 75.6550 76.8170 77.6010 77.5720 77.5430 77.5140 77.4850 77.4550 78.6170 79.7790 80.9400 82.1020 83.2630 84.4250 85.5870 86.7480 87.9100 89.0710 90.2330 90.9590 89.7970 88.6360 88.6240 89.7860 90.9470 92.1090 93.0150 91.8540 90.6920 89.5300 88.3690 89.5300 90.6920 91.1510 91.1220 91.1100 92.2720 93.4330 94.5950 95.7560 96.9180 98.0800 99.2410 100.403 101.564 102.726 103.888 105.049 106.211 107.372 108.534 109.696 110.857 112.019 113.180
63.5740 63.5450 63.5160 63.4870 63.4580 64.6200 65.7810 66.9430 68.1050 69.2660 70.4280 71.5890 72.7510 73.9130 74.6970 74.6680 74.6390 74.6100 74.5810 74.5510 75.7130 76.8750 78.0360 79.1980 80.3590 81.5210 82.6830 83.8440 85.0060 86.1670 87.3290 88.0550 86.8930 85.7320 85.7200 86.8820 88.0430 89.2050 90.1110 88.9500 87.7880 86.6260 85.4650 86.6260 87.7880 88.2470 88.2180 88.2060 89.3680 90.5290 91.6910 92.8520 94.0140 95.1760 96.3370 97.4990 98.6600 99.8220 100.984 102.145 103.307 104.468 105.630 106.792 107.953 109.115 110.276
60.6700 60.6410 60.6120 60.5830 60.5540 61.7160 62.8770 64.0390 65.2010 66.3620 67.5240 68.6850 69.8470 71.0090 71.7930 71.7640 71.7350 71.7060 71.6770 71.6470 72.8090 73.9710 75.1320 76.2940 77.4550 78.6170 79.7790 80.9400 82.1020 83.2630 84.4250 85.1510 83.9890 82.8280 82.8160 83.9780 85.1390 86.3010 87.2070 86.0460 84.8840 83.7220 82.5610 83.7220 84.8840 85.3430 85.3140 85.3020 86.4640 87.6250 88.7870 89.9480 91.1100 92.2720 93.4330 94.5950 95.7560 96.9180 98.0800 99.2410 100.403 101.564 102.726 103.888 105.049 106.211 107.372
57.7660 57.7370 57.7080 57.6790 57.6500 58.8120 59.9730 61.1350 62.2970 63.4580 64.6200 65.7810 66.9430 68.1050 68.8890 68.8600 68.8310 68.8020 68.7730 68.7430 69.9050 71.0670 72.2280 73.3900 74.5510 75.7130 76.8750 78.0360 79.1980 80.3590 81.5210 82.2470 81.0850 79.9240 79.9120 81.0740 82.2350 83.3970 84.3030 83.1420 81.9800 80.8180 79.6570 80.8180 81.9800 82.4390 82.4100 82.3980 83.5600 84.7210 85.8830 87.0440 88.2060 89.3680 90.5290 91.6910 92.8520 94.0140 95.1760 96.3370 97.4990 98.6600 99.8220 100.984 102.145 103.307 104.468
54.8620 54.8330 54.8040 54.7750 54.7460 55.9080 57.0690 58.2310 59.3930 60.5540 61.7160 62.8770 64.0390 65.2010 65.9850 65.9560 65.9270 65.8980 65.8690 65.8390 67.0010 68.1630 69.3240 70.4860 71.6470 72.8090 73.9710 75.1320 76.2940 77.4550 78.6170 79.3430 78.1810 77.0200 77.0080 78.1700 79.3310 80.4930 81.3990 80.2380 79.0760 77.9140 76.7530 77.9140 79.0760 79.5350 79.5060 79.4940 80.6560 81.8170 82.9790 84.1400 85.3020 86.4640 87.6250 88.7870 89.9480 91.1100 92.2720 93.4330 94.5950 95.7560 96.9180 98.0800 99.2410 100.403 101.564
51.9580 51.9290 51.9000 51.8710 51.8420 53.0040 54.1650 55.3270 56.4890 57.6500 58.8120 59.9730 61.1350 62.2970 63.0810 63.0520 63.0230 62.9940 62.9650 62.9350 64.0970 65.2590 66.4200 67.5820 68.7430 69.9050 71.0670 72.2280 73.3900 74.5510 75.7130 76.4390 75.2770 74.1160 74.1040 75.2660 76.4270 77.5890 78.4950 77.3340 76.1720 75.0100 73.8490 75.0100 76.1720 76.6310 76.6020 76.5900 77.7520 78.9130 80.0750 81.2360 82.3980 83.5600 84.7210 85.8830 87.0440 88.2060 89.3680 90.5290 91.6910 92.8520 94.0140 95.1760 96.3370 97.4990 98.6600
49.0540 49.0250 48.9960 48.9670 48.9380 50.1000 51.2610 52.4230 53.5850 54.7460 55.9080 57.0690 58.2310 59.3930 60.1770 60.1480 60.1190 60.0900 60.0610 60.0310 61.1930 62.3550 63.5160 64.6780 65.8390 67.0010 68.1630 69.3240 70.4860 71.6470 72.8090 73.5350 72.3730 71.2120 71.2000 72.3620 73.5230 74.6850 75.5910 74.4300 73.2680 72.1060 70.9450 72.1060 73.2680 73.7270 73.6980 73.6860 74.8480 76.0090 77.1710 78.3320 79.4940 80.6560 81.8170 82.9790 84.1400 85.3020 86.4640 87.6250 88.7870 89.9480 91.1100 92.2720 93.4330 94.5950 95.7560
46.1500 46.1210 46.0920 46.0630 46.0340 47.1960 48.3570 49.5190 50.6810 51.8420 53.0040 54.1650 55.3270 56.4890 57.2730 57.2440 57.2150 57.1860 57.1570 57.1270 58.2890 59.4510 60.6120 61.7740 62.9350 64.0970 65.2590 66.4200 67.5820 68.7430 69.9050 70.6310 69.4690 68.3080 68.2960 69.4580 70.6190 71.7810 72.6870 71.5260 70.3640 69.2020 68.0410 69.2020 70.3640 70.8230 70.7940 70.7820 71.9440 73.1050 74.2670 75.4280 76.5900 77.7520 78.9130 80.0750 81.2360 82.3980 83.5600 84.7210 85.8830 87.0440 88.2060 89.3680 90.5290 91.6910 92.8520
43.2460 43.2170 43.1880 43.1590 43.1300 44.2920 45.4530 46.6150 47.7770 48.9380 50.1000 51.2610 52.4230 53.5850 54.3690 54.3400 54.3110 54.2820 54.2530 54.2230 55.3850 56.5470 57.7080 58.8700 60.0310 61.1930 62.3550 63.5160 64.6780 65.8390 67.0010 67.7270 66.5650 65.4040 65.3920 66.5540 67.7150 68.8770 69.7830 68.6220 67.4600 66.2980 65.1370 66.2980 67.4600 67.9190 67.8900 67.8780 69.0400 70.2010 71.3630 72.5240 73.6860 74.8480 76.0090 77.1710 78.3320 79.4940 80.6560 81.8170 82.9790 84.1400 85.3020 86.4640 87.6250 88.7870 89.9480
40.3420 40.3130 40.2840 40.2550 40.2260 41.3880 42.5490 43.7110 44.8730 46.0340 47.1960 48.3570 49.5190 50.6810 51.4650 51.4360 51.4070 51.3780 51.3490 51.3190 52.4810 53.6430 54.8040 55.9660 57.1270 58.2890 59.4510 60.6120 61.7740 62.9350 64.0970 64.8230 63.6610 62.5000 62.4880 63.6500 64.8110 65.9730 66.8790 65.7180 64.5560 63.3940 62.2330 63.3940 64.5560 65.0150 64.9860 64.9740 66.1360 67.2970 68.4590 69.6200 70.7820 71.9440 73.1050 74.2670 75.4280 76.5900 77.7520 78.9130 80.0750 81.2360 82.3980 83.5600 84.7210 85.8830 87.0440
37.4380 37.4090 37.3800 37.3510 37.3220 38.4840 39.6450 40.8070 41.9690 43.1300 44.2920 45.4530 46.6150 47.7770 48.5610 48.5320 48.5030 48.4740 48.4450 48.4150 49.5770 50.7390 51.9000 53.0620 54.2230 55.3850 56.5470 57.7080 58.8700 60.0310 61.1930 61.9190 60.7570 59.5960 59.5840 60.7460 61.9070 63.0690 63.9750 62.8140 61.6520 60.4900 59.3290 60.4900 61.6520 62.1110 62.0820 62.0700 63.2320 64.3930 65.5550 66.7160 67.8780 69.0400 70.2010 71.3630 72.5240 73.6860 74.8480 76.0090 77.1710 78.3320 79.4940 80.6560 81.8170 82.9790 85.8830
34.5340 34.5050 34.4760 34.4470 34.4180 35.5800 36.7410 37.9030 39.0650 40.2260 41.3880 42.5490 43.7110 45.3840 45.6570 45.6280 45.5990 45.5700 45.5410 45.5110 46.6730 47.8350 48.9960 50.1580 51.3190 52.4810 53.6430 54.8040 55.9660 57.1270 58.2890 59.0150 57.8530 56.6920 56.6800 57.8420 59.0030 60.1650 61.0710 59.9100 58.7480 57.5860 56.4250 57.5860 58.7480 59.2070 59.1780 59.1660 60.3280 61.4890 62.6510 63.8120 64.9740 66.1360 67.2970 68.4590 69.6200 70.7820 71.9440 73.1050 74.2670 75.4280 76.5900 77.7520 78.9130 81.8170 84.7210
31.6300 31.6010 31.5720 31.5430 31.5140 32.6760 33.8370 34.9990 36.1610 37.3220 38.4840 39.6450 41.3180 42.4800 42.7530 42.7240 42.6950 42.6660 42.6370 42.6070 43.7690 44.9310 46.0920 47.2540 48.4150 49.5770 50.7390 51.9000 53.0620 54.2230 55.3850 56.1110 54.9490 53.7880 53.7760 54.9380 56.0990 57.2610 58.1670 57.0060 55.8440 54.6820 53.5210 54.6820 55.8440 56.3030 56.2740 56.2620 57.4240 58.5850 59.7470 60.9080 62.0700 63.2320 64.3930 65.5550 66.7160 67.8780 69.0400 70.2010 71.3630 72.5240 73.6860 74.8480 77.7520 80.6560 83.5600
28.7260 28.6970 28.6680 28.6390 28.6100 29.7720 30.9330 32.0950 33.2570 34.4180 35.5800 37.2530 38.4140 39.5760 39.8490 39.8200 39.7910 39.7620 39.7330 39.7030 40.8650 42.0270 43.1880 44.3500 45.5110 46.6730 47.8350 48.9960 50.1580 51.3190 53.8460 53.2070 52.0450 50.8840 50.8720 52.0340 53.1950 54.3570 55.2630 54.1020 52.9400 51.7780 50.6170 51.7780 52.9400 53.3990 53.3700 53.3580 54.5200 55.6810 56.8430 58.0040 59.1660 60.3280 61.4890 62.6510 63.8120 64.9740 66.1360 67.2970 68.4590 69.6200 70.7820 73.6860 76.5900 79.4940 82.3980
25.8220 25.7930 25.7640 25.7350 25.7060 26.8680 28.0290 29.1910 30.3530 31.5140 33.1870 34.3490 35.5100 36.9740 36.9450 36.9160 36.8870 36.8580 36.8290 36.7990 37.9610 39.1230 40.2840 41.4460 42.6070 43.7690 44.9310 46.0920 47.2540 50.1170 50.9420 50.3030 49.1410 47.9800 47.9680 49.1300 50.2910 51.4530 52.3590 51.1980 50.0360 48.8740 47.7130 48.8740 50.0360 50.4950 50.4660 50.4540 51.6160 52.7770 53.9390 55.1000 56.2620 57.4240 58.5850 59.7470 60.9080 62.0700 63.2320 64.3930 65.5550 66.7160 69.6200 72.5240 75.4280 78.3320 80.4700
22.9180 22.8890 22.8600 22.8310 22.8020 23.9640 25.1250 26.2870 27.4490 29.1210 30.2830 31.4450 33.1350 34.0700 34.0410 34.0120 33.9830 33.9540 33.9250 33.8950 35.0570 36.2190 37.3800 38.5420 39.7030 40.8650 42.0270 43.1880 46.0520 47.2130 48.0380 47.3990 46.2370 45.0760 45.0640 46.2260 47.3870 48.5490 49.4550 48.2940 47.1320 45.9700 44.8090 45.9700 47.1320 47.5910 47.5620 47.5500 48.7120 49.8730 51.0350 52.1960 53.3580 54.5200 55.6810 56.8430 58.0040 59.1660 60.3280 61.4890 62.6510 65.5550 68.4590 71.3630 74.2670 76.4040 77.5660
20.0140 19.9850 19.9560 19.9270 19.8980 21.0600 22.2210 23.3830 25.0560 26.2170 27.3790 29.0690 30.2310 31.1660 31.1370 31.1080 31.0790 31.0500 31.0210 30.9910 32.1530 33.3150 34.4760 35.6380 36.7990 37.9610 39.1230 41.9860 43.1480 44.6520 45.1340 44.4950 43.3330 42.1720 42.1600 43.3220 44.4830 45.6450 46.5510 45.3900 44.2280 43.0660 41.9050 43.0660 44.2280 44.6870 44.6580 44.6460 45.8080 46.9690 48.1310 49.2920 50.4540 51.6160 52.7770 53.9390 55.1000 56.2620 57.4240 58.5850 61.4890 64.3930 67.2970 70.2010 72.3390 73.5000 74.6620
17.1100 17.0810 17.0520 17.0230 16.9940 18.1560 19.3170 20.9900 22.1520 23.3130 25.0030 26.1650 27.3270 28.2620 28.2330 28.2040 28.1750 28.1460 28.1170 28.0870 29.2490 30.4110 31.5720 32.7340 33.8950 35.0570 37.9200 39.0820 40.5860 41.7480 42.2300 41.5910 40.4290 39.2680 39.2560 40.4180 41.5790 42.7410 43.6470 42.4860 41.3240 40.1620 39.0010 40.1620 41.3240 41.7830 41.7540 41.7420 42.9040 44.0650 45.2270 46.3880 47.5500 48.7120 49.8730 51.0350 52.1960 53.3580 54.5200 57.4240 60.3280 63.2320 66.1360 68.2730 69.4350 70.5960 72.2860
14.2060 14.1770 14.1480 14.1190 14.0900 15.2520 16.9250 18.0860 19.2480 20.9380 22.0990 23.2610 26.1650 25.3580 25.3290 25.3000 25.2710 25.2420 25.2130 25.1830 26.3450 27.5070 28.6680 29.8300 30.9910 33.8550 35.0160 36.5210 37.6820 38.8440 39.3260 38.6870 37.5250 36.3640 36.3520 37.5140 38.6750 39.8370 40.7430 39.5820 38.4200 37.2580 36.0970 37.2580 38.4200 38.8790 38.8500 38.8380 40.0000 41.1610 42.3230 43.4840 44.6460 45.8080 46.9690 48.1310 49.2920 50.4540 53.3580 56.2620 59.1660 62.0700 64.2070 65.3690 66.5310 68.2210 69.3820
11.3020 11.2730 11.2440 11.2150 11.1860 14.0500 14.0210 15.1820 16.8720 18.0340 19.1950 22.0990 23.6150 22.4540 22.4250 22.3960 22.3670 22.3380 22.3090 22.2790 23.4410 24.6030 25.7640 26.9260 29.7890 30.9510 32.6240 33.6170 34.7780 35.9400 36.4220 35.7830 34.6210 33.4600 33.4480 34.6100 35.7710 36.9330 37.8390 36.6780 35.5160 34.3540 33.1930 34.3540 35.5160 35.9750 35.9460 35.9340 37.0960 38.2570 39.4190 40.5800 41.7420 42.9040 44.0650 45.2270 46.3880 49.2920 52.1960 55.1000 58.0040 60.1420 61.3030 62.4650 64.1550 65.3170 66.4780
11.3140 14.1770 14.1480 14.1190 14.0500 11.1460 11.1170 13.9800 13.9680 15.1300 18.0340 20.9380 20.7110 19.5500 19.5210 19.4920 19.4630 19.4340 19.4050 19.3750 20.5370 21.6990 22.8600 25.7240 26.8850 28.5580 29.7200 30.7130 31.8740 33.0360 33.5180 32.8790 31.7170 30.5560 30.5440 31.7060 32.8670 34.0290 34.9350 33.7740 32.6120 31.4500 30.2890 31.4500 32.6120 33.0710 33.0420 33.0300 34.1920 35.3530 36.5150 37.6760 38.8380 40.0000 41.1610 42.3230 45.2270 48.1310 51.0350 53.9390 56.0760 57.2380 58.3990 60.0900 61.2510 62.4130 65.3170
11.3430 14.2470 17.0520 17.0230 15.2110 14.0500 13.9800 11.0760 11.0640 13.9680 16.8720 18.9690 17.8070 16.6460 16.6170 16.5880 16.5590 16.5300 16.5010 16.4710 17.6330 18.7950 21.6580 22.8200 24.4920 25.6540 26.8160 27.8090 28.9700 30.1320 30.6140 29.9750 28.8130 27.6520 27.6400 28.8020 29.9630 31.1250 32.0310 30.8700 29.7080 28.5460 27.3850 28.5460 29.7080 30.1670 30.1380 30.1260 31.2880 32.4490 33.6110 34.7720 35.9340 37.0960 38.2570 41.1610 44.0650 46.9690 49.8730 52.0110 53.1720 54.3340 56.0240 57.1860 58.3470 61.2510 64.0560
11.3720 14.2760 17.1800 19.2770 18.1150 16.9540 15.1410 13.9390 11.0350 13.9390 16.7440 16.7150 14.9030 13.7420 13.7130 13.6840 13.6550 13.6260 13.5970 13.5670 14.7290 17.5920 18.7540 20.4270 21.5880 22.7500 24.4230 24.9050 26.0660 27.2280 27.7100 27.0710 25.9090 24.7480 24.7360 25.8980 27.0590 28.2210 29.1270 27.9660 26.8040 25.6420 24.4810 25.6420 26.8040 27.2630 27.2340 27.2220 28.3840 29.5450 30.7070 31.8680 33.0300 34.1920 37.0960 40.0000 42.9040 45.8080 47.9450 49.1070 50.2680 51.9580 53.1200 54.2820 57.1860 59.9910 61.1520
14.2760 15.4380 18.3420 21.2460 21.0190 19.2070 16.8140 13.9100 11.0060 13.8700 13.8400 13.8110 13.7420 10.8380 10.8090 10.7800 10.7510 10.7220 10.6930 10.6630 13.5270 14.6880 16.3610 17.5230 18.6840 20.3570 21.5190 22.0010 23.1620 24.3240 24.8060 24.1670 23.0050 21.8440 21.8320 22.9940 24.1550 25.3170 26.2230 25.0620 23.9000 22.7380 21.5770 22.7380 23.9000 24.3590 24.3300 24.3180 25.4800 26.6410 27.8030 28.9640 30.1260 33.0300 35.9340 38.8380 41.7420 43.8790 45.0410 46.2030 47.8930 49.0540 50.2160 53.1200 55.9250 57.0870 58.2480
17.1800 18.3420 19.5030 22.4070 22.6110 19.7070 16.8030 13.8990 10.9950 10.9660 10.9360 10.9070 10.8780 13.7420 13.7130 13.6840 13.6550 13.6260 13.5560 10.6520 10.6230 13.4860 13.4570 14.6190 16.2910 17.4530 18.6150 19.0970 20.2580 21.4200 21.9020 21.2630 20.1010 18.9400 18.9280 20.0900 21.2510 22.4130 24.0860 22.1580 20.9960 19.8340 18.6730 19.8340 20.9960 21.4550 21.4260 21.4140 22.5760 23.7370 24.8990 26.0600 28.9640 31.8680 34.7720 37.6760 39.8140 40.9750 42.1370 43.8270 44.9890 46.1500 49.0540 51.8600 53.0210 54.1830 56.8950
20.0840 21.2460 22.4070 23.5690 23.7720 20.8680 17.9640 15.0600 13.8990 13.8700 13.8400 13.8110 13.7820 14.9440 16.6170 16.5880 16.5590 16.5300 14.7170 13.5150 10.6110 10.5820 10.5530 13.4160 13.3870 14.5490 16.2220 16.1930 17.3540 18.5160 18.9980 18.3590 17.1970 16.0360 16.0240 17.1860 18.3470 20.0200 21.1820 20.9960 18.0920 16.9300 15.7690 16.9300 18.0920 18.5510 18.5220 18.5100 19.6720 20.8330 21.9950 24.8990 27.8030 30.7070 33.6110 35.7480 36.9100 38.0710 39.7620 40.9230 42.0850 44.9890 47.7940 48.9560 50.1170 52.8300 53.9910
22.9880 24.1500 25.3110 26.4730 24.9340 22.0300 19.1260 17.9640 16.8030 16.7740 16.7440 16.7150 16.6860 17.8480 19.0100 19.4920 19.4630 18.7830 17.5810 14.6770 13.4750 10.5710 10.5420 10.5120 10.4830 13.3470 13.3180 13.2890 14.4500 16.1230 16.0940 16.0650 14.2930 13.1320 13.1200 14.2820 15.9550 17.1160 18.2780 18.1090 16.9300 14.0260 12.8650 14.0260 16.8080 15.6470 15.6180 15.6060 16.7680 17.9290 20.8330 23.7370 26.6410 29.5450 31.6830 32.8440 34.0060 35.6960 36.8580 38.0190 40.9230 43.7280 44.8900 46.0520 48.7640 49.9260 51.0870
