AppendixA/HikerMovements/data/ascii_files_abm_Orsi/dist_ciampedie_1000.asc
ncols 271
nrows 294
xllcorner 698225
yllcorner 5141858
cellsize 30.00
nodata_value  222.305
[rows 87 to 115 of 294, columns 67 to 133 of 271]
8.64200 11.5460 14.4500 17.3540 20.2580 23.1620 26.0660 28.9700 31.8740 34.7780 37.6820 40.5860 43.4900 46.3940 47.4050 44.5010 41.5970 38.6930 35.7890 32.8850 29.9810 27.0770 24.1730 21.2690 18.3650 15.4610 12.5570 9.65300 8.49100 9.65300 12.5570 15.4610 17.7140 20.6180 23.5220 26.4260 29.3300 32.2340 35.1380 37.8740 40.7780 40.9750 39.8140 39.7850 39.1520 36.2480 33.3440 30.4400 27.5360 24.6320 21.7280 18.8240 15.9200 13.0160 10.1120 7.20800 4.30400 4.29200 7.19600 8.13700 6.97500 6.94600 8.10800 9.78100 7.96900 6.76600 3.86200
8.61300 11.5170 14.4210 17.3250 20.2290 23.1330 26.0370 28.9410 31.8450 34.7490 37.6530 40.5570 43.4610 46.3650 48.5660 45.6620 42.7580 39.8540 36.9500 34.0460 31.1420 28.2380 25.3340 22.4300 19.5260 16.6220 13.7180 12.5570 11.3950 12.5570 13.7180 16.6220 19.5260 21.7800 24.6840 27.5880 30.4920 33.3960 36.3000 39.2040 41.9400 43.8790 42.7180 41.2310 38.6700 35.7660 32.8620 29.9580 27.0540 24.1500 21.2460 18.3420 15.4380 12.5340 10.1410 7.23700 4.33300 7.19600 8.35800 11.0410 9.87900 9.85000 11.0120 12.0340 9.64100 6.73700 3.83300
8.58400 11.4880 14.3920 17.2960 20.2000 23.1040 26.0080 28.9120 31.8160 34.7200 37.6240 40.5280 43.4320 46.3360 49.2400 46.8240 43.9200 41.0160 38.1120 35.2080 32.3040 29.4000 26.4960 23.5920 20.6880 17.7840 16.6220 15.4610 14.2990 15.4610 16.6220 17.7840 20.6880 23.5920 25.8460 28.7500 31.6540 34.5580 37.4620 40.3660 43.2700 44.2740 42.9730 40.0690 37.1650 34.6040 31.7000 28.7960 25.8920 22.9880 20.0840 17.1800 14.2760 11.3720 8.46800 7.26600 4.36200 7.26600 10.1700 12.4230 12.7830 12.7540 13.9160 12.5160 9.61200 6.70800 3.80400
8.55500 11.4590 14.3630 17.2670 20.1710 23.0750 25.9790 28.8830 31.7870 34.6910 37.5950 40.4990 43.4030 46.3070 49.2110 47.9860 45.0820 42.1780 39.2740 36.3700 33.4660 30.5620 27.6580 24.7540 21.8500 20.6880 19.5260 18.3650 17.2030 18.3650 19.5260 20.6880 21.8500 24.7540 27.6580 29.9110 32.8150 35.7190 38.6230 41.5270 44.2740 41.3700 40.2090 38.9080 36.0040 33.1000 30.5380 27.6340 24.7300 21.8260 18.9220 16.0180 13.1140 10.2100 7.30600 4.40200 4.39100 7.29500 10.1990 13.1030 15.6870 15.6580 16.5820 13.6780 10.7740 7.87000 6.66800
8.52600 11.4300 14.3340 17.2380 20.1420 23.0460 25.9500 28.8540 31.7580 34.6620 37.5660 40.4700 43.3740 46.2780 49.1820 49.1470 46.2430 43.3390 40.4350 37.5310 34.6270 31.7230 28.8190 25.9150 24.7540 23.5920 22.4300 21.2690 20.1070 21.2690 22.4300 23.5920 24.7540 25.9150 28.8190 31.7230 33.9770 36.8810 39.7850 42.6890 43.1130 40.2090 37.3050 36.1430 34.8420 31.9380 29.0340 27.6640 24.7600 21.8560 18.9520 16.0480 13.1440 10.2400 7.33600 4.43200 7.29500 8.45600 11.3600 14.2640 17.1680 18.5620 17.7430 14.8390 11.9350 9.54300 6.63900
8.49700 11.4010 14.3050 17.2090 20.1130 23.0170 25.9210 28.8250 31.7290 34.6330 37.5370 40.4410 43.3450 46.2490 49.1530 50.3090 47.4050 44.5010 41.5970 38.6930 35.7890 32.8850 29.9810 28.8190 27.6580 26.4960 25.3340 24.1730 23.0110 24.1730 25.3340 26.4960 27.6580 28.8190 29.9810 32.8850 35.7890 38.0420 40.9460 43.8500 41.9510 39.0470 36.1430 33.2390 32.0780 30.7770 27.8730 24.9690 23.7660 20.8620 18.9810 16.0770 13.1730 10.2690 7.36500 4.46100 7.36500 10.2690 12.5220 15.4260 18.3300 21.1300 18.2260 15.3220 12.4180 9.51400 6.61000
8.46800 11.3720 14.2760 17.1800 20.0840 22.9880 25.8920 28.7960 31.7000 34.6040 37.5080 40.4120 43.3160 46.2200 49.1240 51.4700 48.5660 45.6620 42.7580 39.8540 36.9500 34.0460 32.8850 31.7230 30.5620 29.4000 28.2380 27.0770 25.9150 27.0770 28.2380 29.4000 30.5620 31.7230 32.8850 34.0460 36.9500 39.8540 42.1080 43.6940 40.7900 37.8860 34.9820 32.0780 29.1740 28.0120 26.7110 23.8070 20.9030 19.7010 16.7970 15.5940 12.6900 10.2980 7.39400 4.49000 7.39400 10.2980 13.2020 16.1060 19.0100 21.1000 18.1960 15.2920 12.3880 9.48400 6.58000
11.2910 12.4520 15.3160 16.4770 19.3810 22.2850 25.1890 28.0930 30.9970 33.9010 36.8050 39.7090 42.6130 45.5170 48.4210 51.3250 49.7280 46.8240 43.9200 41.0160 38.1120 36.9500 35.7890 34.6270 33.4660 32.3040 31.1420 29.9810 28.8190 29.9810 31.1420 32.3040 33.4660 34.6270 35.7890 36.9500 38.1120 41.0160 43.9200 42.5320 39.6280 36.7240 33.8200 30.9160 28.0120 25.1080 23.9460 22.6450 19.7410 16.8370 15.6350 12.7310 11.5290 8.62500 7.42300 4.51900 7.42300 10.3270 13.2310 16.1350 19.0390 21.0710 18.1670 15.2630 12.3590 9.45500 6.55100
8.38700 11.2500 12.4120 15.3160 18.2200 21.1240 24.0280 26.9320 29.8360 32.7400 35.6440 38.5480 41.4520 44.3560 47.2600 50.1640 50.8900 47.9860 45.0820 42.1780 41.0160 39.8540 38.6930 37.5310 36.3700 35.2080 34.0460 32.8850 31.7230 32.8850 34.0460 35.2080 36.3700 37.5310 38.6930 39.8540 41.0160 42.1780 44.2740 41.3700 38.4660 35.5620 32.6580 29.7540 26.8500 23.9460 21.0420 19.8810 18.5800 15.6760 12.7720 11.5700 8.66600 7.46300 4.55900 4.54800 7.45200 10.3560 13.2600 16.1640 19.0680 21.0420 18.1380 15.2340 12.3300 9.42600 6.52200
8.35800 8.34600 11.2500 14.1540 17.0580 19.9620 22.8660 25.7700 28.6740 31.5780 34.4820 37.3860 40.2900 43.1940 46.0980 49.0020 51.9060 49.1470 46.2430 45.0820 43.9200 42.7580 41.5970 40.4350 39.2740 38.1120 36.9500 35.7890 34.6270 35.7890 36.9500 38.1120 39.2740 40.4350 41.5970 42.7580 43.9200 45.0820 43.1130 40.2090 37.3050 34.4010 31.4970 28.5930 25.6890 22.7850 19.8810 16.9770 15.8150 14.5140 11.6100 8.70600 7.50400 4.60000 4.58800 7.45200 8.61300 11.5170 14.4210 17.3250 20.2290 22.2040 19.3000 16.3960 13.4920 10.5880 7.68400
11.1800 8.31700 11.2210 14.1250 17.0290 19.9330 22.8370 25.7410 28.6450 31.5490 34.4530 37.3570 40.2610 43.1650 46.0690 48.4970 51.4010 50.3090 49.1470 47.9860 46.8240 45.6620 44.5010 43.3390 42.1780 41.0160 39.8540 38.6930 37.5310 38.6930 39.8540 41.0160 42.1780 43.3390 44.5010 45.6620 46.8240 44.8550 41.9510 39.0470 36.1430 33.2390 30.3350 27.4310 24.5270 21.6230 18.7190 15.8150 12.9110 11.7500 10.4490 7.54500 4.64100 4.62900 7.49200 8.65400 11.5170 12.6790 15.5830 18.4870 21.3910 23.3660 20.4620 17.5580 14.6540 11.7500 9.35700
8.27600 11.1800 12.3830 15.2870 18.1910 21.0950 23.9990 26.9030 29.8070 32.7110 35.6150 38.5190 41.4230 43.2700 44.4310 47.3350 50.2390 53.1430 52.0510 50.8900 49.7280 48.5660 47.4050 46.2430 45.0820 43.9200 42.7580 41.5970 40.4350 41.5970 42.7580 43.9200 45.0820 46.2430 47.4050 48.2700 45.3660 43.6940 40.7900 37.8860 34.9820 32.0780 29.1740 26.2700 23.3660 20.4620 17.5580 14.6540 11.7500 8.84600 7.68400 7.57400 4.67000 7.53300 8.69500 11.5580 12.7200 15.5830 16.7440 19.6480 22.5520 23.8650 20.9610 18.0570 15.1530 12.2490 9.34500
8.24700 11.1510 14.0550 16.4480 19.3520 22.2560 25.1600 28.0640 30.9680 33.8720 36.7760 38.0420 39.2040 40.3660 43.2700 46.1740 49.0780 51.9820 54.8860 53.7940 52.6320 51.4700 50.3090 49.1470 47.9860 46.8240 45.6620 44.5010 43.3390 44.5010 45.6620 46.8240 47.9860 49.1470 48.1720 47.0100 44.2050 41.3010 39.6280 36.7240 33.8200 30.9160 28.0120 25.1080 22.2040 19.3000 16.3960 13.4920 10.5880 7.68400 4.78000 7.60300 4.69900 7.60300 8.80500 11.7090 14.6130 16.7850 19.6480 20.8100 23.7140 25.0270 22.1230 19.2190 16.3150 13.4110 10.5070
8.21800 11.1220 14.0260 16.9300 19.8340 22.7380 25.6420 28.5460 31.4500 32.8150 33.9770 35.1380 36.3000 39.2040 42.1080 45.0120 47.9160 50.8200 53.7240 56.6280 55.5360 54.3740 53.2130 52.0510 50.8900 49.7280 48.5660 47.4050 46.2430 47.4050 48.5660 49.2810 48.1190 46.9580 45.2680 44.1060 42.9440 40.1390 37.2350 36.0730 33.2100 30.9040 28.0000 25.0960 22.1920 19.2880 16.3840 13.4800 10.5760 7.67200 4.76800 4.73900 4.72800 4.73900 7.64300 10.5470 13.4510 16.3550 19.2590 22.1630 24.8760 26.1880 23.2840 20.3800 17.4760 14.5720 11.6680
11.0820 12.2840 15.1880 18.0920 20.9960 23.9000 26.4260 27.5880 28.7500 29.9110 31.0730 32.2340 35.1380 38.0420 40.9460 43.8500 46.7540 49.6580 52.5620 55.4660 58.3700 57.2780 56.1170 54.9550 53.7940 52.6320 51.4700 50.3090 49.1470 50.3090 51.0230 48.1190 45.2150 44.0540 42.8920 41.2020 40.0400 38.8790 36.0730 33.1690 32.0080 29.1450 27.9830 25.1080 22.2040 19.3000 16.3960 13.4920 10.5880 7.68400 4.78000 4.76800 7.63200 7.64300 8.80500 11.7090 14.6130 17.5170 20.4210 23.3250 26.2290 27.3500 24.4460 21.5420 18.6380 15.7340 14.5720
11.0530 13.9570 16.3500 19.2540 22.1580 22.3610 23.5220 24.6840 25.8460 27.0070 28.1690 31.0730 33.9770 36.8810 39.7850 42.6890 45.5930 48.4970 51.4010 54.3050 57.2090 60.1130 59.0210 57.8590 56.6980 55.5360 54.3740 53.2130 52.0510 52.7660 49.8620 46.9580 44.0540 41.1500 39.9880 38.8260 37.1360 35.9750 34.8130 32.0080 29.1040 27.9420 25.0790 23.9170 21.0540 19.8920 17.0290 14.6540 11.7500 8.84600 7.68400 4.79700 7.70100 10.5470 11.7090 12.8710 15.7750 18.6790 21.5830 24.4870 27.3910 28.5110 25.6070 22.7030 19.7990 18.6380 17.4760
11.0240 13.9280 16.8320 19.4970 19.4680 19.4570 20.6180 21.7800 22.9420 24.1030 27.0070 29.9110 32.8150 35.7190 38.6230 41.5270 44.4310 47.3350 50.2390 53.1430 56.0470 58.9510 61.8550 60.7630 59.6020 58.4400 57.2780 56.1170 54.5080 51.6040 48.7000 45.7960 42.8920 39.9880 37.0840 35.9220 34.7610 33.0710 31.9090 30.7480 27.9420 25.0380 23.8770 21.0130 19.8520 16.9880 15.8270 12.9630 10.6460 7.74200 4.83800 4.82600 7.73000 10.6340 13.5380 15.7750 16.9360 19.8400 22.7440 25.6480 28.5520 29.6730 26.7690 23.8650 22.7030 21.5420 19.7300
12.1850 14.9500 16.1110 16.5930 16.5640 16.5530 17.7140 18.8760 20.0380 22.9420 25.8460 28.7500 31.6540 34.5580 37.4620 40.3660 43.2700 46.1740 49.0780 51.9820 54.8860 57.7900 60.6940 63.5980 62.5060 61.3440 59.1540 56.2500 53.3460 50.4420 47.5380 44.6340 41.7300 38.8260 35.9220 33.0180 31.8570 30.6950 29.0050 27.8440 26.6820 23.8770 20.9730 19.8110 16.9480 15.7860 12.9230 11.7610 8.89800 7.73600 4.86700 7.73000 8.89200 11.7960 14.7000 17.6040 19.8400 21.0020 23.9060 26.8100 29.7140 30.8350 27.9310 26.7690 25.6070 23.7950 22.5930
10.8840 12.0460 13.7180 13.6890 13.6600 13.6490 14.8100 15.9720 18.8760 21.7800 24.6840 27.5880 30.4920 33.3960 36.3000 39.2040 42.1080 45.0120 47.9160 50.8200 53.7240 56.6280 59.5320 62.4360 63.8010 60.8970 57.9930 55.0890 52.1850 49.2810 46.3770 43.4730 40.5690 37.6650 34.7610 31.8570 28.9530 27.7910 26.6300 24.9400 23.7780 22.6160 19.8110 16.9070 15.7450 12.8820 11.7210 8.85700 7.69600 4.83200 4.84400 7.74800 10.6520 12.9580 15.8620 18.7660 21.6700 23.9060 25.0670 27.9710 30.8750 31.9960 30.8350 29.6730 27.8610 26.6590 23.7550
7.98000 10.8440 10.8140 10.7850 10.7560 10.7450 11.9060 14.8100 17.7140 20.6180 23.5220 26.4260 29.3300 32.2340 35.1380 38.0420 40.9460 43.8500 46.7540 49.6580 52.5620 55.4660 58.3700 61.2740 62.6390 59.7350 56.8310 53.9270 51.0230 48.1190 45.2150 42.3110 39.4070 36.5030 33.5990 30.6950 27.7910 24.8870 23.7260 22.5640 20.8740 19.7120 18.5510 15.7450 12.8410 11.6800 8.81700 7.65500 4.79200 4.80300 7.70700 8.90900 11.8130 14.7170 17.0230 19.9270 22.8310 25.7350 27.9710 29.1330 32.0370 34.9000 33.7390 31.9270 30.7240 27.8200 26.6180
10.8440 7.94000 7.91000 7.88100 7.85200 7.84100 10.7450 13.6490 16.5530 19.4570 22.3610 25.2650 28.1690 31.0730 33.9770 36.8810 39.7850 42.6890 45.5930 48.4970 51.4010 54.3050 57.2090 60.1130 61.4780 58.5740 55.6700 52.7660 49.8620 46.9580 44.0540 41.1500 38.2460 35.3420 32.4380 29.5340 26.6300 23.7260 20.8220 19.6600 18.4980 16.8080 15.6470 14.4850 11.6800 8.77600 7.61400 4.75100 4.76300 7.66700 8.86900 11.7730 12.9750 15.8790 18.7830 21.0890 23.9930 26.8970 29.8010 32.0370 33.1990 36.1030 35.9920 34.7900 31.8860 30.6840 27.7800
12.0050 10.8440 10.8140 10.7850 10.7160 7.81200 10.7160 13.6200 16.5240 19.4280 22.3320 25.2360 28.1400 31.0440 33.9480 36.8520 39.7560 42.6600 45.5640 48.4680 51.3720 54.2760 57.1800 60.0840 60.3160 57.4120 54.5080 51.6040 48.7000 45.7960 42.8920 39.9880 37.0840 34.1800 31.2760 28.3720 25.4680 22.5640 19.6600 16.7560 15.5940 14.4330 12.7430 11.5810 10.4200 7.61400 4.71000 4.72200 7.62600 8.82800 11.7320 12.9340 15.8380 17.0410 19.9450 22.8490 25.1540 28.0580 30.9620 33.8660 36.1030 37.2640 38.8560 35.9520 34.7490 31.8450 29.4520
14.9090 13.7480 13.7180 13.5910 10.6870 7.78300 10.6870 13.5910 16.4950 19.3990 22.3030 25.2070 28.1110 31.0150 33.9190 36.8230 39.7270 42.6310 45.5350 48.4390 51.3430 54.2470 57.1510 60.0550 59.1540 56.2500 53.3460 50.4420 47.5380 44.6340 41.7300 38.8260 35.9220 33.0180 30.1140 27.2100 24.3060 21.4020 18.4980 15.5940 12.6900 11.5290 10.3670 8.67700 7.51600 7.54500 4.68100 7.58500 8.78800 11.6920 12.8940 15.7980 17.0000 19.9040 21.1060 24.0100 26.9140 29.2200 32.1240 35.0280 37.9320 40.1680 40.0170 38.8150 35.9110 33.5180 30.6140
17.8130 16.6520 15.8150 13.5620 10.6580 7.75400 10.6580 13.5620 16.4660 19.3700 22.2740 25.1780 28.0820 30.9860 33.8900 36.7940 39.6980 42.6020 45.5060 48.4100 51.3140 54.2180 57.1220 60.0260 57.9930 55.0890 52.1850 49.2810 46.3770 43.4730 40.5690 37.6650 34.7610 31.8570 28.9530 26.0490 23.1450 20.2410 17.3370 14.4330 11.5290 8.62500 7.46300 7.47500 4.61200 4.64100 7.54500 8.74700 11.6510 12.8530 15.7570 16.9590 19.8630 21.0660 23.9700 25.1720 28.0760 30.9800 33.2860 36.1900 39.0940 41.9980 42.8800 39.9760 37.5840 34.6800 31.7760
19.8110 17.5580 14.6540 11.7500 10.5880 7.72500 10.6290 13.5330 16.4370 19.3410 22.2450 25.1490 28.0530 30.9570 33.8610 36.7650 39.6690 42.5730 45.4770 48.3810 51.2850 54.1890 57.0930 59.7350 56.8310 53.9270 51.0230 48.1190 45.2150 42.3110 39.4070 36.5030 33.5990 30.6950 27.7910 24.8870 21.9830 19.0790 16.1750 13.2710 10.3670 7.46300 4.55900 4.57100 4.60000 7.50400 8.70600 11.6100 12.8120 15.7160 16.9190 19.8230 21.0250 23.9290 25.1310 28.0350 29.2370 32.1410 35.0450 37.3510 40.2550 43.1590 43.7230 40.8190 37.9150 35.0110 32.1070
18.6490 15.7450 13.4920 10.5880 7.68400 7.69600 10.6000 13.5040 16.4080 19.3120 22.2160 25.1200 28.0240 30.9280 33.8320 36.7360 39.6400 42.5440 45.4480 48.3520 51.2560 54.1600 57.0640 59.0560 56.1520 53.2480 50.3440 47.4400 44.5360 41.6320 38.7280 35.8240 32.9200 30.0160 27.1120 24.2080 21.3040 18.4000 15.4960 12.5920 10.3380 7.43400 4.53000 7.43400 7.50400 8.66600 11.5700 12.7720 15.6760 16.8780 19.7820 20.9840 23.8880 25.0910 27.9950 29.1970 32.1010 33.3030 36.2070 39.1110 41.4170 44.3210 43.7110 40.8070 37.9030 34.9990 32.0950
17.4880 14.5840 11.6800 10.5180 7.65500 10.5590 11.7610 14.6650 17.5690 20.4730 23.3770 26.2810 29.1850 32.0890 34.9930 37.8970 40.8010 43.7050 46.6090 49.5130 52.4170 55.3210 58.2250 57.8940 54.9900 52.0860 49.1820 46.2780 43.3740 40.4700 37.5660 34.6620 31.7580 28.8540 25.9500 23.0460 20.1420 17.2380 14.3340 11.4300 8.52600 7.36500 4.50100 7.40500 10.3090 11.5700 12.7310 15.6350 16.8370 19.7410 20.9440 23.8480 25.0500 27.9540 29.1560 32.0600 33.2620 35.0750 36.2360 39.1400 42.0440 44.9480 44.8730 41.9690 39.0650 36.1610 33.2570
15.6760 13.4220 10.5180 7.61400 7.62600 10.5300 13.4340 15.8270 18.7310 21.6350 24.5390 27.4430 30.3470 33.2510 36.1550 39.0590 41.9630 44.8670 47.7710 50.6750 53.5790 56.4830 59.3870 56.7330 53.8290 50.9250 48.0210 45.1170 42.2130 39.3090 36.4050 33.5010 30.5970 27.6930 24.7890 21.8850 18.9810 16.0770 13.1730 10.2690 7.36500 4.46100 4.47200 7.37600 10.2800 13.1840 15.6350 16.7970 19.7010 20.9030 23.8070 25.0090 26.3630 27.5240 28.6860 29.8470 31.0090 32.1710 35.0750 37.9790 40.8830 43.0780 42.0960 40.9350 40.2260 37.3220 34.4180
14.4740 11.6100 10.4490 7.58500 10.4890 11.6920 14.5960 17.5000 19.8920 22.7960 25.7000 28.6040 31.5080 34.4120 37.3160 40.2200 43.1240 46.0280 48.9320 51.8360 54.7400 57.6440 59.6080 56.7040 53.8000 50.8960 47.9920 45.0880 42.1840 39.2800 36.3760 33.4720 30.5680 27.6640 24.7600 21.8560 18.9520 16.0480 13.1440 10.2400 7.33600 4.43200 7.33600 8.53800 11.4420 14.3460 17.2500 19.7010 20.8620 21.1470 21.1350 22.2970 23.4590 24.6200 25.7820 26.9430 28.1050 31.0090 33.9130 36.8170 39.0120 40.1740 39.1920 38.0310 37.3510 36.1900 35.0280
