AppendixA/HikerMovements/data/ascii_files_abm_Orsi/dist_fronza_1000.asc
ncols 271
nrows 294
xllcorner 698225
yllcorner 5141858
cellsize 30.00
nodata_value  226.052
[rows 174 to 202 of 294, columns 201 to 267 of 271]
11.3720 12.5340 13.6950 15.3680 16.5300 17.6910 20.5550 21.7160 24.5790 21.8670 20.7060 17.8420 16.6810 15.5190 13.8460 12.6850 11.5230 11.5520 11.5810 11.6100 11.6390 11.6680 9.99600 8.83400 8.86300 8.89200 6.02900 6.05800 8.96200 9.03100 9.06000 9.09000 6.22600 9.13000 12.0340 14.9380 17.8420 20.7460 23.6500 26.5540 29.4580 32.3620 35.2660 38.1700 41.0740 42.1080 42.1370 41.6550 40.4930 39.3320 38.2920 35.3880 32.4840 29.5800 26.6760 23.7720 20.8680 17.9640 15.0600 12.1560 10.9950 8.13100 8.14300 11.0470 11.1170 12.2780 14.0900
13.7650 15.4380 16.5990 17.7610 19.4340 20.5950 21.7570 24.6200 25.7820 24.7710 21.9080 20.7460 19.5850 17.9120 16.7500 15.5890 14.4270 14.4560 14.4850 14.5140 14.5430 14.0610 12.9000 11.7380 11.7670 10.0940 8.93300 8.96200 10.1230 11.9350 9.17100 6.26700 9.13000 10.2920 13.1960 16.1000 19.0040 21.9080 24.8120 27.7160 30.6200 33.5240 36.4280 39.3320 40.3660 39.2040 39.2330 38.7510 37.5890 36.4280 36.4570 36.4860 33.6460 30.7420 27.8380 24.9340 22.0300 19.1260 16.2220 15.0600 12.1970 11.0350 11.0470 8.18300 8.21300 11.1170 11.1860
16.6690 17.8310 19.5030 20.6650 21.8260 23.4990 24.6610 25.8220 28.6860 25.9730 24.8120 23.6500 21.9770 20.8160 19.6540 18.4930 17.3310 17.3600 17.3890 17.4180 17.4470 16.9650 15.8040 14.6420 14.1600 12.9980 11.8370 11.8660 13.0270 12.1040 9.20000 6.29600 9.20000 12.1040 14.3570 17.2610 20.1650 23.0690 25.9730 28.8770 31.7810 34.6850 37.5890 38.6230 37.4620 36.3000 36.3290 35.8470 34.6850 33.5240 33.5530 33.5820 34.7430 31.9030 28.9990 26.0950 23.1910 20.2870 19.1260 16.2620 15.1010 13.9390 12.2490 11.0870 11.1170 8.25300 8.28200
19.5730 20.7350 21.8960 23.5690 24.7300 25.8920 27.5650 28.7260 29.8880 28.8770 27.7160 26.0430 24.8810 23.7200 22.5580 21.3970 20.2350 20.2640 20.2930 20.3220 20.3510 19.8690 18.7080 17.5460 17.0640 15.9020 14.7410 14.7700 13.3350 10.4310 9.22900 6.32500 9.22900 12.1330 15.0370 17.9410 20.8450 23.7490 26.6530 29.5570 32.4610 35.3650 36.8810 35.7190 34.5580 33.3960 33.4250 32.9430 31.7810 30.6200 30.6490 30.6780 31.8390 33.0010 30.1610 27.2570 24.3530 23.1910 20.3280 19.1660 18.0050 16.3150 15.1530 13.9910 12.3190 11.1570 8.29400
21.9660 23.6390 24.8000 25.9620 27.6340 28.7960 29.9580 31.6300 32.7920 31.7810 30.1090 28.9470 27.7850 26.6240 25.4620 24.3010 23.1390 23.1680 23.1970 23.2260 23.2550 22.7730 21.6120 20.4500 19.9680 18.8060 17.6450 15.0780 12.1740 9.27000 6.36600 9.22900 10.3910 13.2950 16.1990 19.1030 22.0070 24.9110 27.8150 30.7190 33.6230 35.1380 33.9770 32.8150 31.6540 30.4920 30.5210 30.0390 28.8770 27.7160 27.7450 27.7740 28.9350 30.0970 31.2590 28.4190 27.2570 24.3940 23.2320 22.0700 20.3800 19.2190 18.0570 16.3840 15.2230 12.3590 11.1980
24.8700 26.0310 27.7040 28.8660 30.0270 31.7000 32.8620 34.0230 35.6960 34.1740 33.0130 31.8510 30.6890 29.5280 28.3660 27.2050 26.0430 26.0720 26.1010 26.1300 26.1590 25.6770 24.5160 23.3540 22.8720 20.9150 18.0110 15.1070 12.2030 9.29900 6.39500 9.29900 12.2030 14.4560 17.3600 20.2640 23.1680 26.0720 28.9760 31.8800 33.3960 32.2340 31.0730 29.9110 28.7500 27.5880 27.6170 27.1350 25.9730 24.8120 24.8410 24.8700 26.0310 27.1930 28.3550 29.5160 28.4590 27.2980 26.1360 24.4460 23.2840 22.1230 20.4500 19.2880 16.4250 15.2630 14.1020
27.7740 28.9350 30.0970 31.7700 32.9310 34.0930 35.7660 36.9270 38.0890 37.0780 35.9170 34.7550 33.5930 32.4320 31.2700 30.1090 28.9470 28.9760 28.9640 27.8030 26.6410 25.4800 24.3180 24.2890 23.8480 20.9440 18.0400 15.1360 12.2320 9.32800 6.42400 9.32800 12.2320 15.1360 18.0400 20.9440 23.8480 26.7520 29.6560 31.6540 30.4920 29.3300 28.1690 27.0070 25.8460 24.6840 24.7130 24.2310 23.0690 21.9080 21.9370 21.9660 23.1270 24.2890 25.4510 26.6120 27.7740 30.2020 28.5110 27.3500 26.1880 24.5160 23.3540 20.4910 19.3290 18.1670 17.0060
30.6780 31.8390 33.0010 34.1630 35.8350 36.9970 38.1590 39.8310 40.9930 39.9820 38.8210 37.6590 36.4970 35.3360 34.1740 33.0130 30.1260 27.2220 26.0600 24.8990 23.7370 22.5760 21.4140 21.3850 21.3560 20.9730 18.0690 15.1650 12.2610 9.35700 6.45300 9.35700 12.2610 15.1650 18.0690 20.9730 23.8770 26.7810 29.6850 29.2610 27.5880 26.4260 25.2650 24.1030 22.9420 21.7800 21.8090 21.3270 20.1650 19.0040 19.0330 19.0620 20.2230 21.3850 22.5470 23.7080 26.6120 27.8150 30.7190 30.2540 28.5810 27.4200 24.5560 23.3950 22.2330 21.0710 19.9100
33.5820 34.7430 35.9050 37.0670 38.2280 39.9010 41.0630 42.2240 43.8970 42.8860 41.7250 40.5630 39.4010 37.6760 34.7720 31.8680 28.9640 26.0600 23.1560 21.9950 20.8330 19.6720 18.5100 18.4810 18.4520 19.6140 18.0980 15.1940 12.2900 9.38600 6.48200 9.38600 12.2900 15.1940 18.0980 21.0020 23.9060 26.8100 27.5180 26.3570 25.1950 23.5220 22.3610 21.1990 20.0380 18.8760 18.9050 18.4230 17.2610 16.1000 16.1290 16.1580 17.3190 18.4810 19.6430 22.5470 23.7490 26.6530 27.8550 27.6050 26.4440 25.2820 25.2940 26.2990 25.1370 23.9750 22.8140
36.4860 37.6470 38.8090 39.9710 41.1320 42.2940 43.9670 45.1280 46.2900 45.7900 44.6290 42.3230 39.4190 36.5150 33.6110 30.7070 27.8030 24.8990 21.9950 19.0910 17.9290 16.7680 15.6060 15.5770 15.5480 16.7100 17.8710 15.2230 12.3190 9.41500 6.51100 9.41500 12.3190 15.2230 18.1270 21.0310 23.9350 26.7980 25.6370 23.4530 22.2910 21.1300 19.4570 18.2950 17.1340 15.9720 16.0010 15.5190 14.3570 13.1960 13.2250 13.2540 14.4150 15.5770 18.4810 19.6830 22.5870 23.7900 25.8630 24.7010 23.5400 22.3780 22.3900 23.5510 24.7130 25.8750 25.7180
38.3680 40.5510 41.7130 42.8750 44.0360 45.1980 46.3590 48.0320 49.1940 46.9690 44.0650 41.1610 38.2570 35.3530 32.4490 29.5450 26.6410 23.7370 20.8330 17.9290 15.0250 13.8640 12.7020 12.6730 12.6440 13.8060 14.9670 15.2520 12.3480 9.44400 6.54000 9.44400 12.3480 15.2520 18.1560 21.0600 23.9640 23.8940 22.7330 21.5710 19.3870 18.2260 17.0640 15.3910 14.2300 13.0680 13.0970 13.1260 11.4530 10.2920 10.3210 10.3500 11.5110 14.4150 15.6180 18.5220 19.7240 22.6280 22.9590 21.7970 20.6360 19.4740 19.4860 20.6470 21.8090 22.9710 24.1320
41.2720 42.4330 44.6170 45.7790 46.9400 48.1020 49.2630 50.4250 48.7120 45.8080 42.9040 40.0000 37.0960 34.1920 31.2880 28.3840 25.4800 22.5760 19.6720 16.7680 13.8640 10.9600 9.79800 9.76900 9.74000 10.9020 12.5740 12.5450 12.3770 9.47300 6.56900 9.47300 12.3770 15.2810 18.1850 21.0890 22.1520 20.9900 19.8290 18.6670 18.1850 15.3220 14.1600 12.9980 11.3260 10.1640 10.1930 10.2220 10.2510 7.38800 7.41700 7.44600 10.3500 11.5520 14.4560 15.6580 18.5620 19.7650 20.0550 18.8930 17.7320 16.5700 16.5820 17.7430 18.9050 20.0670 22.9710
44.1760 45.3370 46.4990 48.6830 49.8440 51.0060 52.1670 50.4540 47.5500 44.6460 41.7420 38.8380 35.9340 33.0300 30.1260 27.2220 24.3180 21.4140 18.5100 15.6060 12.7020 9.79800 6.89400 6.86500 6.83600 9.69900 9.67000 9.64100 9.61200 9.50200 6.59800 9.50200 12.4060 15.3100 18.2140 21.1180 19.2480 18.0860 16.9250 15.7630 15.2810 14.1190 11.2560 10.0940 10.1230 7.26000 7.28900 7.31800 7.34700 10.2510 10.3210 10.3500 7.48700 10.3910 11.5930 14.4970 15.6990 18.6030 18.8530 15.9890 14.8280 13.6660 13.6780 14.8390 16.0010 18.9050 21.8090
46.5690 48.2410 49.4030 50.5640 52.7480 53.9100 52.8590 49.9550 47.0510 44.1470 41.2430 38.3390 35.4350 32.5310 29.6270 26.7230 23.8190 20.9150 18.0110 15.1070 12.7140 9.81000 6.90600 9.72800 6.82400 6.79500 6.76600 6.73700 6.70800 9.53100 6.62700 9.53100 12.4350 15.3390 18.2430 18.5280 18.0450 15.1820 14.0210 12.8590 12.8880 11.2150 10.0540 7.19000 7.21900 10.1230 10.1930 10.2220 10.2510 11.4130 13.2250 11.5520 10.3910 7.52700 10.4310 11.6330 14.5370 15.7400 15.9490 14.7870 11.9240 10.7620 10.7740 11.9350 14.8390 17.7430 20.6470
49.4730 50.6340 52.3070 53.4680 54.6300 54.6010 51.6970 48.7930 45.8890 42.9850 40.0810 37.1770 34.2730 31.3690 28.4650 25.5610 22.6570 19.7530 16.8490 13.9450 11.0410 9.83900 6.93500 9.83900 9.72800 9.69900 9.67000 9.64100 9.57200 6.66800 6.65600 9.56000 12.4640 15.3680 16.7850 15.6240 15.1410 13.9800 11.1170 9.95500 9.98400 10.0130 7.15000 7.17900 10.0830 11.2850 13.0970 13.1260 13.1550 14.3170 15.4780 13.3640 10.4600 7.55600 7.56800 10.4720 11.6740 13.4860 14.6480 11.8830 10.7220 7.85800 7.87000 10.7740 13.6780 16.5820 19.4860
50.6750 53.5380 54.7000 56.3720 56.3430 53.4390 50.5350 47.6310 44.7270 41.8230 38.9190 36.0150 33.1110 30.2070 27.3030 24.3990 21.4950 18.5910 15.6870 12.7830 9.87900 6.97500 9.83900 11.0000 12.6320 12.6030 12.5740 12.5450 10.7330 9.57200 6.68500 9.58900 12.4930 15.0430 13.8810 12.7200 12.7490 11.0760 9.91400 7.05100 7.08000 7.10900 10.0130 10.0830 11.2440 14.1480 15.3510 16.0300 16.0590 17.2210 17.4300 14.5260 11.6220 10.4600 7.59700 7.60800 10.5120 10.5820 11.7440 10.7220 7.81800 7.82900 10.7330 11.9350 14.8390 17.7430 20.6470
53.5790 54.7400 57.6040 58.7650 56.3720 53.4680 50.5640 47.6600 44.7560 41.8520 38.9480 36.0440 33.1400 30.2360 27.3320 24.4280 21.5240 18.6200 15.7160 12.8120 9.90800 7.00400 9.90800 12.8120 15.0660 15.5070 15.4780 14.7990 12.5220 9.61800 6.71400 9.61800 12.5220 12.6500 10.9770 9.81600 9.84500 9.87400 7.01000 9.91400 9.98400 10.0130 11.1750 12.9870 14.1480 15.3100 18.2140 18.9340 18.9630 20.1250 18.5910 15.6870 14.5260 11.6620 10.5010 10.5120 7.64900 7.67800 10.5820 10.6520 7.78900 10.6930 11.8950 14.7990 16.0010 18.9050 21.8090
54.7810 57.6440 58.8060 58.7940 55.8900 52.9860 50.0820 47.1780 44.2740 41.3700 38.4660 35.5620 32.6580 29.7540 26.8500 23.9460 21.0420 18.1380 15.2340 12.8410 9.93700 7.03300 9.93700 12.8410 15.7450 18.4110 18.3590 15.4550 12.5510 9.64700 6.74300 9.64700 9.71700 9.74600 9.77500 6.91200 6.94100 6.97000 9.87400 11.0760 12.8880 12.9170 14.0790 15.2400 17.0520 18.2140 19.3750 21.8380 21.8670 22.6570 19.7530 18.5910 15.7280 14.5660 13.4050 11.7150 10.5530 10.5820 7.71900 7.74800 10.6520 11.8540 14.7580 15.9600 18.8640 20.0670 22.9710
57.6850 58.8470 60.5370 57.6330 54.7290 51.8250 48.9210 46.0170 43.1130 40.2090 37.3050 34.4010 31.4970 28.5930 25.6890 22.7850 19.8810 16.9770 14.0730 11.1690 9.96700 7.06300 9.96700 12.8710 15.7750 18.6790 19.5210 16.6170 13.7130 10.8090 9.64700 6.78400 6.81300 6.84200 6.87100 6.90000 9.80400 9.87400 11.0350 13.9390 15.1410 15.8210 16.9830 18.1440 19.3060 21.1180 22.2790 23.4410 24.7710 23.8190 22.6570 19.7940 18.6320 17.4700 15.7800 14.6190 13.4570 11.7840 10.6230 10.6520 11.8130 14.7170 15.9200 18.8240 20.0260 22.9300 24.1320
55.9080 57.0690 58.2310 56.4710 53.5670 50.6630 47.7590 44.8550 41.9510 39.0470 36.1430 33.2390 30.3350 27.4310 24.5270 21.6230 18.7190 15.8150 12.9110 10.0070 7.10300 7.09200 9.99600 12.9000 15.8040 18.7080 20.1070 17.7780 14.8740 13.7130 10.8490 9.68800 9.71700 9.74600 9.77500 9.80400 10.9660 12.7780 13.9390 15.1010 18.0050 18.7250 19.8870 21.0480 22.2100 23.3710 25.1830 26.3450 27.5070 26.7230 23.8590 22.6980 21.5360 19.8460 18.6840 17.5230 15.8500 14.6880 13.5270 13.5560 14.7170 15.8790 18.7830 19.9850 22.8890 24.0920 26.9960
53.0040 54.1650 55.3270 56.4890 53.5960 50.6920 47.7880 44.8840 41.9800 39.0760 36.1720 33.2680 30.3640 27.4600 24.5560 21.6520 18.7480 15.8440 12.9400 10.0360 7.13200 9.99600 11.1570 14.0610 16.0130 16.0420 17.2030 18.3650 17.7780 14.9150 13.7530 12.5920 12.6210 12.6500 12.6790 12.7080 13.8700 15.0310 16.8430 18.0050 19.1660 21.6290 22.7910 23.9520 25.1140 26.2750 27.4370 29.2490 30.4110 27.9250 26.7630 25.6020 23.9120 22.7500 21.5880 19.9160 18.7540 17.5920 16.4310 16.4600 17.6210 18.7830 19.9450 22.8490 24.0510 26.9550 28.1570
50.1000 51.2610 52.4230 53.5850 54.7460 51.8540 48.9500 46.0460 43.1420 40.2380 37.3340 34.4300 31.5260 28.6220 25.7180 22.8140 19.9100 17.0060 14.1020 11.1980 10.0360 7.17300 10.0770 12.9810 13.1090 13.1380 14.2990 15.4610 18.3650 17.8190 16.6570 15.4960 15.5250 15.5540 15.5830 15.6120 16.7740 17.9350 19.0970 20.9090 22.0700 23.2320 25.6950 26.8560 28.0180 29.1790 30.3410 31.5030 31.9900 30.8290 29.6670 27.9770 26.8160 25.6540 23.9810 22.8200 21.6580 20.4960 19.3350 19.3640 20.5250 21.6870 22.8490 24.0100 26.9140 28.1170 31.0210
47.1960 48.3570 49.5190 50.6810 51.8420 53.0040 50.1110 47.2070 44.3030 41.3990 38.4950 35.5910 32.6870 29.7830 26.8790 23.9750 21.0710 18.1670 15.2630 13.0100 10.1060 7.20200 10.1060 10.1760 10.2050 10.2340 11.3950 14.2990 17.2030 19.5790 19.5610 18.4000 18.4290 18.4580 18.4870 18.5160 19.6780 20.8390 22.0010 23.1620 24.9740 26.1360 27.2980 29.7600 30.9220 32.0830 33.2450 34.4070 34.8940 33.7330 32.0430 30.8810 29.7200 28.0470 26.8850 25.7240 24.5620 23.4000 22.2390 22.2680 23.4290 24.5910 25.7530 26.9140 28.0760 30.9800 32.1820
44.2920 45.4530 46.6150 47.7770 48.9380 50.1000 51.2610 48.3690 45.4650 42.5610 39.6570 36.7530 33.8490 30.9450 28.0410 25.1370 22.2330 19.3290 17.0760 14.1720 11.2680 10.1060 7.24300 7.27200 7.30100 7.33000 10.2340 13.1380 15.5130 18.4170 21.3210 21.3040 21.3330 21.3620 21.3910 21.4200 22.5820 23.7430 24.9050 26.0660 27.2280 29.0400 30.2020 31.3630 33.8260 34.9870 36.1490 37.3110 37.7980 36.1080 34.9470 33.7850 32.1120 30.9510 29.7890 28.6280 27.4660 26.3040 25.1430 25.1720 26.3330 27.4950 28.6570 29.8180 30.9800 32.1410 35.0450
41.3880 42.5490 43.7110 44.8730 46.0340 47.1960 48.3570 49.5190 46.6270 43.7230 40.8190 37.9150 35.0110 32.1070 29.2030 26.2990 23.3950 21.1410 18.2370 15.3330 14.1720 11.3080 10.1470 10.1760 10.2050 7.34100 10.2450 11.4480 14.3520 17.2560 19.6480 22.5520 23.7550 24.2660 24.2950 24.3240 25.4860 26.6470 27.8090 28.9700 30.1320 31.2940 33.1060 34.2670 35.4290 37.8910 39.0530 40.2150 40.1740 39.0120 37.8510 36.1780 35.0160 33.8550 32.6930 31.5320 30.3700 29.2080 28.0470 28.0760 29.2370 30.3990 31.5610 32.7220 33.8840 35.0450 36.2070
38.4840 39.6450 40.8070 41.9690 43.1300 44.2920 45.4530 46.6150 47.7770 44.8840 41.9800 39.0760 36.1720 33.2680 30.3640 27.4600 25.2070 22.3030 19.3990 18.2370 15.3740 14.2120 13.0510 13.0800 11.4070 10.2450 7.38200 10.2860 13.1900 15.5830 18.4870 19.6890 22.5930 25.4970 26.7570 27.2280 28.3900 29.5510 30.7130 31.8740 33.0360 34.1980 35.3590 37.1710 38.3330 39.4940 41.9570 43.1190 43.0780 41.9160 40.2440 39.0820 37.9200 36.7590 35.5970 34.4360 33.2740 32.1120 30.9510 30.9800 32.1410 33.3030 34.4650 35.6260 36.7880 37.9490 39.1110
35.5800 36.7410 37.9030 39.0650 40.2260 41.3880 42.5490 43.7110 45.5230 46.0460 43.1420 40.2380 37.3340 34.4300 31.5260 29.2720 26.3680 23.4640 22.3030 19.4390 18.2780 17.1160 15.9550 15.4730 13.2190 10.3150 7.41100 10.3150 11.5170 14.4210 15.6240 18.5280 21.4320 22.6920 23.8530 26.7570 27.9600 30.8640 33.6170 34.7780 35.9400 37.1020 38.2630 39.4250 41.2370 42.3980 43.5600 46.0230 45.9820 44.3090 43.1480 41.9860 40.8240 39.6630 38.5010 37.3400 36.1780 35.0160 33.8550 33.8840 35.0450 36.2070 37.3690 38.5300 39.6920 40.8530 42.0150
32.6760 33.8370 34.9990 36.1610 37.3220 38.4840 39.6450 41.4580 42.6190 43.7810 44.3030 41.3990 38.4950 35.5910 33.3380 30.4340 27.5300 26.3680 23.5050 22.3430 21.1820 20.0200 18.8590 17.2850 14.3810 11.4770 10.3150 7.45200 10.3560 11.5580 14.4620 17.3660 18.6260 19.7880 22.6920 23.8940 26.7980 29.7020 32.0950 34.9990 36.2010 38.0130 39.1750 40.3370 42.1490 43.3100 44.4720 47.3760 48.3750 47.2130 46.0520 44.8900 43.7280 42.5670 41.4050 40.2440 39.0820 37.9200 36.7590 36.7880 37.9490 39.1110 40.2730 41.4340 42.5960 43.7570 44.9190
29.7720 30.9330 32.0950 33.2570 34.4180 35.5800 37.3920 38.5540 39.7150 41.5270 42.6890 42.5610 39.6570 37.4040 34.5000 31.5960 30.4340 27.5710 26.4090 25.2470 24.0860 22.9240 21.3500 18.4460 15.5420 13.2890 10.3850 7.48100 7.49200 10.3960 13.3000 14.5610 15.7220 18.6260 19.8290 22.7330 25.6370 28.0290 30.9330 32.1360 33.9480 35.1090 36.2710 38.0830 39.2450 40.4060 43.3100 46.2140 49.1180 50.1170 48.9560 47.7940 46.6320 45.4710 44.3090 43.1480 41.9860 40.8240 39.6630 39.6920 40.8530 42.0150 43.1770 44.3380 45.5000 46.6610 47.8230
