AppendixA/HikerMovements/data/ascii_files_abm_Orsi/dist_vaiolon_1000.asc
ncols 271
nrows 294
xllcorner 698225
yllcorner 5141858
cellsize 30.00
nodata_value  224.350
[rows 232 to 260 of 294, columns 67 to 133 of 271]
27.1000 24.1960 21.2920 18.3880 17.1860 14.2820 13.0800 10.1760 9.01400 7.85200 7.82300 6.01100 4.85000 4.82100 4.79200 4.72200 1.81800 1.80600 4.67000 5.83100 8.69500 9.85600 8.81700 5.91300 4.71000 1.80600 1.79500 1.80600 4.71000 7.61400 10.1990 7.29500 4.39100 1.48700 4.39100 7.29500 9.68800 12.5920 15.4960 18.4000 21.3040 24.2080 27.1120 30.0160 32.2000 32.3100 31.1480 31.1770 31.2060 30.9100 29.7490 28.5870 26.8790 23.9750 21.0710 18.1670 15.2630 12.3590 9.45500 6.55100 5.34900 2.44500 5.34900 8.25300 9.40300 6.51700 5.35500
25.9390 23.0350 20.1310 17.2270 14.3230 13.1200 10.2160 9.01400 6.11000 4.94800 4.91900 4.85000 1.94600 1.91700 1.88800 1.85900 1.84700 4.71000 5.87200 8.73500 9.89700 8.85700 5.95300 4.75100 1.84700 1.83500 4.69900 4.71000 5.87200 8.77600 10.2280 7.32400 4.42000 1.51600 4.42000 5.62200 8.52600 11.4300 14.3340 17.2380 20.1420 23.0460 25.9500 28.1340 29.2960 29.4060 28.2440 28.2730 28.3020 28.3310 26.8450 25.6830 24.5210 22.8140 19.9100 17.0060 14.1020 11.1980 8.29400 5.39000 2.48600 2.47400 5.37800 8.28200 10.5820 8.32900 5.42500
24.7770 21.8730 18.9690 16.0650 13.1610 10.2570 9.05500 6.15100 4.94800 2.04400 2.01500 1.98600 1.95700 4.80300 1.89900 1.88800 4.75100 5.91300 8.77600 9.93700 10.6000 7.69600 4.79200 1.88800 1.87600 4.73900 5.90100 7.61400 8.77600 9.93700 10.2570 7.35300 4.44900 1.54500 1.55700 4.46100 7.36500 10.2690 13.1730 16.0770 18.9810 21.8850 24.7890 25.2300 26.3920 26.5020 25.3400 25.3690 25.3980 25.4270 24.9450 22.7790 21.6170 20.4560 18.7660 16.5120 13.6080 10.7040 8.32300 5.41900 2.51500 5.37800 6.54000 9.44400 11.2620 8.35800 5.45400
23.6150 20.7110 17.8070 14.9030 11.9990 9.09500 6.19100 4.98900 2.08500 2.05600 4.91900 4.89000 4.84400 1.94000 1.92800 4.79200 5.95300 8.81700 9.97800 12.8410 10.1180 7.72500 4.82100 1.91700 4.78000 5.94200 8.80500 9.96700 11.6800 12.8410 10.2860 7.38200 4.47800 1.57400 4.46100 5.62200 8.52600 11.4300 14.3340 17.2380 20.1420 22.2680 22.2970 22.3260 23.4880 23.5980 22.4360 22.4650 22.4940 22.5230 22.0410 20.8800 18.7130 17.5520 16.3900 14.7000 12.4470 9.54300 6.63900 5.44800 2.54400 5.44800 8.35200 10.6050 11.2910 8.38700 5.48300
22.4540 19.5500 16.6460 13.7420 10.8380 7.93400 5.03000 2.12600 2.09700 4.96000 6.12200 6.07500 4.87300 1.96900 4.83200 5.99400 8.85700 10.0190 12.8820 11.8600 8.95600 6.05200 4.85000 1.94600 4.85000 6.05200 8.95600 10.1580 13.0620 13.2190 10.3150 7.41100 4.50700 1.60300 1.61500 4.51900 7.42300 10.3270 13.2310 16.1350 19.0390 19.3640 19.3930 19.4220 20.5840 20.6940 19.5320 19.5610 19.5900 19.6190 19.1370 17.9760 16.8140 14.6480 13.4860 12.3250 10.6340 8.38100 5.47700 2.57300 2.57300 5.47700 8.38100 11.2850 11.3200 8.41600 5.51200
23.6150 20.7110 17.8070 14.9030 11.9990 9.09500 6.19100 5.03000 5.00100 6.16200 7.81800 4.91400 2.01000 4.87300 6.03500 8.89800 10.0590 10.9360 10.9070 10.6980 7.79400 4.89000 1.98600 1.97500 1.98600 4.89000 6.09300 8.99700 10.1990 13.1030 10.3440 7.44000 4.53600 1.63200 1.64400 4.54800 7.45200 10.3560 13.2600 16.1640 16.4310 16.4600 16.4890 16.5180 17.6800 17.7900 16.6280 16.6570 16.6860 16.7150 16.2330 15.0720 13.9100 13.4860 10.5820 9.42100 8.25900 6.56900 5.40700 2.54400 5.44800 6.63900 9.54300 12.4470 12.4810 9.57700 6.67300
24.7770 21.8730 18.9690 16.0650 13.1610 10.2570 9.09500 7.93400 7.90500 9.06600 7.84700 4.94300 2.03900 4.94300 7.84700 8.01500 8.04400 8.03200 8.00300 9.08400 7.82300 4.91900 2.01500 2.00400 2.01500 2.02700 4.93100 6.13300 9.03700 10.2400 11.5060 8.60200 5.69800 4.53600 1.67300 4.57700 7.48100 9.87400 12.7780 13.4980 13.5270 13.5560 13.5850 13.6140 14.7760 14.8860 13.7240 13.7530 13.7820 13.8110 13.3290 12.1680 11.0060 11.0350 9.42100 6.51700 5.35500 5.36700 2.50300 2.53200 5.43600 8.34000 10.7040 13.6080 13.6430 10.7390 9.57700
25.7930 23.0350 20.1310 17.2270 14.3230 13.1610 11.9990 10.8380 10.8090 10.7800 7.87600 4.97200 2.06800 4.97200 6.27300 5.11100 5.14000 5.12800 5.09900 6.18000 5.01800 4.94800 2.04400 4.90800 4.91900 2.05600 2.06800 4.97200 6.17400 9.07800 10.2800 9.76300 7.51000 4.60600 1.70200 4.60600 5.80800 8.71200 9.91400 10.5940 10.6230 10.6520 10.6810 10.7100 11.8720 11.9820 10.8200 10.8490 10.8780 10.9070 10.4250 9.26400 8.10200 8.13100 8.16000 5.35500 2.45100 2.46300 2.49200 5.39600 6.59800 9.50200 12.4060 14.7700 14.8050 13.6430 10.9420
22.9300 24.1960 21.2920 18.3880 17.2270 16.0650 14.9030 13.7420 13.7130 10.8090 7.90500 5.00100 2.09700 5.00100 5.07000 2.20700 2.23600 2.22400 2.19500 5.01800 2.11400 2.08500 2.07300 4.97700 6.12200 4.96000 2.09700 2.10800 5.01200 6.21500 9.11900 10.3210 8.67100 5.76700 4.60600 1.74200 4.64600 5.84900 7.66100 7.69000 7.71900 7.74800 7.77700 7.80600 8.96800 9.07800 7.91600 7.94500 7.97400 8.00300 8.03200 6.36000 5.19800 5.22700 5.25600 5.28500 2.42200 5.32600 5.39600 6.55700 9.46100 10.6630 13.5670 16.4710 15.0780 12.6850 9.78100
21.7680 21.5880 20.4270 18.6150 17.4530 16.2910 14.4790 13.3180 12.1560 10.8380 7.93400 5.03000 2.12600 2.13700 2.16600 2.19500 2.22400 2.21300 2.18400 2.15500 2.12600 2.11400 2.10200 5.00600 7.91000 6.16200 5.00100 2.13700 2.14900 5.05300 6.25500 7.98000 9.14200 7.57900 4.67500 1.77100 1.78300 4.68700 4.75700 4.78600 4.81500 4.84400 4.87300 4.90200 6.06400 6.17400 5.01200 5.04100 5.07000 5.09900 5.12800 5.15800 2.29400 2.32300 2.35200 2.38100 5.28500 6.48800 8.30000 9.46100 10.6230 13.5270 14.7290 16.8200 13.9160 11.0120 8.61900
18.9050 18.6840 17.5230 16.3610 14.5490 13.3870 12.2260 10.4140 9.25200 8.09100 7.96300 5.05900 2.15500 2.16600 2.17800 5.08200 5.12800 5.11700 5.08800 5.05900 5.03000 5.01800 5.00600 6.16800 9.07200 9.06600 6.20300 5.04100 2.17800 2.19000 5.09400 5.07600 6.23800 7.91000 5.83700 4.67500 1.81200 1.82400 1.85300 1.88200 1.91100 1.94000 1.96900 1.99800 4.90200 4.97200 2.10800 2.13700 2.16600 2.19500 2.22400 2.25400 2.28300 2.31200 2.34100 5.24500 6.44700 9.35100 10.5530 12.3650 13.5270 14.6880 17.5920 15.6580 12.7540 9.85000 6.94600
17.5920 16.4310 14.6190 13.4570 12.2960 10.4830 9.32200 8.16000 6.34800 5.18700 5.15800 5.08800 2.18400 2.19500 2.20700 2.21900 5.12300 6.32500 7.99200 7.96300 7.93400 7.92200 7.91000 9.07200 10.2340 10.2690 9.10700 6.24400 5.08200 2.21900 2.20100 2.17200 5.03600 5.00600 6.16800 5.87800 4.71600 4.72800 4.75700 1.89300 1.92200 1.95100 1.98100 2.01000 2.03900 2.06800 2.09700 5.00100 5.07000 5.09900 5.12800 5.15800 5.18700 5.21600 5.24500 6.40600 9.31000 10.5120 13.4160 14.6190 16.4310 17.5920 17.4010 14.4970 11.5930 8.68900 5.78500
14.6880 13.5270 12.3650 10.5530 9.39200 8.23000 6.41800 5.25600 5.18700 2.28300 2.25400 2.22400 2.21300 5.09900 5.11100 2.24800 2.25900 5.16300 6.36600 9.27000 10.4720 10.8260 10.8140 11.9760 13.1380 13.1730 10.3090 9.14800 6.28400 5.09400 2.19000 2.16100 2.13200 2.10200 4.96600 4.89600 1.99200 1.96300 1.93400 1.92200 1.93400 4.83800 4.88500 4.91400 4.94300 4.97200 5.00100 6.16200 7.97400 8.00300 8.03200 8.06200 8.09100 8.12000 8.14900 9.31000 10.4720 13.3760 14.5780 17.4820 18.6840 20.3340 17.4300 14.5260 11.6220 8.71800 5.81400
13.5270 10.6230 9.46100 8.30000 6.48800 5.32600 5.25600 2.35200 2.32300 2.29400 2.26500 5.12800 5.11700 6.27800 6.31300 5.15200 2.28800 2.30000 5.20400 6.40600 9.31000 12.2140 13.7180 14.8800 16.0420 14.3750 13.2130 10.3500 9.15900 6.25500 5.09400 5.06500 4.99500 2.09100 2.06200 2.03300 2.00400 4.86700 4.83800 4.82600 4.83800 6.00000 7.78900 7.81800 7.84700 7.87600 7.90500 9.06600 10.2280 10.9070 10.9360 10.9660 10.9950 11.0240 11.0530 12.2140 13.3760 14.5370 17.4410 18.6440 21.5480 19.3410 17.4590 14.5550 11.6510 8.74700 5.84300
10.6630 9.46100 6.55700 5.39600 5.32600 2.42200 2.39300 2.36400 5.22700 5.19800 5.16900 6.33100 8.02100 9.18200 9.21700 6.35400 5.19200 2.32900 2.34100 5.24500 8.14900 11.0530 13.9570 16.8610 18.4400 17.2790 14.4150 13.2250 10.3210 9.15900 7.99800 7.96900 6.15600 4.99500 4.96600 4.93700 4.90800 6.06900 7.74200 7.73000 7.74200 8.90400 10.0650 10.7220 10.7510 10.7800 10.8090 11.9700 13.1320 13.8110 13.8400 13.8700 13.8990 13.9280 13.9570 15.1180 16.2800 17.4410 18.6030 21.5070 21.0830 18.1790 15.2750 14.0730 11.1690 8.77600 5.87200
8.41000 6.59800 5.39600 2.49200 2.46300 2.43400 5.29700 5.26800 6.42900 8.10200 8.07300 9.23500 10.3960 12.0860 10.4200 9.25800 6.39500 5.23300 2.37000 5.27400 8.17800 11.0820 13.9860 16.8900 19.7940 18.4810 17.2900 14.3860 13.2250 12.0630 10.9020 10.2220 9.06000 7.89900 7.87000 7.84100 7.81200 8.97300 10.1350 10.6340 10.6460 11.8080 12.9690 13.6260 13.6550 13.6840 13.7130 14.8740 16.0360 16.7150 16.7440 16.7740 16.8030 16.8320 16.8610 18.0220 19.1840 20.3450 21.5070 22.6690 19.9210 17.0170 14.1130 11.2090 10.0070 7.10300 5.90100
5.50600 5.43600 2.53200 2.50300 5.36700 5.33800 6.49900 8.17200 8.53800 9.69900 10.8610 12.1390 13.3000 14.4620 13.3240 10.4600 8.20700 5.30300 2.39900 5.30300 8.20700 11.1110 14.0150 16.9190 19.8230 21.3560 18.4520 17.2900 16.1290 14.9670 13.8060 13.1260 11.9640 10.8030 10.7740 10.7450 10.7160 11.8770 13.0390 13.5380 13.5500 14.7120 15.8730 16.5300 16.5590 16.5880 16.6170 17.7780 18.9400 19.6190 19.6480 19.6780 19.7070 19.7360 19.7650 20.9260 22.0880 23.2490 24.4110 21.6640 18.7600 15.8560 12.9520 10.0480 7.14400 5.94200 3.03800
2.60200 2.57300 2.54400 5.40700 5.51800 5.54700 5.57600 5.60500 5.63400 6.79500 9.69900 12.6030 14.9790 16.9480 14.0440 11.1400 8.23600 5.33200 2.42800 5.33200 8.23600 11.1400 14.0440 16.9480 19.8520 22.5180 21.3560 20.1940 19.0330 17.8710 16.7100 16.0300 14.8680 13.7070 13.6780 13.6490 13.6200 14.7810 15.9430 16.4420 16.4540 17.6160 18.7770 19.4340 19.4630 19.4920 19.5210 20.6820 21.8440 22.5230 22.5520 22.5820 22.6110 22.6400 22.6690 23.8300 24.9920 26.1530 23.4060 20.5020 17.5980 14.6940 11.7900 8.88600 5.98200 3.07800 3.06700
2.61400 2.58500 2.57300 2.58500 2.61400 2.64300 2.67200 2.70100 2.73000 5.63400 8.53800 10.9130 13.8170 16.7210 14.0730 11.1690 8.26500 5.36100 2.45700 5.36100 8.26500 11.1690 14.0730 16.9770 19.8810 22.7850 24.2600 23.0980 21.9370 20.7750 19.6140 18.9340 17.7720 16.6110 16.5820 16.5530 16.5240 17.6850 18.8470 19.3460 19.3580 20.5200 21.6810 22.3380 22.3670 22.3960 22.4250 23.5860 24.7480 25.4270 25.4560 25.4860 25.5150 25.5440 25.5730 26.7340 27.7100 25.3170 22.4130 19.5090 17.1160 14.2120 11.3080 8.91500 6.01100 3.10700 5.97100
2.62500 5.48900 5.47700 5.48900 5.51800 5.54700 5.57600 5.60500 2.74100 5.64500 6.84800 9.75200 12.6560 15.0490 14.1020 11.1980 8.29400 5.39000 2.48600 5.39000 8.29400 11.1980 14.1020 17.0060 19.9100 22.8140 25.7180 26.0020 24.8410 23.6790 22.5180 21.8380 20.6760 19.5150 19.4860 19.4570 19.4280 20.5890 21.7510 22.2500 22.2620 23.4240 24.5850 25.2420 25.2710 25.3000 25.3290 26.4900 27.6520 28.3310 28.3600 28.3900 28.4190 28.4480 28.4770 27.7510 26.5480 23.6440 21.2510 18.3470 15.4430 13.0510 10.1470 7.24300 6.04000 3.13600 6.04000
2.65400 5.55800 8.38100 8.39300 8.42200 8.45100 8.48000 5.67400 2.77000 2.78200 5.68600 8.59000 10.9830 13.8870 14.1310 11.2270 8.32300 5.41900 2.51500 5.41900 8.32300 11.2270 14.1310 17.0350 19.9390 22.8430 25.7470 28.6510 27.7450 26.5830 25.4220 24.7420 23.5800 22.4190 22.3900 22.3610 22.3320 23.4930 24.6550 25.1540 25.1660 26.3280 27.4890 28.1460 28.1750 28.2040 28.2330 29.3940 30.5560 31.2350 31.2640 30.3530 29.1910 28.0290 26.8680 26.5890 23.6850 22.4830 19.5790 17.1860 14.2820 11.3780 8.98500 6.08100 3.17700 3.16500 6.06900
5.55800 6.72000 9.62400 11.2970 11.3260 11.3550 9.74000 6.83600 5.67400 2.81100 5.71500 6.91700 9.82100 11.0240 13.9280 11.2560 8.35200 5.44800 2.54400 5.44800 8.35200 11.2560 14.1600 17.0640 19.9680 22.8720 25.7760 28.6800 30.6490 29.4870 28.3260 27.6460 26.4840 25.3230 25.2940 25.2650 25.2360 26.3970 27.5590 28.0580 28.0700 29.2320 30.3930 31.0500 31.0790 31.1080 31.1370 32.0950 30.9330 29.7720 28.6100 27.4490 26.2870 25.1250 23.9640 23.9350 22.5230 19.6190 18.4170 15.5130 13.1200 10.2160 7.31200 6.11000 3.20600 6.06900 7.23100
8.46200 9.62400 10.7850 13.6890 14.2300 13.8060 10.9020 9.74000 6.87700 5.71500 2.85200 5.75600 6.95800 9.86200 12.7660 11.2850 8.38100 5.47700 2.57300 5.47700 8.38100 11.2850 14.1890 17.0930 19.9970 22.9010 25.8050 28.7090 31.6130 32.3910 31.2300 30.5500 29.3880 28.2270 28.1980 28.1690 28.1400 29.3010 30.4630 29.5980 29.6270 30.7880 31.9500 32.0950 30.9330 29.7720 29.8010 29.8300 28.0290 26.8680 25.7060 24.5450 23.3830 22.2210 21.0600 21.0310 21.3620 18.4580 15.5540 14.3520 11.4480 9.05500 6.15100 3.24700 3.23500 6.13900 9.04300
10.8380 12.5280 13.6890 14.8510 17.1340 14.9670 13.8060 10.9420 8.68900 5.78500 2.88100 2.89200 5.79600 8.70000 11.6040 10.8030 8.41000 5.50600 2.60200 5.50600 8.41000 11.3140 14.2180 17.1220 20.0260 22.9300 25.8340 28.7380 31.2990 34.2030 34.1340 33.4540 32.2920 31.1310 31.1020 31.0730 30.1780 29.0170 27.8550 26.6940 26.7230 27.8840 29.0460 29.1910 28.0290 26.8680 26.8970 26.9260 25.7760 23.9640 22.8020 21.6410 20.4790 19.3170 18.1560 18.1270 19.2070 17.2960 14.3920 11.4880 10.2860 7.38200 6.18000 3.27600 6.13900 7.30100 10.2050
13.7420 14.9030 16.5930 17.7550 18.9170 17.8710 15.0080 12.7540 9.85000 6.94600 5.78500 2.92100 5.82500 8.72900 11.6330 9.64100 6.73700 5.53500 2.63100 5.53500 8.43900 11.3430 14.2470 17.1510 20.0550 22.9590 25.8630 27.2340 30.1380 32.0080 32.2050 32.2340 31.7520 30.5910 29.4290 28.4360 27.2740 26.1130 24.9510 23.7900 23.8190 24.9800 26.1420 26.2870 25.1250 23.9640 23.9930 24.0220 22.8720 21.7100 19.8980 18.7370 17.5750 16.4130 15.2520 15.2230 16.3030 15.1410 13.2310 10.3270 7.42300 6.22000 3.31600 3.30500 6.20900 9.11300 11.3660
14.9440 17.8070 18.9690 20.6590 20.3860 17.4820 14.5780 11.6740 8.77000 5.86600 2.96200 2.95000 5.85400 8.75800 11.3840 8.48000 5.57600 2.67200 2.66000 5.56400 8.46800 10.8610 13.7650 16.6690 19.0620 21.9660 23.1680 26.0720 27.9420 29.1040 29.3010 29.3300 28.8480 27.6870 26.5250 25.5320 24.3700 23.2090 22.0470 20.8860 20.9150 22.0760 23.2380 23.3830 22.2210 21.0600 21.0890 21.1180 19.9680 18.8060 17.6450 15.8330 14.6710 13.5090 12.3480 12.3190 13.3990 12.2370 11.5580 9.16500 6.26100 3.35700 3.34500 6.20900 7.37000 10.2740 13.1780
17.8480 19.0100 21.8730 23.0350 20.4150 17.5110 14.6070 11.7030 8.79900 5.89500 2.99100 5.85400 7.01600 9.92000 11.4130 8.50900 5.60500 2.70100 2.68900 5.59300 6.79500 9.69900 12.6030 14.9960 17.9000 19.1030 22.0070 23.8770 25.0380 26.2000 26.3970 26.4260 25.9440 24.7830 23.6210 22.6280 21.4660 20.3050 19.1430 17.9820 18.0110 19.1720 20.3340 20.4790 19.3170 18.1560 18.1850 18.2140 17.7140 15.9020 14.7410 13.5790 11.7670 10.6050 9.44400 9.41500 10.4950 9.33300 9.30400 7.49200 6.29000 3.38600 6.24900 7.41100 10.2740 11.4360 14.3400
20.7520 21.9140 23.0750 23.3480 20.4440 17.5400 14.6360 11.7320 8.82800 5.92400 3.02000 3.03200 5.93600 8.84000 11.7380 9.67000 6.76600 5.60500 2.71800 2.73000 5.63400 8.53800 10.9310 13.8350 15.0370 17.9410 19.8110 20.9730 22.1340 23.2960 23.4930 23.5220 23.0400 21.8790 20.7170 19.7240 18.5620 17.4010 16.2390 15.0780 15.1070 16.2680 17.4300 17.5750 16.4130 15.2520 15.2810 15.3100 14.8100 13.6490 11.8370 10.6750 9.51400 7.70100 6.54000 6.51100 7.59100 6.42900 6.40000 6.33100 3.42700 6.29000 7.45200 10.3150 11.4770 14.3400 15.5020
23.1450 24.8180 25.9790 23.3770 20.4730 17.5690 14.6650 11.7610 8.85700 5.95300 3.04900 5.93600 7.09700 8.86300 8.83400 8.80500 8.77600 6.78400 5.62200 2.75900 5.66300 6.86500 9.76900 10.9710 13.8750 15.7450 16.9070 18.0690 19.2300 20.5600 20.5890 20.6180 20.1360 18.9750 17.8130 17.8420 15.6580 14.4970 13.3350 12.1740 12.2030 13.3640 14.5260 14.6710 13.5090 12.3480 12.3770 12.4060 11.9060 10.7450 9.58300 7.77100 6.61000 6.54000 3.63600 3.60700 6.42900 3.52500 3.49600 3.46700 3.45600 6.36000 9.26400 11.5170 14.3810 15.5420 18.4060
