AppendixA/HikerMovements/data/ascii_files_abm_Orsi/dist_vaiolon_1000.asc
ncols 271
nrows 294
xllcorner 698225
yllcorner 5141858
cellsize 30.00
nodata_value  224.350
[rows 29 to 57 of 294, columns 67 to 133 of 271]
47.2890 48.4500 49.6120 50.7740 51.9350 54.8390 57.7430 60.6470 62.5350 63.6960 64.8580 66.0200 67.1810 68.3430 69.5040 70.6660 71.8280 74.5220 75.6840 76.8460 78.0070 79.1690 80.3300 81.4920 82.6540 83.8150 86.7190 89.6230 91.8770 94.7810 97.6850 100.589 103.493 104.544 101.640 98.7360 95.8320 92.9280 90.0240 87.1200 84.2160 81.3120 78.4080 75.5040 72.6000 69.6960 66.7920 63.8880 60.9840 58.0800 55.1760 52.2720 49.3680 46.4640 43.5600 40.6560 37.7520 34.8480 32.5940 29.6900 26.7860 25.6250 22.7620 21.6000 18.7370 16.4830 13.5790
44.3850 45.5460 46.7080 47.8700 50.7740 53.6780 56.5820 58.4690 59.6310 60.7920 61.9540 63.1160 64.2770 65.4390 66.6000 67.7620 70.4570 71.6180 72.7800 73.9420 75.1030 76.2650 77.4260 78.5880 79.7500 82.6540 85.5580 87.8110 90.7150 93.6190 96.5230 99.4270 102.331 103.382 100.478 97.5740 94.6700 91.7660 88.8620 85.9580 83.0540 80.1500 77.2460 74.3420 71.4380 68.5340 65.6300 62.7260 59.8220 56.9180 54.0140 51.1100 48.2060 45.3020 42.3980 39.4940 36.5900 33.6860 30.7820 28.5290 25.6250 22.7210 21.5590 18.6960 17.5340 14.6710 12.4180
41.4810 42.6420 43.8040 46.7080 49.6120 52.5160 54.4040 55.5650 56.7270 57.8880 59.0500 60.2120 61.3730 62.5350 63.6960 66.3910 67.5530 68.7140 69.8760 71.0380 72.1990 73.3610 74.5220 75.6840 78.5880 81.4920 83.7460 86.6500 89.5540 92.4580 95.3620 98.2660 101.170 102.221 99.3170 96.4130 93.5090 90.6050 87.7010 84.7970 81.8930 78.9890 76.0850 73.1810 70.2770 67.3730 64.4690 61.5650 58.6610 55.7570 52.8530 49.9490 47.0450 44.1410 41.2370 38.3330 35.4290 32.5250 29.6210 26.7170 24.4630 21.5590 18.6550 17.4940 14.6300 13.4690 10.6050
38.5770 39.7380 42.6420 45.5460 48.4500 50.3380 51.5000 52.6610 53.8230 54.9840 56.1460 57.3080 58.4690 59.6310 62.3260 63.4870 64.6490 65.8100 66.9720 68.1340 69.2950 70.4570 71.6180 74.5220 77.4260 79.6800 82.5840 85.4880 88.3920 91.2960 94.2000 97.1040 100.008 101.059 98.1550 95.2510 92.3470 89.4430 86.5390 83.6350 80.7310 77.8270 74.9230 72.0190 69.1150 66.2110 63.3070 60.4030 57.4990 54.5950 51.6910 48.7870 45.8830 42.9790 40.0750 37.1710 34.2670 31.3630 28.4590 25.5550 22.6510 20.3980 17.4940 14.5900 13.4280 10.5650 9.40300
35.6730 38.5770 41.4810 44.3850 46.2720 47.4340 48.5960 49.7570 50.9190 52.0800 53.2420 54.4040 55.5650 58.2600 59.4220 60.5830 61.7450 62.9060 64.0680 65.2300 66.3910 67.5530 70.4570 73.3610 75.6140 78.5180 81.4220 84.3260 87.2300 90.1340 93.0380 95.9420 98.8460 99.8980 96.9940 94.0900 91.1860 88.2820 85.3780 82.4740 79.5700 76.6660 73.7620 70.8580 67.9540 65.0500 62.1460 59.2420 56.3380 53.4340 50.5300 47.6260 44.7220 41.8180 38.9140 36.0100 33.1060 30.2020 27.2980 24.3940 21.4900 18.5860 16.3320 13.4280 10.5240 9.36200 6.49900
34.5110 37.4150 40.3190 42.2070 43.3680 44.5300 45.6920 46.8530 48.0150 49.1760 50.3380 51.5000 54.1940 55.3560 56.5180 57.6790 58.8410 60.0020 61.1640 62.3260 63.4870 66.3910 69.2950 71.5490 74.4530 77.3570 80.2610 83.1650 86.0690 88.9730 91.8770 94.7810 97.6850 98.7360 95.8320 92.9280 90.0240 87.1200 84.2160 81.3120 78.4080 75.5040 72.6000 69.6960 66.7920 63.8880 60.9840 58.0800 55.1760 52.2720 49.3680 46.4640 43.5600 40.6560 37.7520 34.8480 31.9440 29.0400 26.1360 23.2320 20.3280 17.4240 14.5200 12.2660 9.36200 6.45800 6.47000
33.3500 36.2540 38.1410 39.3030 40.4640 41.6260 42.7880 43.9490 45.1110 46.2720 47.4340 50.1290 51.2900 52.4520 53.6140 54.7750 55.9370 57.0980 58.2600 59.4220 62.3260 65.2300 67.4830 70.3870 73.2910 76.1950 79.0990 82.0030 84.9070 87.8110 90.7150 93.6190 96.5230 97.5740 94.6700 91.7660 88.8620 85.9580 83.0540 80.1500 77.2460 74.3420 71.4380 68.5340 65.6300 62.7260 59.8220 56.9180 54.0140 51.1100 48.2060 45.3020 42.3980 39.4940 36.5900 33.6860 30.7820 27.8780 24.9740 22.0700 19.1660 16.2620 13.3580 10.4540 9.29300 6.42900 9.33300
32.1880 34.0760 35.2370 36.3990 37.5600 38.7220 39.8840 41.0450 42.2070 43.3680 46.0630 47.2250 48.3860 49.5480 50.7100 51.8710 53.0330 54.1940 55.3560 58.2600 61.1640 63.4180 66.3220 69.2260 72.1300 75.0340 77.9380 80.8420 83.7460 86.6500 89.5540 92.4580 95.3620 96.4130 93.5090 90.6050 87.7010 84.7970 81.8930 78.9890 76.0850 73.1810 70.2770 67.3730 64.4690 61.5650 58.6610 55.7570 52.8530 49.9490 47.0450 44.1410 41.2370 38.3330 35.4290 32.5250 29.6210 26.7170 23.8130 20.9090 18.0050 15.1010 12.1970 9.29300 6.38900 6.40000 9.30400
30.0100 31.1720 32.3330 33.4950 34.6560 35.8180 36.9800 38.1410 39.3030 41.9980 43.1590 44.3210 45.4820 46.6440 47.8060 48.9670 50.1290 51.2900 54.1940 57.0980 59.3520 62.2560 65.1600 68.0640 70.9680 73.8720 76.7760 79.6800 82.5840 85.4880 88.3920 91.2960 94.2000 95.5650 92.6610 89.7570 86.8530 83.9490 81.0450 78.1410 75.2370 72.3330 69.4290 66.5250 63.6210 60.7170 57.8130 54.9090 52.0050 49.1010 46.1970 43.2930 40.3890 37.4850 34.5810 32.4960 29.5920 26.6880 23.7840 20.8800 17.9760 15.0720 12.1680 9.26400 6.36000 9.26400 10.4660
27.1060 28.2680 29.4290 30.5910 31.7520 32.9140 34.0760 35.2370 37.9320 39.0940 40.2550 41.4170 42.5780 43.7400 44.9020 46.0630 47.2250 50.1290 53.0330 55.2860 58.1900 61.0940 63.9980 66.9020 69.8060 72.7100 75.6140 78.5180 81.4220 84.3260 87.2300 90.1340 93.0380 94.4030 91.4990 88.5950 85.6910 82.7870 79.8830 76.9790 74.0750 71.1710 68.2670 65.3630 62.4590 59.5550 56.6510 53.7470 50.8430 47.9390 45.0350 42.1310 39.2270 36.3230 33.4190 30.5150 29.3540 26.4900 23.7550 20.8510 17.9470 15.0430 12.1390 9.23500 6.33100 9.23500 12.1390
24.2020 25.3640 26.5250 27.6870 28.8480 30.0100 31.1720 33.8660 35.0280 36.1900 37.3510 38.5130 39.6740 40.8360 41.9980 43.1590 46.0630 48.9670 51.2210 54.1250 57.0290 59.9330 62.8370 65.7410 68.6450 71.5490 74.4530 77.3570 80.2610 83.1650 86.0690 88.9730 91.8770 93.2420 90.3380 87.4340 84.5300 81.6260 78.7220 75.8180 72.9140 70.0100 67.1060 64.2020 61.2980 58.3940 55.4900 52.5860 49.6820 46.7780 43.8740 40.9700 38.0660 35.1620 32.2580 29.3540 26.4500 25.2880 22.4250 20.8220 17.9180 15.0140 12.1100 9.20600 6.30200 9.20600 12.1100
21.2980 22.4600 23.6210 24.7830 25.9440 27.1060 29.8010 30.9620 32.1240 33.2860 34.4470 35.6090 36.7700 37.9320 39.0940 41.9980 44.9020 47.1550 50.0590 52.9630 55.8670 58.7710 61.6750 64.5790 67.4830 70.3870 73.2910 76.1950 79.0990 82.0030 84.9070 87.8110 90.7150 92.0800 89.1760 86.2720 83.3680 80.4640 77.5600 74.6560 71.7520 68.8480 65.9440 63.0400 60.1360 57.2320 54.3280 51.4240 48.5200 45.6160 42.7120 39.8080 36.9040 34.0000 31.0960 28.1920 25.2880 22.3840 21.2220 18.3590 17.1970 14.3340 12.0810 9.17700 6.27300 9.17700 12.0810
18.3940 19.5560 20.7170 21.8790 23.0400 25.9440 26.8970 28.0580 29.2200 30.3820 31.5430 32.7050 33.8660 35.0280 37.9320 40.8360 43.0900 45.9940 48.8980 51.8020 54.7060 57.6100 60.5140 63.4180 66.3220 69.2260 72.1300 75.0340 77.9380 80.8420 83.7460 86.6500 89.5540 90.9180 88.0140 85.1100 82.2060 79.3020 76.3980 73.4940 70.5900 67.6860 64.7820 61.8780 58.9740 56.0700 53.1660 50.2620 47.3580 44.4540 41.5500 38.6460 35.7420 32.8380 29.9340 27.0300 24.1260 21.2220 18.3180 17.1570 14.2930 13.1320 10.2690 9.10700 6.24400 9.14800 12.0520
15.4900 16.6520 17.8130 18.9750 21.8790 24.0040 23.9930 25.1540 26.3160 27.4780 28.6390 29.8010 30.9620 33.8660 36.7700 39.0240 41.9280 44.8320 47.7360 50.6400 53.5440 56.4480 59.3520 62.2560 65.1600 68.0640 70.9680 73.8720 76.7760 79.6800 82.5840 85.4880 88.3920 89.7570 86.8530 83.9490 81.0450 78.1410 75.2370 72.3330 69.4290 66.5250 63.6210 60.7170 57.8130 54.9090 52.0050 49.1010 46.1970 43.2930 40.3890 37.4850 34.5810 31.6770 28.7730 25.8690 22.9650 20.0610 17.1570 14.2530 13.0910 10.2280 9.06600 6.20300 6.21500 9.11900 12.0230
12.5860 13.7480 14.9090 17.8130 20.7170 21.1000 21.0890 22.2500 23.4120 24.5740 25.7350 26.8970 29.8010 32.7050 34.9580 37.8620 40.7660 43.6700 46.5740 49.4780 52.3820 55.2860 58.1900 61.0940 63.9980 66.9020 69.8060 72.7100 75.6140 78.5180 81.4220 84.3260 87.2300 88.5950 85.6910 82.7870 79.8830 76.9790 74.0750 71.1710 68.2670 65.3630 62.4590 59.5550 56.6510 53.7470 50.8430 47.9390 45.0350 42.1310 39.2270 36.3230 33.4190 30.5150 27.6110 24.7070 21.8030 18.8990 15.9950 13.0910 10.1870 9.02600 6.16200 6.17400 9.07800 10.2800 13.1840
9.68200 10.8440 13.7480 16.6520 18.2260 18.1960 18.1850 19.3460 20.5080 21.6700 22.8310 25.7350 28.6390 30.8930 33.7970 36.7010 39.6050 42.5090 45.4130 48.3170 51.2210 54.1250 57.0290 59.9330 62.8370 65.7410 68.6450 71.5490 74.4530 77.3570 80.2610 83.1650 86.0690 87.4340 84.5300 81.6260 78.7220 75.8180 72.9140 70.0100 67.1060 64.2020 61.2980 58.3940 55.4900 52.5860 49.6820 46.7780 43.8740 40.9700 38.0660 35.1620 32.2580 29.3540 26.4500 23.5460 20.6420 17.7380 14.8340 11.9300 9.02600 6.12200 6.13300 9.03700 10.2400 13.1440 14.3460
6.77800 9.68200 12.5860 14.8390 15.3220 15.2920 15.2810 16.4420 17.6040 18.7660 21.6700 24.5740 26.8270 29.7310 32.6350 35.5390 38.4430 41.3470 44.2510 47.1550 50.0590 52.9630 55.8670 58.7710 61.6750 64.5790 67.4830 70.3870 73.2910 76.1950 79.0990 82.0030 84.9070 87.4050 84.5010 81.5970 78.6930 75.7890 72.8850 69.9810 67.0770 64.1730 61.2690 58.3650 55.4610 52.5570 49.6530 46.7490 43.8450 40.9410 38.0370 35.1330 32.2290 29.3250 26.4210 23.5170 20.6130 17.7090 14.8050 11.9010 8.99700 6.09300 8.99700 10.1990 13.1030 14.3050 17.2090
6.74900 9.61200 10.7740 12.4470 12.4180 12.3880 12.3770 13.5380 14.7000 17.6040 20.5080 22.7620 25.6660 28.5700 31.4740 34.3780 37.2820 40.1860 43.0900 45.9940 48.8980 51.8020 54.7060 57.6100 60.5140 63.4180 66.3220 69.2260 72.1300 75.0340 77.9380 80.8420 83.7460 86.6500 84.4720 81.5680 78.6640 75.7600 72.8560 69.9520 67.0480 64.1440 61.2400 58.3360 55.4320 52.5280 49.6240 46.7200 43.8160 40.9120 38.0080 35.1040 32.2000 29.2960 26.3920 23.4880 20.5840 17.6800 14.7760 11.8720 8.96800 6.06400 8.96800 11.8720 14.2640 17.1680 18.3710
6.73700 6.70800 9.57200 9.54300 9.51400 9.48400 9.47300 10.6340 13.5380 16.4420 18.6960 21.6000 24.5040 27.4080 30.3120 33.2160 36.1200 39.0240 41.9280 44.8320 47.7360 50.6400 53.5440 56.4480 59.3520 62.2560 65.1600 68.0640 70.9680 73.8720 76.7760 79.6800 82.5840 85.4880 84.3380 81.5390 78.6350 75.7310 72.8270 69.9230 67.0190 64.1150 61.2110 58.3070 55.4030 52.4990 49.5950 46.6910 43.7870 40.8830 37.9790 35.0750 32.1710 29.2670 26.3630 23.4590 20.5550 17.6510 14.7470 11.8430 8.93900 6.03500 8.93900 11.8430 14.7470 17.6510 20.5550
9.60100 6.69700 6.66800 6.63900 6.61000 6.58000 6.56900 9.47300 12.3770 14.6300 17.5340 20.4380 23.3420 26.2460 29.1500 32.0540 34.9580 37.8620 40.7660 43.6700 46.5740 49.4780 52.3820 55.2860 58.1900 61.0940 63.9980 66.9020 69.8060 72.7100 75.6140 78.5180 81.4220 82.5960 81.4340 81.4050 78.6050 75.7010 72.7970 69.8930 66.9890 64.0850 61.1810 58.2770 55.3730 52.4690 49.5650 46.6610 43.7570 40.8530 37.9490 35.0450 32.1410 29.2370 26.3330 23.4290 20.5250 17.6210 14.7170 11.8130 8.90900 6.00500 8.90900 11.8130 14.7170 17.6210 20.5250
10.7620 9.60100 9.57200 9.54300 9.51400 9.44400 6.54000 9.40300 10.5650 13.4690 16.3730 19.2770 22.1810 25.0850 27.9890 30.8930 33.7970 36.7010 39.6050 42.5090 45.4130 48.3170 51.2210 54.1250 57.0290 59.9330 62.8370 65.7410 68.6450 71.5490 74.4530 77.3570 80.2610 79.6920 78.5300 78.5010 78.4720 75.6720 72.7680 69.8640 66.9600 64.0560 61.1520 58.2480 55.3440 52.4400 49.5360 46.6320 43.7280 40.8240 37.9200 35.0160 32.1120 29.2080 26.3040 23.4000 20.4960 17.5920 14.6880 11.7840 8.88000 5.97600 8.88000 11.7840 14.0380 16.9010 18.0630
13.6660 12.5050 12.4760 12.4470 12.3190 9.41500 6.51100 6.49900 9.40300 12.3070 15.2110 18.1150 21.0190 23.9230 26.8270 29.7310 32.6350 35.5390 38.4430 41.3470 44.2510 47.1550 50.0590 52.9630 55.8670 58.7710 61.6750 64.5790 67.4830 70.3870 73.2910 76.1950 77.9490 76.7880 75.6260 75.5970 75.5680 75.5390 72.7390 69.8350 66.9310 64.0270 61.1230 58.2190 55.3150 52.4110 49.5070 46.6030 43.6990 40.7950 37.8910 34.9870 32.0830 29.1790 26.2750 23.3710 20.4670 17.5630 14.6590 11.7550 8.85100 5.94700 8.81100 9.97200 12.8360 13.9970 16.9010
16.5700 15.4090 15.3800 15.3510 13.4800 10.5760 9.37400 6.47000 9.37400 12.2780 15.1820 18.0860 20.9900 23.8940 26.7980 29.7020 32.6060 35.5100 38.4140 41.3180 44.2220 47.1260 50.0300 52.9340 55.8380 58.7420 61.6460 64.5500 67.4540 70.3580 73.2620 76.1660 75.0450 73.8840 72.7220 72.6930 72.6640 72.6350 71.9790 69.8060 66.9020 63.9980 61.0940 58.1900 55.2860 52.3820 49.4780 46.5740 43.6700 40.7660 37.8620 34.9580 32.0540 29.1500 26.2460 23.3420 20.4380 17.5340 14.6300 11.7260 8.82200 5.91800 5.90700 8.77000 9.93200 12.8360 15.7400
15.0140 14.9850 14.9730 16.1350 13.3700 10.4660 9.30400 6.44100 9.34500 12.2490 15.1530 18.0570 20.9610 23.8650 26.7690 29.6730 32.5770 35.4810 38.3850 41.2890 44.1930 47.0970 50.0010 52.9050 55.8090 58.7130 61.6170 64.5210 67.4250 70.3290 73.2330 73.3030 72.1410 70.9800 69.8180 69.7890 69.7600 69.7310 69.0750 67.9130 66.7510 65.1600 62.2560 59.3520 56.4480 53.5440 50.6400 47.7360 44.8320 41.9280 39.0240 36.1200 33.2160 30.3120 27.4080 24.5040 21.6000 18.6960 15.7920 12.8880 9.98400 8.78200 5.87800 5.86600 8.77000 11.6740 14.5780
12.1100 12.0810 12.0690 13.2310 12.2080 9.30400 6.40000 6.41200 9.31600 12.2200 15.1240 18.0280 20.9320 23.8360 26.7400 29.6440 32.5480 35.4520 38.3560 41.2600 44.1640 47.0680 49.9720 52.8760 55.7800 58.6840 61.5880 64.4920 67.3960 70.3000 71.5600 70.3990 69.2370 68.0760 66.9140 66.8850 66.8560 66.8270 66.1710 65.0090 63.8470 63.8180 63.4180 60.5140 57.6100 54.7060 51.8020 48.8980 45.9940 43.0900 40.1860 37.2820 34.3780 31.4740 28.5700 25.6660 22.7620 19.8580 16.9540 14.0500 12.8470 9.94300 8.74100 5.83700 8.74100 11.6450 14.5490
9.20600 9.17700 9.16500 10.3270 10.3960 9.23500 6.37100 9.27500 10.4780 13.3820 16.2860 19.1900 22.0940 24.9980 27.9020 30.8060 33.7100 36.6140 39.5180 42.4220 45.3260 48.2300 51.1340 54.0380 56.9420 59.8460 62.7500 65.6540 68.5580 69.8180 68.6560 67.4950 66.3330 65.1720 64.0100 63.9810 63.9520 63.9230 63.2670 62.1050 60.9430 60.9140 62.0760 61.6750 58.7710 55.8670 52.9630 50.0590 47.1550 44.2510 41.3470 38.4430 35.5390 32.6350 29.7310 26.8270 23.9230 21.0190 18.1150 15.6410 12.7370 9.83300 8.67100 5.80800 8.71200 11.6160 14.5200
6.30200 6.27300 6.26100 9.16500 9.19400 6.33100 9.23500 10.4370 13.3410 14.5430 17.4470 20.3510 23.2550 26.1590 29.0630 31.9670 34.8710 37.7750 40.6790 43.5830 46.4870 49.3910 52.2950 55.1990 58.1030 61.0070 63.9110 66.8150 68.0760 66.9140 65.7520 64.5910 63.4290 62.2680 61.1060 61.0770 61.0480 61.0190 60.3630 59.2010 58.0390 58.0100 59.1720 60.3340 58.0390 55.1350 52.2310 49.3270 46.4230 43.5190 40.6150 37.7110 34.8070 31.9030 28.9990 26.0950 23.1910 20.2870 17.3830 14.4790 11.5750 8.67100 5.76700 5.77900 8.68300 11.5870 14.4910
9.06600 9.09500 6.23200 6.26100 6.29000 6.31900 9.22300 12.1270 14.5030 17.4070 18.6090 21.5130 24.4170 27.3210 30.2250 33.1290 36.0330 38.9370 41.8410 44.7450 47.6490 50.5530 53.4570 56.3610 59.2650 62.1690 65.0730 66.3330 65.1720 64.0100 62.8480 61.6870 60.5250 59.3640 58.2020 58.1730 58.1440 58.1150 57.4590 56.2970 55.1350 55.1060 56.2680 57.4300 57.3600 54.4560 51.5520 48.6480 45.7440 42.8400 39.9360 37.0320 34.1280 31.2240 28.3200 25.4160 22.5120 19.6080 16.7040 13.8000 11.5460 8.64200 5.73800 8.64200 9.84500 12.7490 15.6530
6.16200 6.19100 6.22000 6.24900 6.27800 9.18200 10.3850 13.2890 16.1930 18.5680 21.4720 22.6740 25.5780 28.4820 31.3860 34.2900 37.1940 40.0980 43.0020 45.9060 48.8100 51.7140 54.6180 57.5220 60.4260 63.3300 64.5910 63.4290 62.2680 61.1060 59.9440 58.7830 57.6210 56.4600 55.2980 55.2690 55.2400 55.2110 54.5550 53.3930 52.2310 52.2020 53.3640 54.5260 55.0080 53.2940 50.3900 47.4860 44.5820 41.6780 38.7740 35.8700 32.9660 30.0620 27.1580 24.2540 21.3500 18.4460 15.5420 12.6380 9.73400 8.57300 5.70900 8.61300 11.5170 13.9100 16.8140
