AppendixA/HikerMovements/data/ascii_files_abm_Orsi/dist_vaiolon_1000.asc
ncols 271
nrows 294
xllcorner 698225
yllcorner 5141858
cellsize 30.00
nodata_value  224.350
[rows 58 to 86 of 294, columns 67 to 133 of 271]
9.06600 9.09500 9.12400 9.15300 9.18200 10.3440 13.2480 14.4500 17.3540 20.2580 22.6340 25.5380 26.7400 29.6440 32.5480 35.4520 38.3560 41.2600 44.1640 47.0680 49.9720 52.8760 55.7800 58.6840 61.5880 62.8480 61.6870 60.5250 59.3640 58.2020 57.0400 55.8790 54.7170 53.5560 52.3940 52.3650 52.3360 52.3070 51.6510 50.4890 49.3270 49.2980 50.4600 51.6220 52.1040 52.0750 49.2290 46.3250 43.4210 40.5170 37.6130 34.7090 31.8050 28.9010 25.9970 23.0930 20.1890 17.2850 14.3810 11.4770 8.57300 5.66900 5.68000 8.58400 11.4880 14.3920 17.2960
11.8720 11.9990 12.0280 12.0570 12.0860 13.2480 14.4100 17.3140 18.5160 21.4200 24.3240 26.6990 29.6030 30.8060 33.7100 36.6140 39.5180 42.4220 45.3260 48.2300 51.1340 54.0380 56.9420 59.8460 61.1060 59.9440 58.7830 57.6210 56.4600 55.2980 54.1360 52.9750 51.8130 50.6520 49.4900 49.4610 49.4320 49.4030 48.7470 47.5850 46.4230 46.3940 47.5560 48.7180 49.2000 49.1710 49.1410 46.2960 43.3920 40.4880 37.5840 34.6800 31.7760 28.8720 25.9680 23.0640 20.1600 17.2560 14.3520 11.4480 8.54400 5.64000 8.54400 9.74600 12.6500 15.5540 18.4580
11.8430 14.7470 14.9320 14.9610 14.9900 16.1520 17.3140 18.4750 21.3790 22.5820 25.4860 28.3900 30.7650 33.6690 34.8710 37.7750 40.6790 43.5830 46.4870 49.3910 52.2950 55.1990 58.1030 59.3640 58.2020 57.0400 55.8790 54.7170 53.5560 52.3940 51.2320 50.0710 48.9090 47.7480 46.5860 46.5570 46.5280 46.4990 45.8430 44.6810 43.5190 43.4900 44.6520 45.8140 46.2960 46.2670 46.2370 46.2080 43.3630 40.4590 37.5550 34.6510 31.7470 28.8430 25.9390 23.0350 20.1310 17.2270 14.3230 11.4190 8.51500 5.61100 8.51500 11.4190 13.8110 16.7150 19.6190
13.0040 15.9080 17.8360 17.8650 17.8940 19.0560 20.2180 21.3790 22.5410 25.4450 26.6470 29.5510 32.4550 34.8310 37.7350 38.9370 41.8410 44.7450 47.6490 50.5530 53.4570 56.3610 57.6210 56.4600 55.2980 54.1360 52.9750 51.8130 50.6520 49.4900 48.3280 47.1670 46.0050 44.8440 43.6820 43.6530 43.6240 43.5950 42.9390 41.7770 40.6150 40.5860 41.7480 42.9100 43.3920 43.3630 43.3330 43.3040 43.2750 40.4290 37.5250 34.6210 31.7170 28.8130 25.9090 23.0050 20.1010 17.1970 14.2930 11.3890 8.48500 5.58100 8.48500 11.3890 14.2930 17.1970 20.1010
14.1660 17.0700 19.9740 20.7690 20.7980 21.9600 23.1220 24.2830 25.4450 26.6060 29.5100 30.7130 33.6170 36.5210 38.8960 41.8000 43.0020 45.9060 48.8100 51.7140 54.6180 57.5220 54.7170 53.5560 52.3940 51.2320 50.0710 48.9090 47.7480 46.5860 45.4240 44.2630 43.1010 41.9400 40.7780 40.7490 40.7200 40.6910 40.0350 38.8730 37.7110 37.6820 38.8440 40.0060 40.4880 40.4590 40.4290 40.4000 40.3710 40.3420 37.4960 34.5920 31.6880 28.7840 25.8800 22.9760 20.0720 17.1680 14.2640 11.3600 8.45600 5.55200 8.45600 11.3600 14.2640 17.1680 20.0720
17.0290 18.2310 21.1350 23.6730 23.7020 24.8640 26.0260 27.1870 28.3490 29.5100 30.6720 33.5760 34.7780 37.6820 40.5860 42.9620 45.8660 47.0680 49.9720 52.8760 55.7800 54.7580 53.5560 50.6520 49.4900 48.3280 47.1670 46.0050 44.8440 43.6820 42.5200 41.3590 40.1970 39.0360 37.8740 37.8450 37.8160 37.7870 37.1310 35.9690 34.8070 34.7780 35.9400 37.1020 37.5840 37.5550 37.5250 37.4960 37.4670 37.4380 37.4090 34.5630 31.6590 28.7550 25.8510 22.9470 20.0430 17.1390 14.2350 11.3310 8.42700 5.52300 8.42700 11.3310 14.2350 17.1390 20.0430
16.7970 17.9580 19.6480 20.8100 21.9720 24.8350 25.9970 28.9010 31.2530 32.4140 33.5760 34.7380 37.6420 38.8440 41.7480 44.6520 47.0270 49.9310 51.1340 54.0380 54.7980 53.5960 50.6920 49.4900 46.5860 45.4240 44.2630 43.1010 41.9400 40.7780 39.6160 38.4550 37.2930 36.1320 34.9700 34.9410 34.9120 34.8830 34.2270 33.0650 31.9030 31.8740 33.0360 34.1980 34.6800 34.6510 34.6210 34.5920 34.5630 34.5340 34.5050 33.8490 31.6300 28.7260 25.8220 22.9180 20.0140 17.1100 14.2060 11.3020 8.39800 5.49400 8.39800 11.3020 14.2060 17.1100 20.0140
13.8930 15.5830 16.7440 17.9060 20.7690 21.9310 24.8350 27.7390 30.6430 33.5470 36.4510 37.6420 38.8030 41.7070 42.9100 45.8140 48.7180 51.0930 53.9970 55.1990 53.6370 50.7330 49.5310 46.6270 45.4240 42.5200 41.3590 40.1970 39.0360 37.8740 36.7120 35.5510 34.3890 33.2280 32.0660 32.0370 32.0080 31.9790 31.3230 30.1610 28.9990 28.9700 30.1320 31.2940 31.7760 31.7470 31.7170 31.6880 31.6590 31.6300 31.6010 30.9450 29.7830 28.0700 25.1660 22.2620 19.3580 16.4540 13.5500 11.2730 8.36900 5.46500 8.36900 11.2730 14.1770 17.0810 19.9850
11.5170 12.6790 13.8400 16.7040 17.8650 20.7690 23.6730 26.5770 29.4810 32.3850 35.2890 38.1930 41.0970 42.8690 45.7730 46.9750 49.8790 52.7830 55.1590 54.8510 52.4750 49.5710 46.6670 45.4650 42.5610 41.3590 38.4550 37.2930 36.1320 34.9700 33.8080 32.6470 31.4850 30.3240 29.1620 29.1330 29.1040 29.0750 28.4190 27.2570 26.0950 26.0660 27.2280 28.3900 28.8720 28.8430 28.8130 28.7840 28.7550 28.7260 28.6970 28.0410 26.8790 25.7180 24.0040 21.1000 18.1960 15.2920 12.3880 9.48400 8.32300 5.43600 8.34000 11.2440 14.1480 17.0520 19.9560
8.61300 9.77500 12.6380 13.8000 16.7040 19.6080 22.5120 25.4160 28.3200 31.2240 34.1280 37.0320 39.9360 42.8400 45.7440 48.6480 51.0410 53.9450 54.8910 53.6890 50.7850 48.4100 45.5060 42.6020 41.3990 38.4950 37.2930 34.3890 33.2280 32.0660 30.9040 29.7430 28.5810 27.4200 26.2580 26.2290 26.2000 26.1710 25.5150 24.3530 23.1910 23.1620 24.3240 25.4860 25.9680 25.9390 25.9090 25.8800 25.8510 25.8220 25.7930 25.1370 23.9750 22.8140 22.8430 19.9390 17.0350 14.1310 11.2270 8.32300 5.41900 5.40700 8.31100 11.2150 13.4690 16.3730 19.2770
5.70900 8.57300 9.73400 12.6380 15.5420 18.4460 21.3500 24.2540 27.1580 30.0620 32.9660 35.8700 38.7740 41.6780 44.5820 47.4860 50.3900 53.2940 53.7300 50.8260 49.6240 46.7200 44.3440 41.4400 38.5360 37.3340 34.4300 33.2280 30.3240 29.1620 28.0000 26.8390 25.6770 24.5160 23.3540 23.3250 23.2960 23.2670 22.6110 21.4490 20.2870 20.2580 21.4200 22.5820 23.0640 23.0350 23.0050 22.9760 22.9470 22.9180 22.8890 22.2330 21.0710 19.9100 21.0710 19.9100 17.0060 14.1020 11.1980 8.29400 5.39000 5.37800 8.24200 9.40300 12.3070 15.2110 18.1150
5.68000 5.66900 8.57300 11.4770 14.3810 17.2850 20.1890 23.0930 25.9970 28.9010 31.8050 34.7090 37.6130 40.5170 43.4210 46.3250 49.2290 52.1330 52.5680 49.6640 46.7600 45.5580 42.6540 40.2780 37.3740 34.4700 33.2680 30.3640 29.1620 26.2580 25.0960 23.9350 22.7730 21.6120 20.4500 20.4210 20.3920 20.3630 19.7070 18.5450 17.3830 17.3540 18.5160 19.6780 20.1600 20.1310 20.1010 20.0720 20.0430 20.0140 19.9850 19.3290 18.1670 17.0060 18.1670 19.3290 18.1670 15.2630 12.3590 9.45500 8.25300 5.34900 5.33800 8.24200 11.1460 14.0500 16.9540
8.54400 5.64000 8.54400 11.4480 14.3520 17.2560 20.1600 23.0640 25.9680 28.8720 31.7760 34.6800 37.5840 40.4880 43.3920 46.2960 49.2000 52.1040 50.8960 48.5030 45.5990 42.6950 41.4920 38.5880 36.2130 33.3090 30.4050 29.2030 26.2990 25.0960 22.1920 21.0310 19.8690 18.7080 17.5460 17.5170 17.4880 17.4590 16.8030 15.6410 14.4790 14.4500 15.6120 16.7740 17.2560 17.2270 17.1970 17.1680 17.1390 17.1100 17.0810 16.4250 15.2630 14.1020 15.2630 16.4250 16.9070 16.4250 13.5210 12.3190 9.41500 8.21300 5.30900 8.21300 11.1170 14.0210 16.9250
8.49700 5.61100 8.51500 11.4190 14.3230 17.2270 20.1310 23.0350 25.9390 28.8430 31.7470 34.6510 37.5550 40.4590 43.3630 46.2670 49.1710 52.0750 49.7340 46.8300 44.4370 41.5330 38.6290 37.4270 34.5230 32.1470 29.2430 26.3390 25.1370 22.2330 21.0310 18.1270 16.9650 15.8040 14.6420 14.6130 14.5840 14.5550 13.8990 12.7370 11.5750 11.5460 12.7080 13.8700 14.3520 14.3230 14.2930 14.2640 14.2350 14.2060 14.1770 13.5210 12.3590 11.1980 12.3590 13.5210 14.0030 13.9740 13.3530 12.1910 9.30400 8.14300 5.27900 8.18300 11.0870 13.9910 16.8950
5.59300 5.58100 8.48500 11.3890 14.2930 17.1970 20.1010 23.0050 25.9090 28.8130 31.7170 34.6210 37.5250 40.4290 43.3330 46.2370 49.1410 51.4760 48.5720 45.6680 42.7640 40.3710 37.4670 34.5630 33.3610 30.4570 28.0820 25.1780 22.2740 21.0710 18.1670 16.9650 14.0610 12.9000 11.7380 11.7090 11.6800 11.6510 11.6220 9.83300 8.67100 8.64200 9.80400 11.4770 11.4480 11.4190 11.3890 11.3600 11.3310 11.3020 11.2730 11.2440 9.45500 8.29400 9.45500 11.1280 11.0990 11.0700 11.0410 9.28700 8.12500 5.23900 5.25000 8.15400 11.0580 13.9620 16.8660
5.56400 5.55200 8.45600 11.3600 14.2640 17.1680 20.0720 22.9760 25.8800 28.7840 31.6880 34.5920 37.4960 40.4000 43.3040 46.2080 49.1120 50.3150 47.4110 44.5070 41.6030 38.6990 36.3060 33.4020 30.4980 29.2960 26.3920 24.0160 21.1120 18.2080 17.0060 14.1020 12.9000 9.99600 8.83400 8.80500 8.77600 8.74700 8.71800 8.67100 5.76700 5.73800 8.60200 8.57300 8.54400 8.51500 8.48500 8.45600 8.42700 8.39800 8.36900 8.34000 8.29400 5.39000 8.25300 8.22400 8.19500 8.16600 8.13700 8.10800 5.22100 5.21000 5.22100 8.12500 11.0290 13.9330 16.8370
8.42700 5.52300 8.42700 11.3310 14.2350 17.1390 20.0430 22.9470 25.8510 28.7550 31.6590 34.5630 37.4670 40.3710 43.2750 46.1790 49.0830 49.1530 46.2490 43.3450 40.4410 37.5370 34.6330 32.2400 29.3360 26.4320 25.2300 22.3260 19.9500 17.0460 14.1420 12.9400 10.0360 8.83400 5.93000 5.90100 5.87200 5.84300 5.81400 5.78500 5.75600 5.72700 5.69800 5.66900 5.64000 5.61100 5.58100 5.55200 5.52300 5.49400 5.46500 5.43600 5.40700 5.37800 5.34900 5.32000 5.29100 5.26200 5.23300 5.20400 5.19200 5.18100 5.19200 8.09600 11.0000 13.2770 16.1810
8.39800 5.49400 8.39800 11.3020 14.2060 17.1100 20.0140 22.9180 25.8220 28.7260 31.6300 34.5340 37.4380 40.3420 43.2460 46.1500 49.0540 47.9920 45.0880 42.1840 39.2800 36.3760 33.4720 30.5680 28.1750 25.2710 22.3670 21.1640 18.2600 15.8850 12.9810 10.0770 8.87500 5.97100 5.94200 8.80500 8.77600 8.74700 8.71800 8.68900 8.66000 8.61300 5.70900 5.68000 8.54400 8.49700 5.59300 5.56400 5.53500 5.50600 5.47700 5.44800 5.41900 5.39000 5.36100 5.33200 5.30300 5.27400 8.09600 5.19200 5.16300 5.15200 5.16300 8.05000 9.21100 12.1150 15.0190
8.32900 5.46500 8.36900 11.2730 14.1770 17.0810 19.9850 22.8890 25.7930 28.6970 31.6010 34.5050 37.4090 40.3130 43.2170 46.1210 49.0250 46.8300 43.9260 41.0220 38.1180 35.2140 32.3100 29.4060 26.5020 24.1090 21.2050 18.3010 17.0990 14.1950 11.8190 8.91500 6.01100 5.98200 8.84600 10.0070 11.6800 11.6510 11.6220 11.5930 11.5640 9.77500 8.61300 8.58400 9.74600 9.65900 8.49700 8.46800 8.43900 8.41000 8.38100 8.35200 8.32300 8.29400 8.26500 8.23600 8.20700 8.17800 9.25800 8.09600 7.98600 5.12300 5.13400 5.14600 8.05000 10.9540 13.8580
5.42500 5.43600 8.34000 11.2440 14.1480 17.0520 19.9560 22.8600 25.7640 28.6680 31.5720 34.4760 37.3800 40.2840 43.1880 46.0920 48.5720 45.6680 42.7640 39.8600 36.9560 34.0520 31.1480 28.2440 25.3400 22.4360 20.0430 17.1390 14.2350 13.0330 10.1290 8.92700 6.02300 6.01100 8.91500 11.8190 14.0730 14.5550 14.5260 14.4970 13.8400 12.6790 11.5170 11.4880 12.6500 12.5630 11.4010 11.3720 11.3430 11.3140 11.2850 11.2560 11.2270 11.1980 11.1690 11.1400 11.1110 11.0820 10.8900 7.98600 5.08200 5.09400 5.10500 5.13400 8.03800 10.9420 13.8460
5.39600 8.30000 9.50200 12.4060 15.3100 18.2140 21.1180 24.0220 26.9260 29.8300 32.7340 35.6380 38.5420 41.4460 44.3500 47.2540 47.4110 44.5070 41.6030 38.6990 35.7950 32.8910 29.9870 27.0830 24.1790 21.2750 18.3710 15.9780 13.0740 10.1700 8.96800 6.06400 8.92700 8.91500 10.0770 12.9810 15.8850 17.4590 17.4300 17.4010 16.7440 15.5830 14.4210 14.3920 15.5540 15.4670 14.3050 14.2760 14.2470 14.2180 14.1890 14.1600 14.1310 14.1020 14.0730 14.0440 14.0150 13.7650 10.8610 7.95700 5.05300 5.06500 7.96900 5.14600 8.05000 10.9540 13.8580
5.36700 8.27100 11.1750 13.5670 16.4710 19.3750 22.2790 25.1830 28.0870 30.9910 33.8950 36.7990 39.7030 42.6070 45.5110 48.4150 46.2490 43.3450 40.4410 37.5370 34.6330 31.7290 28.8250 25.9210 23.0170 20.1130 17.2090 14.3050 11.9120 9.00800 6.10400 6.09300 8.99700 11.8190 12.9810 14.1420 17.0460 19.9500 20.3340 20.3050 19.6480 18.4870 17.3250 17.2960 18.4580 18.3710 17.2090 17.1800 17.1510 17.1220 17.0930 17.0640 17.0350 17.0060 16.9770 16.9480 15.9490 13.0850 10.8320 7.92800 5.02400 5.03600 7.94000 8.05000 9.21100 12.1150 15.0190
8.23000 9.43200 12.3360 15.2400 17.6330 20.5370 23.4410 26.3450 29.2490 32.1530 35.0570 37.9610 40.8650 43.7690 46.6730 47.9920 45.0880 42.1840 39.2800 36.3760 33.4720 30.5680 27.6640 24.7600 21.8560 18.9520 16.0480 13.1440 10.2400 9.03700 6.13300 8.99700 10.1580 13.0620 15.8850 17.0460 18.2080 21.1120 23.2380 23.2090 22.5520 21.3910 20.2290 20.2000 21.3620 21.2750 20.1130 20.0840 20.0550 20.0260 19.9970 19.9680 19.9390 19.9100 18.8530 15.9490 13.0450 11.8830 9.02000 7.85800 4.99500 7.89900 9.10100 10.9540 12.1150 13.2770 16.1810
8.20100 11.1050 13.3580 16.2620 19.1660 21.6990 24.6030 27.5070 30.4110 33.3150 36.2190 39.1230 42.0270 44.9310 47.8350 46.8300 43.9260 41.0220 38.1180 35.2140 32.3100 29.4060 26.5020 23.5980 20.6940 17.7900 14.8860 11.9820 9.07800 6.17400 9.03700 10.1990 13.0620 14.2240 17.1280 19.9500 21.1120 22.2740 25.1780 26.1130 25.4560 24.2950 23.1330 23.1040 24.2660 24.1790 23.0170 22.9880 22.9590 22.9300 22.9010 22.8720 22.8430 20.5950 17.6910 14.7870 11.8830 8.97900 7.81800 4.95400 4.96600 7.87000 10.7740 13.1670 14.9610 16.1230 17.2850
8.13100 9.29300 12.1970 15.1010 18.0050 20.9090 23.8130 26.7170 29.6210 32.5250 35.4290 38.3330 41.2370 44.1410 47.0450 46.3480 43.4440 40.5400 37.6360 34.7320 31.8280 28.9240 26.0200 23.1160 20.2120 17.3080 14.4040 12.0110 9.10700 6.20300 9.10700 12.0110 14.2640 17.1280 18.2890 21.1930 24.0160 25.1780 26.3390 29.0170 28.3600 27.1990 26.0370 26.0080 27.1700 27.0830 25.9210 25.8920 25.8630 25.8340 25.8050 25.0730 22.3380 19.4340 16.5300 13.6260 10.7220 7.81800 4.91400 4.92500 4.93700 7.84100 10.7450 10.8960 12.0570 13.2190 15.0080
5.22700 8.13100 11.0350 13.9390 16.8430 19.7470 22.6510 25.5550 28.4590 31.3630 34.2670 37.1710 40.0750 42.9790 45.8830 45.1860 42.2820 39.3780 36.4740 33.5700 30.6660 27.7620 24.8580 21.9540 19.0500 16.1460 13.2420 10.3380 9.13600 6.23200 9.13600 12.0400 14.9440 17.8480 20.7520 22.3550 25.2590 28.0820 29.2430 30.4050 31.2640 30.1030 28.9410 28.9120 30.0740 29.9870 28.8250 28.7960 28.7670 28.7380 26.8160 23.9120 21.0080 18.7540 15.8500 12.9460 10.6930 7.78900 4.88500 4.89600 7.80000 9.00200 7.98000 7.99200 9.15300 10.9420 12.1040
5.19800 8.10200 11.0060 13.9100 16.8140 19.7180 22.6220 25.5260 28.4300 31.3340 34.2380 37.1420 40.0460 42.9500 45.8540 44.0250 41.1210 38.2170 35.3130 32.4090 29.5050 26.6010 23.6970 20.7930 17.8890 14.9850 12.0810 9.17700 6.27300 6.26100 9.16500 12.0690 14.9730 17.8770 20.7810 23.6850 26.4210 29.3250 32.1470 33.3090 34.1680 33.0070 31.8450 31.8160 32.9780 32.8910 31.7290 31.7000 31.4620 28.5580 25.6540 22.7500 19.8460 16.9420 14.6880 11.7840 8.88000 7.71900 4.85500 7.75900 4.93700 7.84100 5.07600 5.08800 7.99200 8.03800 9.20000
5.16900 8.07300 10.9770 13.8810 16.7850 19.6890 22.5930 25.4970 28.4010 31.3050 34.2090 37.1130 40.0170 42.9210 45.8250 44.0540 41.1500 38.2460 35.3420 32.4380 29.5340 26.6300 23.7260 20.8220 17.9180 15.0140 12.1100 9.20600 6.30200 9.16500 10.3270 13.2310 16.1350 19.0390 21.9430 24.8470 27.7510 30.4860 33.3900 36.2130 37.0720 35.9110 34.7490 34.7200 35.8820 35.7950 34.6330 33.2040 30.3000 27.3960 24.4920 21.5880 18.6840 15.7800 12.8760 10.6230 7.71900 4.81500 4.82600 7.73000 4.96600 7.87000 5.04700 5.07600 5.10500 5.13400 8.03800
5.14000 8.04400 10.9480 13.8520 16.7560 19.6600 22.5640 25.4680 28.3720 31.2760 34.1800 37.0840 39.9880 42.8920 45.7960 44.0830 41.1790 38.2750 35.3710 32.4670 29.5630 26.6590 23.7550 20.8510 17.9470 15.0430 12.1390 9.23500 6.33100 9.23500 12.1390 14.3920 17.2960 20.2000 23.1040 26.0080 28.9120 31.8160 34.5520 37.4560 39.9760 38.8150 37.6530 37.6240 38.7860 37.8510 34.9470 32.0430 29.1390 26.2350 23.3310 20.4270 17.5230 14.6190 11.7150 8.81100 7.64900 4.78600 7.69000 7.89900 4.99500 5.00600 7.91000 7.98000 8.00900 5.14600 5.17500
