AppendixA/HikerMovements/data/ascii_files_abm_Orsi/roadist_parking_1000.asc
ncols 271
nrows 294
xllcorner 698225
yllcorner 5141858
cellsize 30.00
nodata_value  557.990
[rows 116 to 144 of 294, columns 67 to 133 of 271]
142.273 145.177 148.081 150.985 153.889 156.793 159.697 162.601 165.505 168.409 171.313 174.217 177.121 180.025 182.929 185.833 188.737 191.641 194.545 197.449 200.353 203.257 206.161 209.065 211.969 214.873 217.777 220.681 223.585 226.489 229.393 232.297 235.201 238.105 241.009 243.913 246.817 249.721 252.625 255.529 258.433 261.337 264.241 267.145 270.049 272.953 275.386 278.290 276.141 273.237 270.333 267.429 264.525 261.621 258.717 255.813 252.909 250.005 247.101 244.197 241.293 238.389 235.485 232.581 229.677 226.773 223.869
145.136 146.338 149.242 152.146 155.050 157.954 160.858 163.762 166.666 169.570 172.474 175.378 178.282 181.186 184.090 186.994 189.898 192.802 195.706 198.610 201.514 204.418 207.322 210.226 213.130 216.034 218.938 221.842 224.746 227.650 230.554 233.458 236.362 239.266 242.170 245.074 247.978 250.882 253.786 256.690 259.234 262.098 263.259 266.163 269.067 271.321 274.225 277.129 274.980 272.076 269.172 266.268 263.364 260.460 257.556 254.652 251.748 248.844 245.940 243.036 240.132 237.228 234.324 231.420 228.516 225.612 222.708
144.590 147.494 150.398 153.302 156.206 159.110 162.014 164.918 167.822 170.726 173.630 176.534 179.438 182.342 185.246 188.150 191.054 193.958 196.862 199.766 202.670 205.574 208.478 211.382 214.286 217.190 220.094 222.998 225.902 228.806 231.710 234.614 237.518 240.422 243.326 246.230 249.134 251.144 254.007 255.169 258.032 259.194 262.098 265.002 267.255 270.159 273.063 275.967 273.818 270.914 268.010 265.106 262.202 259.298 256.394 253.490 250.586 247.682 244.778 241.874 238.970 236.066 233.162 230.258 227.354 224.450 221.546
143.429 146.333 149.237 152.141 155.045 157.949 160.853 163.757 166.661 169.565 172.469 175.373 178.277 181.181 184.085 186.989 189.893 192.797 195.701 198.605 201.509 204.413 207.317 210.221 213.125 216.029 218.933 221.837 224.741 227.645 230.549 233.453 236.357 239.261 242.165 245.069 247.078 249.941 251.103 253.966 255.128 258.032 260.936 263.190 266.094 268.998 271.902 274.806 272.657 269.753 266.849 263.945 261.041 258.137 255.233 252.329 249.425 246.521 243.617 240.713 237.809 234.905 232.001 229.097 226.193 223.289 220.385
142.267 145.171 148.075 150.979 153.883 156.787 159.691 162.595 165.499 168.403 171.307 174.211 177.115 180.019 182.923 185.827 188.731 191.635 194.539 197.443 200.347 203.251 206.155 209.059 211.963 214.867 217.771 220.675 223.579 226.483 229.387 232.291 235.195 238.099 241.003 243.013 245.876 247.037 249.901 251.062 253.966 256.870 259.124 262.028 264.932 267.836 270.740 273.644 273.818 270.914 268.010 265.106 262.202 259.298 256.394 253.490 250.586 247.682 244.778 241.874 238.970 236.066 233.162 230.258 227.354 224.450 221.546
141.105 144.009 146.913 149.817 152.721 155.625 158.529 161.433 164.337 167.241 170.145 173.049 175.953 178.857 181.761 184.665 187.569 190.473 193.377 196.281 199.185 202.089 204.993 207.897 210.801 213.705 216.609 219.513 222.417 225.321 228.225 231.129 234.033 236.937 238.947 241.810 242.972 245.835 246.997 249.901 252.805 255.058 257.962 260.866 263.770 266.674 269.578 272.482 274.980 272.076 269.172 266.268 263.364 260.460 257.556 254.652 251.748 248.844 245.940 243.036 240.132 237.228 234.324 231.420 228.516 225.612 222.708
139.944 142.848 145.752 148.656 151.560 154.464 157.368 160.272 163.176 166.080 168.984 171.888 174.792 177.696 180.600 183.504 186.408 189.312 192.216 195.120 198.024 200.928 203.832 206.736 209.640 212.544 215.448 218.352 221.256 224.160 227.064 229.968 232.872 234.881 237.745 238.906 241.770 242.931 245.835 248.739 250.993 253.897 256.801 259.705 262.609 265.513 268.417 271.321 274.225 273.237 270.333 267.429 264.525 261.621 258.717 255.813 252.909 250.005 247.101 244.197 241.293 238.389 235.485 232.581 229.677 226.773 223.869
138.782 141.686 144.590 147.494 150.398 153.302 156.206 159.110 162.014 164.918 167.822 170.726 173.630 176.534 179.438 182.342 185.246 188.150 191.054 193.958 196.862 199.766 202.670 205.574 208.478 211.382 214.286 217.190 220.094 222.998 225.902 228.806 230.816 233.679 234.841 237.704 238.866 241.770 244.674 246.927 249.831 252.735 255.639 258.543 261.447 264.351 267.255 270.159 273.063 274.399 271.495 268.591 265.687 262.783 259.879 256.975 254.071 251.167 248.263 245.359 242.455 239.551 236.647 233.743 230.839 227.935 225.031
137.621 140.525 143.429 146.333 149.237 152.141 155.045 157.949 160.853 163.757 166.661 169.565 172.469 175.373 178.277 181.181 184.085 186.989 189.893 192.797 195.701 198.605 201.509 204.413 207.317 210.221 213.125 216.029 218.933 221.837 224.741 226.750 229.613 230.775 233.638 234.800 237.704 240.608 242.862 245.766 248.670 251.574 254.478 257.382 260.286 263.190 266.094 268.998 271.902 274.806 272.657 269.753 266.849 263.945 261.041 258.137 255.233 252.329 249.425 246.521 243.617 240.713 237.809 234.905 232.001 229.097 226.193
137.592 140.496 143.400 146.304 149.208 152.112 155.016 157.920 160.824 163.728 166.632 169.536 172.440 175.344 178.248 181.152 184.056 186.960 189.864 192.768 195.672 198.576 201.480 204.384 207.288 210.192 213.096 216.000 218.660 221.523 222.685 225.548 226.709 229.573 230.734 233.638 236.542 238.796 241.700 244.604 247.508 250.412 253.316 256.220 259.124 262.028 264.932 267.836 270.740 273.644 273.818 270.914 268.010 265.106 262.202 259.298 256.394 253.490 250.586 247.682 244.778 241.874 238.970 236.066 233.162 230.258 227.354
138.753 141.657 144.561 147.465 150.369 153.273 156.177 159.081 161.985 164.889 167.793 170.697 173.601 176.505 179.409 182.313 185.217 188.121 191.025 193.929 196.833 199.737 202.641 205.545 208.449 211.353 213.432 214.594 217.457 218.619 221.482 222.644 225.507 226.669 229.573 232.477 234.730 237.634 240.538 243.442 246.346 249.250 252.154 255.058 257.962 260.866 263.770 266.674 269.578 272.482 274.980 272.076 269.172 266.268 263.364 260.460 257.556 254.652 251.748 248.844 245.940 243.036 240.132 237.228 234.324 231.420 228.516
139.915 142.819 145.723 148.627 151.531 154.435 157.339 160.243 163.147 166.051 168.955 171.859 174.763 177.667 180.571 183.475 186.379 189.283 192.187 194.434 197.338 200.242 202.496 205.400 208.205 209.367 210.528 213.392 214.553 217.417 218.578 221.442 222.603 225.507 228.411 230.665 233.569 236.473 239.377 242.281 245.185 248.089 250.993 253.897 256.801 259.705 262.609 265.513 268.417 271.321 274.225 273.237 270.333 267.429 264.525 261.621 258.717 255.813 252.909 250.005 247.101 244.197 241.293 238.389 235.485 232.581 229.677
141.076 143.980 146.884 149.788 152.692 155.596 158.500 161.404 164.308 167.212 170.116 173.020 175.924 178.828 181.732 184.636 186.344 189.207 190.369 193.273 196.177 198.430 201.334 204.140 205.301 206.463 209.326 210.488 213.351 214.513 217.376 218.538 221.442 224.346 226.599 229.503 232.407 235.311 238.215 241.119 244.023 246.927 249.831 252.735 255.639 258.543 261.447 264.351 267.255 270.159 273.063 274.399 271.495 268.591 265.687 262.783 259.879 256.975 254.071 251.167 248.263 245.359 242.455 239.551 236.647 233.743 230.839
142.238 145.142 148.046 150.950 153.854 156.758 159.662 162.566 165.470 168.374 171.278 174.182 177.086 179.955 181.117 182.278 185.142 186.303 189.207 192.111 194.365 197.269 200.074 201.236 202.397 205.261 206.422 209.285 210.447 213.310 214.472 217.376 220.280 222.534 225.438 228.342 231.246 234.150 237.054 239.958 242.862 245.766 248.670 251.574 254.478 257.382 260.286 263.190 266.094 268.998 271.902 274.806 272.657 269.753 266.849 263.945 261.041 258.137 255.233 252.329 249.425 246.521 243.617 240.713 237.809 234.905 232.001
143.400 146.304 149.208 152.112 155.016 157.920 160.824 163.728 166.632 169.536 172.440 174.728 175.889 177.051 178.213 181.076 182.238 185.142 188.046 190.299 193.203 196.008 197.170 198.332 201.195 202.357 205.220 206.381 209.245 210.406 213.310 216.214 218.468 221.372 224.276 227.180 230.084 232.988 235.892 238.796 241.700 244.604 247.508 250.412 253.316 256.220 259.124 262.028 264.932 267.836 270.740 273.644 273.818 270.914 268.010 265.106 262.202 259.298 256.394 253.490 250.586 247.682 244.778 241.874 238.970 236.066 233.162
144.561 147.465 150.369 153.273 156.177 159.081 161.985 164.889 167.793 169.501 170.662 171.824 172.985 174.147 177.010 178.172 181.076 183.980 186.234 189.138 191.943 193.104 194.266 197.129 198.291 201.154 202.316 205.179 206.341 209.245 212.149 214.402 217.306 220.210 223.114 226.018 228.922 231.826 234.730 237.634 240.538 243.442 246.346 249.250 252.154 255.058 257.962 260.866 263.770 266.674 269.578 272.482 274.980 272.076 269.172 266.268 263.364 260.460 257.556 254.652 251.748 248.844 245.940 243.036 240.132 237.228 234.324
145.723 148.627 151.531 154.435 157.339 160.243 163.112 164.273 165.435 166.597 167.758 168.920 170.081 172.945 174.106 177.010 179.914 182.168 185.072 187.877 189.039 190.200 193.064 194.225 197.089 198.250 201.114 202.275 205.179 208.083 210.337 213.241 216.145 219.049 221.953 224.857 227.761 230.665 233.569 236.473 239.377 242.281 245.185 248.089 250.993 253.897 256.801 259.705 262.609 265.513 268.417 271.321 274.225 273.237 270.333 267.429 264.525 261.621 258.717 255.813 252.909 250.005 247.101 244.197 241.293 238.389 235.485
146.327 149.231 152.135 155.039 157.885 159.046 160.208 161.369 162.531 163.693 164.854 166.016 168.879 170.041 172.945 175.849 178.102 181.006 183.812 184.973 186.135 188.998 190.160 193.023 194.185 197.048 198.210 201.114 204.018 206.271 209.175 212.079 214.983 217.887 220.791 223.695 226.599 229.503 232.407 235.311 238.215 241.119 244.023 246.927 249.831 252.735 255.639 258.543 261.447 264.351 267.255 270.159 273.063 274.399 271.495 268.591 265.687 262.783 259.879 256.975 254.071 251.167 248.263 245.359 242.455 239.551 236.647
145.165 148.069 150.973 153.819 154.981 156.142 157.304 158.465 159.627 160.789 161.950 164.814 165.975 168.879 171.783 174.037 176.941 179.746 180.908 182.069 184.933 186.094 188.957 190.119 192.982 194.144 197.048 199.952 202.206 205.110 208.014 210.918 213.822 216.726 219.630 222.534 225.438 228.342 231.246 234.150 237.054 239.958 242.862 245.766 248.670 251.574 254.478 257.382 260.286 263.190 266.094 268.998 271.902 274.806 272.657 269.753 266.849 263.945 261.041 258.137 255.233 252.329 249.425 246.521 243.617 240.713 237.809
144.004 146.908 149.753 150.915 152.077 153.238 154.400 155.561 156.723 157.885 160.748 161.910 164.814 167.718 169.971 172.875 175.680 176.842 178.004 180.867 182.029 184.892 186.053 188.917 190.078 192.982 195.886 198.140 201.044 203.948 206.852 209.756 212.660 215.564 218.468 221.372 224.276 227.180 230.084 232.988 235.892 238.796 241.700 244.604 247.508 250.412 253.316 256.220 259.124 262.028 264.932 267.836 270.740 273.644 273.818 270.914 268.010 265.106 262.202 259.298 256.394 253.490 250.586 247.682 244.778 241.874 238.970
142.842 145.688 146.849 148.011 149.173 150.334 151.496 152.657 153.819 156.682 157.844 160.748 163.652 165.906 168.810 171.615 172.776 173.938 176.801 177.963 180.826 181.988 184.851 186.013 188.917 191.821 194.074 196.978 199.882 202.786 205.690 208.594 211.498 214.402 217.306 220.210 223.114 226.018 228.922 231.826 234.730 237.634 240.538 243.442 246.346 249.250 252.154 255.058 257.962 260.866 263.770 266.674 269.578 272.482 274.980 272.076 269.172 266.268 263.364 260.460 257.556 254.652 251.748 248.844 245.940 243.036 240.132
141.622 142.784 143.945 145.107 146.269 147.430 148.592 149.753 152.617 153.778 156.682 159.586 161.840 164.744 167.549 168.711 169.872 172.736 173.897 176.761 177.922 180.786 181.947 184.851 187.755 190.009 192.913 195.817 198.721 201.625 204.529 207.433 210.337 213.241 216.145 219.049 221.953 224.857 227.761 230.665 233.569 236.473 239.377 242.281 245.185 248.089 250.993 253.897 256.801 259.705 262.609 265.513 268.417 271.321 274.225 273.237 270.333 267.429 264.525 261.621 258.717 255.813 252.909 250.005 247.101 244.197 241.293
138.718 139.880 141.041 142.203 143.365 144.526 145.688 148.551 149.713 152.617 155.521 157.774 160.678 163.484 164.645 165.807 168.670 169.832 172.695 173.857 176.720 177.882 180.786 183.690 185.943 188.847 191.751 194.655 197.559 200.463 203.367 206.271 209.175 212.079 214.983 217.887 220.791 223.695 226.599 229.503 232.407 235.311 238.215 241.119 244.023 246.927 249.831 252.735 255.639 258.543 261.447 264.351 267.255 270.159 273.063 274.399 271.495 268.591 265.687 262.783 259.879 256.975 254.071 251.167 248.263 245.359 244.197
135.814 136.976 138.137 139.299 140.461 141.622 144.486 145.647 148.551 151.455 153.709 156.613 159.418 160.580 161.741 164.605 165.766 168.629 169.791 172.654 173.816 176.720 179.624 181.878 184.782 187.686 190.590 193.494 196.398 199.302 202.206 205.110 208.014 210.918 213.822 216.726 219.630 222.534 225.438 228.342 231.246 234.150 237.054 239.958 242.862 245.766 248.670 251.574 254.478 257.382 260.286 263.190 266.094 268.998 271.902 274.806 272.657 269.753 266.849 263.945 261.041 258.137 255.233 252.329 249.425 248.263 247.101
132.910 134.072 135.233 136.395 137.557 140.420 141.582 144.486 147.390 149.643 152.547 155.352 156.514 157.676 160.539 161.701 164.564 165.725 168.589 169.750 172.654 175.558 177.812 180.716 183.620 186.524 189.428 192.332 195.236 198.140 201.044 203.948 206.852 209.756 212.660 215.564 218.468 221.372 224.276 227.180 230.084 232.988 235.892 238.796 241.700 244.604 247.508 250.412 253.316 256.220 259.124 262.028 264.932 267.836 270.740 273.644 273.818 270.914 268.010 265.106 262.202 259.298 256.394 253.490 252.329 251.167 250.005
130.006 131.168 132.329 133.491 136.354 137.516 140.420 143.324 145.578 148.482 151.287 152.448 153.610 156.473 157.635 160.498 161.660 164.523 165.685 168.589 171.493 173.746 176.650 179.554 182.458 185.362 188.266 191.170 194.074 196.978 199.882 202.786 205.690 208.594 211.498 214.402 217.306 220.210 223.114 226.018 228.922 231.826 234.730 237.634 240.538 243.442 246.346 249.250 252.154 255.058 257.962 260.866 263.770 266.674 269.578 272.482 274.980 272.076 269.172 266.268 263.364 260.460 257.556 256.394 255.233 254.071 252.909
127.102 128.264 129.425 132.289 133.450 136.354 139.258 141.512 144.416 147.221 148.383 149.544 152.408 153.569 156.433 157.594 160.458 161.619 164.523 167.427 169.681 172.585 175.489 178.393 181.297 184.201 187.105 190.009 192.913 195.817 198.721 201.625 204.529 207.433 210.337 213.241 216.145 219.049 221.953 224.857 227.761 230.665 233.569 236.473 239.377 242.281 245.185 248.089 250.993 253.897 256.801 259.705 262.609 265.513 268.417 271.321 274.225 273.237 270.333 267.429 264.525 261.621 260.460 259.298 258.137 256.975 255.813
124.198 125.360 128.223 129.385 132.289 135.193 137.446 140.350 143.156 144.317 145.479 148.342 149.504 152.367 153.529 156.392 157.554 160.458 163.362 165.615 168.519 171.423 174.327 177.231 180.135 183.039 185.943 188.847 191.751 194.655 197.559 200.463 203.367 206.271 209.175 212.079 214.983 217.887 220.791 223.695 226.599 229.503 232.407 235.311 238.215 241.119 244.023 246.927 249.831 252.735 255.639 258.543 261.447 264.351 267.255 270.159 273.063 274.399 271.495 268.591 265.687 264.525 263.364 262.202 261.041 259.879 258.717
121.294 124.158 125.319 128.223 131.127 133.381 136.285 139.090 140.252 141.413 144.277 145.438 148.301 149.463 152.326 153.488 156.392 159.296 161.550 164.454 167.358 170.262 173.166 176.070 178.974 181.878 184.782 187.686 190.590 193.494 196.398 199.302 202.206 205.110 208.014 210.918 213.822 216.726 219.630 222.534 225.438 228.342 231.246 234.150 237.054 239.958 242.862 245.766 248.670 251.574 254.478 257.382 260.286 263.190 266.094 268.998 271.902 274.806 272.657 269.753 268.591 267.429 266.268 265.106 263.945 262.783 261.621
