AppendixA/HikerMovements/data/ascii_files_abm_Orsi/roadist_parking_1000.asc
ncols 271
nrows 294
xllcorner 698225
yllcorner 5141858
cellsize 30.00
nodata_value  557.990
[rows 261 to 289 of 294, columns 0 to 66 of 271]
14.0960 12.8940 9.99000 8.78800 5.88400 8.74700 9.90800 12.7720 13.9330 16.8370 19.7410 22.6450 25.5490 28.4530 30.0560 32.9600 35.8640 38.1180 41.0220 41.6550 40.4930 39.3320 38.1700 37.0090 36.3290 35.1670 34.0060 33.9770 33.9480 33.9190 33.8900 33.2100 32.0490 30.8870 30.8580 30.8290 30.8000 30.1200 28.9590 27.7970 27.7680 27.7390 27.0590 25.8980 24.7360 24.7070 24.6780 23.4990 20.5950 19.3930 16.4890 15.2870 12.3830 11.1800 8.27600 7.07400 4.17000 7.07400 9.97800 12.8820 15.7860 18.6900 20.2930 23.1560 24.3180 27.1810 28.3430
16.9590 14.0550 12.8530 9.94900 8.74700 5.84300 8.70600 9.86800 12.7720 15.6760 18.5800 21.4840 24.3880 25.9910 28.8950 31.7990 34.0520 36.9560 39.8600 38.7510 37.5890 36.4280 35.2660 34.1050 33.4250 32.2630 31.1020 31.0730 31.0440 31.0150 30.9860 30.3060 29.1450 27.9830 27.9540 27.9250 27.8960 27.2160 26.0550 24.8930 24.8640 24.8350 24.1550 22.9940 21.8320 21.8030 21.7740 21.7450 21.7160 20.5550 19.3520 16.4480 15.2460 12.3420 9.94900 7.04500 4.14100 7.04500 9.94900 12.2030 15.0660 16.2280 19.0910 20.2520 23.1160 24.2770 26.9320
18.1210 16.9190 14.0150 11.6220 8.71800 5.81400 5.80200 8.70600 11.6100 14.5140 17.4180 20.3220 21.9250 24.8290 27.7330 29.9870 32.8910 35.7950 37.0090 35.8470 34.6850 33.5240 32.3620 31.2010 30.5210 29.3590 28.1980 28.1690 28.1400 28.1110 28.0820 27.4020 26.2410 25.0790 25.0500 25.0210 24.9920 24.3120 23.1510 21.9890 21.9600 21.9310 21.2510 20.0900 18.9280 18.8990 18.8700 18.8410 18.8120 18.7830 18.7540 18.6320 15.7280 12.8240 9.92000 7.01600 4.11200 6.97500 8.13700 11.0000 12.1620 15.0250 16.1870 19.0500 20.2120 23.0750 24.0280
20.9840 18.0800 15.6870 12.7830 9.87900 8.67700 5.77300 8.67700 11.5810 13.8350 16.6980 17.8600 20.7640 23.6680 25.9210 28.8250 31.7290 33.9830 34.1050 32.9430 31.7810 30.6200 29.4580 28.2970 27.6170 26.4550 25.2940 25.2650 25.2360 25.2070 25.1780 24.4980 23.3370 22.1750 22.1460 22.1170 22.0880 21.4080 20.2470 19.0850 19.0560 19.0270 18.3470 17.1860 16.0240 15.9950 15.9660 15.9370 15.9080 15.8790 15.8500 17.0120 16.8900 13.9860 11.0820 8.17800 6.97500 4.07100 6.93500 8.09600 10.9600 12.1210 14.9850 16.1460 19.0100 20.1710 21.1240
22.1460 19.7530 16.8490 13.9450 11.5520 8.64800 5.74400 8.60700 9.76900 12.6320 13.7940 16.6980 19.6020 21.8560 24.7600 27.6640 29.9170 32.3620 31.2010 30.0390 28.8770 27.7160 26.5540 25.3930 24.7130 23.5510 22.3900 22.3610 22.3320 22.3030 22.2740 21.5940 20.4330 19.2710 19.2420 19.2130 19.1840 18.5040 17.3430 16.1810 16.1520 16.1230 15.4430 14.2820 13.1200 13.0910 13.0620 13.0330 13.0040 12.9750 12.9460 14.1080 15.2690 15.1470 12.2430 9.85000 6.94600 4.04200 4.03100 6.89400 8.05600 10.9190 12.0810 14.9440 16.1060 18.9690 18.2200
23.8190 20.9150 18.0110 15.6180 12.7140 9.81000 8.60700 5.70300 8.56700 9.72800 12.6320 15.5360 17.7900 20.6940 23.5980 25.8510 28.7150 29.4580 28.2970 27.1350 25.9730 24.8120 23.6500 22.4890 21.8090 20.6470 19.4860 19.4570 19.4280 19.3990 19.3700 18.6900 17.5290 16.3670 16.3380 16.3090 16.2800 15.6000 14.4390 13.2770 13.2480 13.2190 12.5390 11.3780 10.2160 10.1870 10.1580 10.1290 10.1000 10.0710 10.0420 11.2040 12.3650 12.8470 12.8180 11.0120 8.10800 6.90600 4.00200 3.99000 6.85300 8.01500 10.8780 12.0400 14.9030 16.0650 15.3160
24.9800 22.0760 19.6830 16.7790 13.8750 11.4820 8.57800 5.67400 5.66300 8.56700 11.4710 13.7240 16.6280 19.5320 21.7860 24.6490 25.8110 27.2050 25.3930 24.2310 23.0690 21.9080 20.7460 19.5850 18.9050 17.7430 16.5820 16.5530 16.5240 16.4950 16.4660 15.7860 14.6250 13.4630 13.4340 13.4050 13.3760 12.6960 11.5350 10.3730 10.3440 10.3150 10.2860 8.47400 7.31200 7.28300 7.25400 7.22500 7.19600 7.16700 7.13800 8.30000 9.97200 9.94300 9.91400 9.88500 8.07300 6.91200 6.86500 3.96100 3.94900 6.81300 7.97400 10.8380 11.9990 13.5730 12.4120
26.1420 23.7490 20.8450 17.9410 15.5480 12.6440 9.74000 8.53800 5.63400 8.49700 9.65900 12.5630 15.4670 17.7200 20.5840 21.7450 23.4180 24.3010 23.1390 21.3270 20.1650 19.0040 17.8420 16.6810 16.0010 14.8390 13.6780 13.6490 13.6200 13.5910 13.5620 12.8820 11.7210 10.5590 10.5300 10.5010 10.4720 10.4430 8.63100 7.46900 7.44000 7.41100 7.38200 7.31200 4.40800 4.37900 4.35000 4.32100 4.29200 4.26300 4.23400 7.09700 7.06800 7.03900 7.01000 6.98100 6.91200 4.00800 3.97800 3.94900 3.92000 3.90900 6.77200 7.93400 10.8380 10.6690 9.50800
27.8150 24.9110 22.0070 19.6140 16.7100 13.8060 12.6030 9.69900 8.49700 5.59300 8.49700 11.4010 13.6550 16.5180 17.6800 19.3520 20.5140 21.3970 20.2350 19.0730 17.2610 16.1000 14.9380 13.7770 13.0970 11.9350 10.7740 10.7450 10.7160 10.6870 10.6580 10.6290 8.81700 7.65500 7.62600 7.59700 7.56800 7.53900 7.46900 4.56500 4.53600 4.50700 4.47800 4.44900 7.31200 7.28300 7.25400 7.22500 7.19600 7.16700 7.09700 4.19300 4.16400 4.13500 4.10600 4.07700 4.04800 6.91200 6.88200 6.85300 6.78400 3.88000 3.86800 6.77200 9.67600 7.76500 6.60400
28.9760 26.0720 23.6790 20.7750 17.8710 16.6690 13.7650 11.3720 8.46800 5.56400 8.42700 9.58900 12.4520 13.6140 15.2870 16.4480 17.6100 19.7940 17.3310 16.1690 15.0080 13.1960 12.0340 10.8730 10.8440 9.03100 7.87000 7.84100 7.81200 7.78300 7.75400 7.72500 7.65500 4.75100 4.72200 4.69300 4.66400 4.63500 4.60600 4.57700 7.44000 7.41100 7.38200 7.35300 8.51500 10.1870 10.1580 10.1290 10.1000 10.0710 8.25900 7.09700 7.06800 7.03900 7.01000 6.98100 6.95200 8.11400 9.78600 9.75700 7.94500 6.74300 3.83900 6.70200 7.78300 6.60400 3.70000
30.1380 27.7450 24.8410 21.9370 20.7350 17.8310 15.4380 12.5340 9.63000 8.42700 5.52300 8.38700 9.54800 11.2210 12.3830 13.5440 16.4080 16.8900 16.1690 13.2650 12.1040 10.9420 9.13000 7.96900 7.94000 7.87000 4.96600 4.93700 4.90800 4.87900 4.85000 4.82100 4.79200 7.65500 7.62600 7.59700 7.56800 7.53900 7.51000 7.48100 8.64200 10.3150 10.2860 10.2570 11.4190 12.5800 13.0620 13.0330 13.0040 12.3250 11.1630 10.0010 9.97200 9.94300 9.91400 9.88500 9.85600 11.0180 12.1790 12.0110 9.63500 6.73100 3.82700 3.79800 6.62100 3.71700 3.68800
31.8100 28.9060 26.0020 24.8000 21.8960 19.5030 16.5990 13.6950 11.3200 8.41600 5.51200 5.48300 8.34600 8.31700 9.47900 12.3420 13.5040 13.9860 13.9570 12.1040 9.20000 8.03800 7.96900 5.06500 5.03600 5.00600 7.87000 7.84100 7.81200 7.78300 7.75400 7.72500 7.69600 8.85700 10.5300 10.5010 10.4720 10.4430 10.4140 10.3850 11.5460 12.7080 13.1900 13.1610 14.3230 15.4840 15.9660 15.9370 15.9080 15.2290 14.0670 12.9050 12.8760 12.8470 12.8180 12.7890 12.7600 13.9220 15.0830 13.7010 10.7970 7.89300 6.69100 3.78700 3.75800 3.72900 6.59200
32.9720 30.0680 28.8660 25.9620 23.5690 20.6650 17.7610 15.3850 12.4810 9.57700 8.37500 5.47100 5.44200 5.41300 8.27600 9.43800 11.1110 11.0820 11.0530 10.9420 8.03800 5.13400 5.10500 5.07600 7.94000 7.91000 9.07200 10.7450 10.7160 10.6870 10.6580 10.6290 10.6000 11.7610 12.9230 13.4050 13.3760 13.3470 13.3180 13.2890 14.4500 15.6120 16.0940 16.0650 17.2270 18.3880 18.8700 18.8410 18.8120 18.1330 16.9710 15.8090 15.7800 15.7510 15.7220 15.6930 15.6640 16.8260 17.7670 14.8630 11.9590 9.60600 6.70200 3.79800 3.76900 6.63300 7.79400
34.1340 32.9310 30.0270 27.6340 24.7300 21.8260 19.4510 16.5470 13.6430 12.4410 9.53700 8.37500 8.30500 5.40100 5.37200 8.23600 8.20700 8.17800 8.14900 8.12000 8.05000 5.14600 8.00900 7.98000 9.14200 10.8140 11.9760 13.1380 13.6200 13.5910 13.5620 13.5330 13.5040 14.6650 15.8270 16.3090 16.2800 16.2510 16.2220 16.1930 17.3540 18.5160 18.9980 18.9690 20.1310 21.2920 21.7740 21.7450 21.7160 21.0370 19.8750 18.7130 18.6840 18.6550 18.6260 18.5970 18.5680 19.7300 18.9280 16.0240 13.6720 10.7680 7.86400 6.70200 6.67300 7.83500 10.6980
36.9970 34.0930 31.7000 28.7960 25.8920 23.5170 20.6130 17.7090 16.5060 13.6020 12.4410 11.2790 9.46700 8.30500 8.23600 5.33200 5.30300 5.27400 5.24500 5.21600 5.18700 8.05000 9.21100 10.8840 12.0460 13.2070 14.8800 16.0420 16.5240 16.4950 16.4660 16.4370 16.4080 17.5690 18.7310 19.2130 19.1840 19.1550 19.1260 19.0970 20.2580 21.4200 21.9020 21.8730 23.0350 24.1960 24.6780 24.6490 24.6200 23.9410 22.7790 21.6170 21.5880 21.5590 21.5300 21.5010 21.4720 22.6340 20.0900 17.7380 14.8340 11.9300 10.7680 9.60600 9.57700 10.7390 11.9010
38.1590 35.7660 32.8620 29.9580 27.5820 24.6780 21.7740 20.5720 17.6680 16.5060 15.3450 13.5330 12.3710 11.2090 9.39700 8.23600 8.20700 8.17800 8.14900 8.12000 8.09100 9.25200 12.1150 13.2770 14.9500 16.1110 17.2730 18.9460 19.4280 19.3990 19.3700 19.3410 19.3120 20.4730 21.6350 22.1170 22.0880 22.0590 22.0300 22.0010 23.1620 24.3240 24.8060 24.7770 25.9390 27.1000 27.5820 27.5530 27.5240 26.8450 25.6830 24.5210 24.4920 24.4630 24.4340 24.4050 24.3760 24.1550 21.8030 18.8990 15.9950 14.8340 13.6720 12.5100 12.4810 13.6430 14.6010
39.8310 36.9270 34.0230 31.6480 28.7440 25.8400 24.6380 21.7340 20.5720 19.4100 17.5980 16.4370 15.2750 13.4630 12.3010 11.1400 11.1110 11.0820 11.0530 11.0240 10.9950 12.1560 13.3180 16.1810 17.3430 19.0150 20.1770 21.3390 22.3320 22.3030 22.2740 22.2450 22.2160 23.3770 24.5390 25.0210 24.9920 24.9630 24.9340 24.9050 26.0660 27.2280 27.7100 27.6810 28.8430 30.0040 30.4860 30.4570 30.4280 29.7490 28.5870 27.4250 27.3960 27.3670 27.3380 27.3090 27.2800 25.8690 22.9650 20.0610 18.8990 17.7380 16.5760 15.4140 15.3850 16.5470 15.7630
40.9930 38.0890 35.7130 32.8090 29.9050 28.7030 25.7990 24.6380 23.4760 21.6640 20.5020 19.3410 17.5290 16.3670 15.2050 14.0440 14.0150 13.9860 13.9570 13.9280 13.8990 15.0600 16.2220 17.3830 20.2470 21.4080 23.0810 24.2430 25.2360 25.2070 25.1780 25.1490 25.1200 26.2810 27.4430 27.9250 27.8960 27.8670 27.8380 27.8090 28.9700 30.1320 30.6140 30.5850 31.7470 32.9080 33.3900 33.3610 33.3320 32.6530 31.4910 30.3290 30.3000 30.2710 30.2420 30.2130 29.9340 27.0300 24.1260 22.9650 21.8030 20.6420 19.4800 18.3180 18.2890 19.4510 18.6670
42.1540 39.7790 36.8750 33.9710 32.7690 29.8650 28.7030 27.5420 25.7290 24.5680 23.4060 21.5940 20.4330 19.2710 18.1090 16.9480 16.9190 16.8900 16.8610 16.8320 16.8030 17.9640 19.1260 20.2870 21.4490 24.3120 25.4740 27.1470 28.1400 28.1110 28.0820 28.0530 28.0240 29.1850 30.3470 30.8290 30.8000 30.7710 30.7420 30.7130 31.8740 33.0360 33.5180 33.4890 34.6510 35.8120 36.2940 36.2650 36.2360 35.5570 34.3950 33.2330 33.2040 33.1750 33.1460 33.1170 31.0960 28.1920 27.0300 25.8690 24.7070 23.5460 22.3840 21.2220 21.1930 22.3550 21.5710
43.8450 40.9410 38.0370 36.8340 33.9300 32.7690 31.6070 29.7950 28.6330 27.4720 25.6600 24.4980 23.3370 22.1750 21.0130 19.8520 19.8230 19.7940 19.7650 19.7360 19.7070 20.8680 22.0300 23.1910 24.3530 25.5150 28.3780 29.5390 31.0440 31.0150 30.9860 30.9570 30.9280 32.0890 33.2510 33.7330 33.7040 33.6750 33.6460 33.6170 34.7780 35.9400 36.4220 36.3930 37.5550 38.7160 39.1980 39.1690 39.1400 38.4610 37.2990 36.1370 36.1080 36.0790 36.0500 35.1620 32.2580 31.0960 29.9340 28.7730 27.6110 26.4500 25.2880 24.1260 24.0970 25.2590 23.8240
45.0060 42.1020 40.9000 37.9960 36.8340 35.6730 33.8610 32.6990 31.5370 29.7250 28.5640 27.4020 26.2410 25.0790 23.9170 22.7560 22.7270 22.6980 22.6690 22.6400 22.6110 23.7720 24.9340 26.0950 27.2570 28.4190 29.5800 32.4430 33.6050 33.9190 33.8900 33.8610 33.8320 34.9930 36.1550 36.6370 36.6080 36.5790 36.5500 36.5210 37.6820 38.8440 39.3260 39.2970 40.4590 41.6200 42.1020 42.0730 42.0440 41.3650 40.2030 39.0410 39.0120 38.9830 38.9540 36.3230 35.1620 34.0000 32.8380 31.6770 30.5150 29.3540 28.1920 27.0300 27.0010 27.8900 25.5150
46.1680 44.9660 42.0620 40.9000 39.7380 37.9260 36.7650 35.6030 33.7910 32.6290 31.4680 30.3060 29.1450 27.9830 26.8210 25.6600 25.6310 25.6020 25.5730 25.5440 25.5150 26.6760 27.8380 28.9990 30.1610 31.3230 32.4840 33.6460 36.5090 36.8230 36.7940 36.7650 36.7360 37.8970 39.0590 39.5410 39.5120 39.4830 39.4540 39.4250 40.5860 41.7480 42.2300 42.2010 43.3630 44.5240 45.0060 44.9770 44.9480 44.2690 43.1070 41.9450 41.9160 41.8870 40.3890 39.2270 38.0660 36.9040 35.7420 34.5810 33.4190 32.2580 31.0960 29.9340 29.9050 29.5800 26.6760
49.0310 46.1270 44.9660 43.8040 41.9920 40.8300 39.6690 37.8570 36.6950 35.5330 34.3720 33.2100 32.0490 30.8870 29.7250 28.5640 28.5350 28.5060 28.4770 28.4480 28.4190 29.5800 30.7420 31.9030 33.0650 34.2270 35.3880 36.5500 37.7110 39.7270 39.6980 39.6690 39.6400 40.8010 41.9630 42.4450 42.4160 42.3870 42.3580 42.3290 43.4900 44.6520 45.1340 45.1050 46.2670 47.4280 47.9100 47.8810 47.8520 47.1730 46.0110 44.8490 44.8200 44.4540 43.2930 42.1310 40.9700 39.8080 38.6460 37.4850 36.3230 35.1620 34.0000 32.8380 32.8090 30.7420 27.8380
50.1930 49.0310 47.8700 46.0570 44.8960 43.7340 41.9220 40.7610 39.5990 38.4370 37.2760 36.1140 34.9530 33.7910 32.6290 31.4680 31.4390 31.4100 31.3810 31.3520 31.3230 32.4840 33.6460 34.8070 35.9690 37.1310 38.2920 39.4540 40.6150 41.7770 42.6020 42.5730 42.5440 43.7050 44.8670 45.3490 45.3200 45.2910 45.2620 45.2330 46.3940 47.5560 48.0380 48.0090 49.1710 50.3320 50.8140 50.7850 50.7560 50.0770 48.9150 47.7530 47.7240 47.3580 46.1970 45.0350 43.8740 42.7120 41.5500 40.3890 39.2270 38.0660 36.9040 35.7420 34.8070 31.9030 30.7420
53.0970 51.9350 50.1230 48.9610 47.8000 45.9880 44.8260 43.6650 42.5030 41.3410 40.1800 39.0180 37.8570 36.6950 35.5330 34.3720 34.3430 34.3140 34.2850 34.2560 34.2270 35.3880 36.5500 37.7110 38.8730 40.0350 41.1960 42.3580 43.5190 44.6810 45.5060 45.4770 45.4480 46.6090 47.7710 48.2530 48.2240 48.1950 48.1660 48.1370 49.2980 50.4600 50.9420 50.9130 52.0750 53.2360 53.7180 53.6890 53.6600 52.9810 51.8190 50.6570 50.6280 50.2620 49.1010 47.9390 46.7780 45.6160 44.4540 43.2930 42.1310 40.9700 39.8080 38.6460 35.9690 34.8070 33.6460
56.0010 54.1890 53.0270 51.8650 50.0530 48.8920 47.7300 46.5690 45.4070 44.2450 43.0840 41.9220 40.7610 39.5990 38.4370 37.2760 37.2470 37.2180 37.1890 37.1600 37.1310 38.2920 39.4540 40.6150 41.7770 42.9390 44.1000 45.2620 46.4230 47.5850 48.4100 48.3810 48.3520 49.5130 50.6750 51.1570 51.1280 51.0990 51.0700 51.0410 52.2020 53.3640 53.8460 53.8170 54.9790 56.1400 56.6220 56.5930 56.5640 55.8850 54.7230 53.5610 53.5320 53.1660 52.0050 50.8430 49.6820 48.5200 47.3580 46.1970 45.0350 43.8740 42.7120 40.0350 38.8730 37.7110 35.8990
58.2540 57.0930 55.9310 54.1190 52.9570 51.7960 50.6340 49.4730 48.3110 47.1490 45.9880 44.8260 43.6650 42.5030 41.3410 40.1800 40.1510 40.1220 40.0930 40.0640 40.0350 41.1960 42.3580 43.5190 44.6810 45.8430 47.0040 48.1660 49.3270 50.4890 51.3140 51.2850 51.2560 52.4170 53.5790 54.0610 54.0320 54.0030 53.9740 53.9450 55.1060 56.2680 56.7500 56.7210 57.8830 59.0440 59.5260 59.4970 59.4680 58.7890 57.6270 56.4650 56.4360 56.0700 54.9090 53.7470 52.5860 51.4240 50.2620 49.1010 47.9390 46.7780 44.1000 42.9390 41.7770 39.9650 38.7630
61.1580 59.9970 58.1850 57.0230 55.8610 54.7000 53.5380 52.3770 51.2150 50.0530 48.8920 47.7300 46.5690 45.4070 44.2450 43.0840 43.0550 43.0260 42.9970 42.9680 42.9390 44.1000 45.2620 46.4230 47.5850 48.7470 49.9080 51.0700 52.2310 53.3930 54.2180 54.1890 54.1600 55.3210 56.4830 56.9650 56.9360 56.9070 56.8780 56.8490 58.0100 59.1720 59.6540 59.6250 60.7870 61.9480 62.4300 62.4010 62.3720 61.6930 60.5310 59.3690 59.3400 58.9740 57.8130 56.6510 55.4900 54.3280 53.1660 52.0050 50.8430 48.1660 47.0040 45.8430 44.0300 42.8280 39.9240
64.0620 62.2500 61.0890 59.9270 58.7650 57.6040 56.4420 55.2810 54.1190 52.9570 51.7960 50.6340 49.4730 48.3110 47.1490 45.9880 45.9590 45.9300 45.9010 45.8720 45.8430 47.0040 48.1660 49.3270 50.4890 51.6510 52.8120 53.9740 55.1350 56.2970 57.1220 57.0930 57.0640 58.2250 59.3870 59.8690 59.8400 59.8110 59.7820 59.7530 60.9140 62.0760 62.5580 62.5290 63.6910 64.8520 65.3340 65.3050 65.2760 64.5970 63.4350 62.2730 62.2440 61.8780 60.7170 59.5550 58.3940 57.2320 56.0700 54.9090 52.2310 51.0700 49.9080 48.0960 46.8940 43.9900 42.8280
