AppendixA/HikerMovements/data/ascii_files_abm_Orsi/roadist_parking_1000.asc
ncols 271
nrows 294
xllcorner 698225
yllcorner 5141858
cellsize 30.00
nodata_value  557.990
[rows 203 to 231 of 294, columns 0 to 66 of 271]
111.334 110.172 109.010 107.849 106.687 105.526 104.364 103.202 102.041 100.879 99.7180 98.5560 95.7510 92.8470 89.9430 87.0390 84.1350 81.2310 78.3270 75.4230 72.5190 69.6150 66.7110 63.8070 60.9030 57.9990 55.0950 52.1910 49.2870 46.3830 43.4790 40.5750 37.6710 34.7670 31.8630 28.9590 26.0550 23.1510 20.2470 17.3430 14.4390 12.1850 9.28100 6.37700 9.28100 10.4830 13.3870 16.2910 18.6840 21.5880 24.4920 26.4500 29.3130 30.4750 33.3380 34.5000 37.4040 40.3080 43.2120 46.1160 49.0200 51.9240 54.6590 57.5630 60.4670 62.7210 64.4110
114.238 113.076 111.914 110.753 109.591 108.430 107.268 106.106 104.945 103.301 100.397 97.4930 94.5890 91.6850 88.7810 85.8770 82.9730 80.0690 77.1650 74.2610 71.3570 68.4530 65.5490 62.6450 59.7410 56.8370 53.9330 51.0290 48.1250 45.2210 42.3170 39.4130 36.5090 33.6050 30.7010 27.7970 24.8930 21.9890 19.0850 16.1810 13.2770 10.3730 9.21100 6.34800 9.25200 12.1560 14.5490 17.4530 20.0610 21.2220 22.3840 25.2470 26.4090 29.2720 30.4340 33.3380 36.2420 39.1460 42.0500 44.9540 47.8580 50.5930 53.4970 56.4010 58.6550 60.3450 61.5070
117.142 115.980 114.818 113.657 112.495 111.334 110.172 107.947 105.043 102.139 99.2350 96.3310 93.4270 90.5230 87.6190 84.7150 81.8110 78.9070 76.0030 73.0990 70.1950 67.2910 64.3870 61.4830 58.5790 55.6750 52.7710 49.8670 46.9630 44.0590 41.1550 38.2510 35.3470 32.4430 29.5390 26.6350 23.7310 20.8270 17.9230 15.0190 12.1150 9.21100 6.30700 6.31900 9.22300 12.1270 14.8340 15.9950 17.1570 18.3180 21.1820 22.3430 25.2070 26.3680 29.2720 32.1760 35.0800 37.9840 40.8880 43.7920 46.5280 49.4320 52.3360 54.5890 56.2800 57.4410 58.6030
120.046 118.884 117.722 116.561 115.399 113.726 110.822 107.918 105.014 102.110 99.2060 96.3020 93.3980 90.4940 87.5900 84.6860 81.7820 78.8780 75.9740 73.0700 70.1660 67.2620 64.3580 61.4540 58.5500 55.6460 52.7420 49.8380 46.9340 44.0300 41.1260 38.2220 35.3180 32.4140 29.5100 26.6060 23.7020 20.7980 17.8940 14.9900 12.0860 9.18200 6.27800 9.18200 10.3850 11.9590 11.9300 13.0910 14.2530 17.1160 18.2780 21.1410 22.3030 25.2070 28.1110 31.0150 33.9190 36.8230 39.7270 42.4620 45.3660 48.2700 50.5240 52.2140 53.3760 54.5370 57.4410
122.950 121.788 120.626 119.465 116.601 113.697 110.793 107.889 104.985 102.081 99.1770 96.2730 93.3690 90.4650 87.5610 84.6570 81.7530 78.8490 75.9450 73.0410 70.1370 67.2330 64.3290 61.4250 58.5210 55.6170 52.7130 49.8090 46.9050 44.0010 41.0970 38.1930 35.2890 32.3850 29.4810 26.5770 23.6730 20.7690 17.8650 14.9610 12.0570 9.15300 6.24900 9.11300 9.08400 9.05500 9.02600 10.1870 13.0510 14.2120 17.0760 18.2370 21.1410 24.0450 26.9490 29.8530 32.7570 35.6610 38.3970 41.3010 44.2050 46.4580 48.1480 49.3100 50.4720 53.3760 56.2800
125.854 124.692 122.398 119.494 116.590 113.686 110.782 107.878 104.974 102.070 99.1660 96.2620 93.3580 90.4540 87.5500 84.6460 81.7420 78.8380 75.9340 73.0300 70.1260 67.2220 64.3180 61.4140 58.5100 55.6060 52.7020 49.7980 46.8940 43.9900 41.0860 38.1820 35.2780 32.3740 29.4700 26.5660 23.6620 20.7580 17.8540 14.9500 12.0460 9.14200 6.23800 6.20900 6.18000 6.15100 6.12200 8.98500 10.1470 13.0100 14.1720 17.0760 19.9800 22.8840 25.7880 28.6920 31.5960 34.3310 37.2350 40.1390 42.3930 44.0830 45.2440 46.4060 49.3100 52.2140 55.1180
128.758 126.463 123.559 120.655 117.751 114.847 111.943 109.039 106.135 103.231 100.327 97.4230 94.5190 91.6150 88.7110 85.8070 82.9030 79.9990 77.0950 74.1910 71.2870 68.3830 65.4790 62.5750 59.6710 56.7670 53.8630 50.9590 48.0550 45.1510 42.2470 39.3430 36.4390 33.5350 30.6310 27.7270 24.8230 21.9190 19.0150 16.1110 13.2070 10.3030 9.14200 9.11300 9.08400 9.01400 6.11000 6.08100 8.94400 10.1060 13.0100 15.9140 18.8180 21.7220 24.6260 27.5300 30.2650 33.1690 36.0730 38.3270 40.0170 41.1790 42.3400 45.2440 48.1480 51.0520 53.9560
130.529 127.625 124.721 121.817 118.913 116.009 113.105 110.201 107.297 104.393 101.489 98.5850 95.6810 92.7770 89.8730 86.9690 84.0650 81.1610 78.2570 75.3530 72.4490 69.5450 66.6410 63.7370 60.8330 57.9290 55.0250 52.1210 49.2170 46.3130 43.4090 40.5050 37.6010 34.6970 31.7930 28.8890 25.9850 23.0810 20.1770 17.2730 14.3690 13.2070 12.0460 12.0170 11.9880 10.1760 9.01400 8.94400 6.04000 8.94400 11.8480 14.7520 17.6560 20.5600 23.4640 26.2000 29.1040 32.0080 34.2610 35.9520 37.1130 38.2750 41.1790 44.0830 46.9870 49.8910 52.7950
131.691 128.787 125.883 122.979 120.075 117.171 114.267 111.363 108.459 105.555 102.651 99.7470 96.8430 93.9390 91.0350 88.1310 85.2270 82.3230 79.4190 76.5150 73.6110 70.7070 67.8030 64.8990 61.9950 59.0910 56.1870 53.2830 50.3790 47.4750 44.5710 41.6670 38.7630 35.8590 32.9550 30.0510 27.1470 24.2430 21.3390 18.4350 17.2730 16.1110 14.9500 14.9210 14.2410 13.0800 11.8190 8.91500 6.01100 8.91500 11.8190 14.0730 16.9770 19.8810 22.1340 25.0380 27.9420 30.1960 31.8860 33.0480 34.2090 37.1130 40.0170 42.9210 45.8250 48.7290 50.3320
132.852 129.948 127.044 124.140 121.236 118.332 115.428 112.524 109.620 106.716 103.812 100.908 98.0040 95.1000 92.1960 89.2920 86.3880 83.4840 80.5800 77.6760 74.7720 71.8680 68.9640 66.0600 63.1560 60.2520 57.3480 54.4440 51.5400 48.6360 45.7320 42.8280 39.9240 37.0200 34.1160 31.2120 28.3080 25.4040 22.5000 21.3390 20.1770 19.0150 17.8540 17.8250 17.1450 14.6940 11.7900 8.88600 5.98200 8.84600 10.0070 12.9110 15.8150 18.0690 20.9730 23.8770 26.1300 27.8200 28.9820 30.1440 33.0480 35.9520 38.8560 41.7600 44.6640 46.2670 49.1710
134.014 131.110 128.206 125.302 122.398 119.494 116.590 113.686 110.782 107.878 104.974 102.070 99.1660 96.2620 93.3580 90.4540 87.5500 84.6460 81.7420 78.8380 75.9340 73.0300 70.1260 67.2220 64.3180 61.4140 58.5100 55.6060 52.7020 49.7980 46.8940 43.9900 41.0860 38.1820 35.2780 32.3740 29.4700 26.5660 25.4040 24.2430 23.0810 21.9190 20.7580 20.4730 17.5690 14.6650 11.7610 8.85700 5.95300 5.94200 8.84600 11.7500 14.0030 16.9070 19.8110 22.0650 23.7550 24.9160 26.0780 28.9820 31.8860 34.7900 37.6940 40.5980 42.2010 45.1050 48.0090
133.811 132.271 129.367 126.463 123.559 120.655 117.751 114.847 111.943 109.039 106.135 103.231 100.327 97.4230 94.5190 91.6150 88.7110 85.8070 82.9030 79.9990 77.0950 74.1910 71.2870 68.3830 65.4790 62.5750 59.6710 56.7670 53.8630 50.9590 48.0550 45.1510 42.2470 39.3430 36.4390 33.5350 30.6310 29.4700 28.3080 27.1470 25.9850 24.8230 23.6620 21.6350 18.7310 15.8270 12.9230 10.0190 8.81700 5.91300 8.77600 9.93700 12.8410 15.7450 17.9990 19.6890 20.8510 22.0120 24.9160 27.8200 30.7240 33.6280 36.5320 38.1350 41.0390 43.9430 46.8470
130.907 130.877 130.529 127.625 124.721 121.817 118.913 116.009 113.105 110.201 107.297 104.393 101.489 98.5850 95.6810 92.7770 89.8730 86.9690 84.0650 81.1610 78.2570 75.3530 72.4490 69.5450 66.6410 63.7370 60.8330 57.9290 55.0250 52.1210 49.2170 46.3130 43.4090 40.5050 37.6010 34.6970 33.5350 32.3740 31.2120 30.0510 28.8890 27.7270 25.7000 22.7960 19.8920 16.9880 14.0840 11.6920 8.78800 5.88400 5.87200 8.77600 11.6800 13.9330 15.6240 16.7850 17.9470 20.8510 23.7550 26.6590 29.5630 32.4670 34.0700 36.9740 39.8780 42.7820 45.6860
128.003 127.973 129.135 128.787 125.883 122.979 120.075 117.171 114.267 111.363 108.459 105.555 102.651 99.7470 96.8430 93.9390 91.0350 88.1310 85.2270 82.3230 79.4190 76.5150 73.6110 70.7070 67.8030 64.8990 61.9950 59.0910 56.1870 53.2830 50.3790 47.4750 44.5710 41.6670 38.7630 37.6010 36.4390 35.2780 34.1160 32.9550 31.7930 29.7660 26.8620 23.9580 21.0540 18.1500 15.7570 12.8530 9.94900 8.74700 5.84300 8.70600 9.86800 11.5580 12.7200 13.8810 16.7850 19.6890 22.5930 25.4970 28.4010 30.0040 32.9080 35.8120 38.7160 41.6200 44.5240
125.099 125.069 126.231 127.393 127.044 124.140 121.236 118.332 115.428 112.524 109.620 106.716 103.812 100.908 98.0040 95.1000 92.1960 89.2920 86.3880 83.4840 80.5800 77.6760 74.7720 71.8680 68.9640 66.0600 63.1560 60.2520 57.3480 54.4440 51.5400 48.6360 45.7320 42.8280 41.6670 40.5050 39.3430 38.1820 37.0200 35.8590 33.8320 30.9280 28.0240 25.1200 22.2160 19.8230 16.9190 14.0150 11.6220 8.71800 5.81400 5.80200 8.66600 8.65400 9.81600 12.7200 15.6240 18.5280 21.4320 24.3360 25.9390 28.8430 31.7470 34.6510 37.5550 40.4590 43.3630
122.195 122.165 123.327 124.489 125.650 125.302 122.398 119.494 116.590 113.686 110.782 107.878 104.974 102.070 99.1660 96.2620 93.3580 90.4540 87.5500 84.6460 81.7420 78.8380 75.9340 73.0300 70.1260 67.2220 64.3180 61.4140 58.5100 55.6060 52.7020 49.7980 46.8940 45.7320 44.5710 43.4090 42.2470 41.0860 39.9240 37.8970 34.9930 32.0890 29.1850 26.2810 23.8880 20.9840 18.0800 15.6870 12.7830 9.87900 8.67700 5.77300 5.76200 5.75000 8.65400 11.5580 14.4620 17.3660 20.2700 21.8730 24.7770 27.6810 30.5850 33.4890 36.3930 39.2970 42.2010
119.291 119.261 120.423 121.585 122.746 123.908 123.559 120.655 117.751 114.847 111.943 109.039 106.135 103.231 100.327 97.4230 94.5190 91.6150 88.7110 85.8070 82.9030 79.9990 77.0950 74.1910 71.2870 68.3830 65.4790 62.5750 59.6710 56.7670 53.8630 50.9590 49.7980 48.6360 47.4750 46.3130 45.1510 43.9900 41.9630 39.0590 36.1550 33.2510 30.3470 27.9540 25.0500 22.1460 19.7530 16.8490 13.9450 12.7430 9.83900 8.63600 5.73200 5.72100 8.62500 11.5290 13.7820 16.6460 17.8070 20.7110 23.6150 26.5190 29.4230 32.3270 35.2310 38.1350 41.0390
116.387 116.357 117.519 118.681 119.842 121.004 122.165 121.817 118.913 116.009 113.105 110.201 107.297 104.393 101.489 98.5850 95.6810 92.7770 89.8730 86.9690 84.0650 81.1610 78.2570 75.3530 72.4490 69.5450 66.6410 63.7370 60.8330 57.9290 55.0250 53.8630 52.7020 51.5400 50.3790 49.2170 48.0550 46.0280 43.1240 40.2200 37.3160 34.4120 32.0200 29.1160 26.2120 23.8190 20.9150 18.0110 16.8080 13.9040 11.5290 8.62500 5.72100 5.69200 8.55500 9.71700 12.5800 13.7420 16.6460 19.5500 22.4540 25.3580 28.2620 31.1660 34.0700 36.9740 39.8780
113.483 113.453 114.615 115.777 116.938 118.100 119.261 120.423 120.075 117.171 114.267 111.363 108.459 105.555 102.651 99.7470 96.8430 93.9390 91.0350 88.1310 85.2270 82.3230 79.4190 76.5150 73.6110 70.7070 67.8030 64.8990 61.9950 59.0910 57.9290 56.7670 55.6060 54.4440 53.2830 52.1210 50.0940 47.1900 44.2860 41.3820 38.4780 36.0850 33.1810 30.2770 27.8840 24.9800 22.0760 20.8740 17.9700 15.5940 12.6900 9.78600 8.58400 5.68000 5.65100 8.51500 9.67600 12.5800 15.4840 18.3880 21.2920 24.1960 27.1000 30.0040 32.9080 35.8120 38.7160
110.579 110.549 111.711 112.873 114.034 115.196 116.357 117.519 118.681 118.332 115.428 112.524 109.620 106.716 103.812 100.908 98.0040 95.1000 92.1960 89.2920 86.3880 83.4840 80.5800 77.6760 74.7720 71.8680 68.9640 66.0600 63.1560 61.9950 60.8330 59.6710 58.5100 57.3480 56.1870 54.1600 51.2560 48.3520 45.4480 42.5440 40.1510 37.2470 34.3430 31.9500 29.0460 26.1420 24.9400 22.0360 19.6600 16.7560 13.8520 12.6500 9.74600 8.58400 8.51500 5.61100 8.51500 11.4190 14.3230 17.2270 20.1310 23.0350 25.9390 28.8430 31.7470 34.6510 37.5550
107.675 107.645 108.807 109.969 111.130 112.292 113.453 114.615 115.777 116.938 116.590 113.686 110.782 107.878 104.974 102.070 99.1660 96.2620 93.3580 90.4540 87.5500 84.6460 81.7420 78.8380 75.9340 73.0300 70.1260 67.2220 66.0600 64.8990 63.7370 62.5750 61.4140 60.2520 58.2250 55.3210 52.4170 49.5130 46.6090 44.2160 41.3120 38.4080 36.0150 33.1110 30.2070 29.0050 26.1010 23.7260 20.8220 17.9180 16.7150 13.8110 12.5100 9.60600 8.44500 5.58100 8.48500 11.3890 14.2930 17.1970 20.1010 23.0050 25.9090 28.8130 31.7170 34.6210 37.5250
104.771 104.741 105.903 107.065 108.226 109.388 110.549 111.711 112.873 114.034 115.196 114.847 111.943 109.039 106.135 103.231 100.327 97.4230 94.5190 91.6150 88.7110 85.8070 82.9030 79.9990 77.0950 74.1910 71.2870 70.1260 68.9640 67.8030 66.6410 65.4790 64.3180 62.2910 59.3870 56.4830 53.5790 50.6750 48.2820 45.3780 42.4740 40.0810 37.1770 34.2730 33.0710 30.1670 27.7910 24.8870 21.9830 20.0610 17.1570 14.2530 11.3490 8.44500 5.54100 5.55200 8.45600 11.3600 14.2640 17.1680 20.0720 22.9760 25.8800 28.7840 31.6880 34.5920 37.4960
101.867 101.837 102.999 104.161 105.322 106.484 107.645 108.807 109.969 111.130 112.292 113.453 113.105 110.201 107.297 104.393 101.489 98.5850 95.6810 92.7770 89.8730 86.9690 84.0650 81.1610 78.2570 75.3530 74.1910 73.0300 71.8680 70.7070 69.5450 68.3830 66.3560 63.4520 60.5480 57.6440 54.7400 52.3480 49.4440 46.5400 44.1470 41.2430 38.3390 37.1360 34.2320 31.6480 28.7440 25.8400 22.9360 20.0320 17.1280 14.2240 11.3200 8.41600 5.51200 8.41600 9.61800 12.5220 15.4260 18.3300 21.2340 24.1380 27.0420 29.9460 32.8500 35.7540 38.6580
98.9630 98.9330 100.095 101.257 102.418 103.580 104.741 105.903 107.065 108.226 109.388 110.549 111.711 111.363 108.459 105.555 102.651 99.7470 96.8430 93.9390 91.0350 88.1310 85.2270 82.3230 79.4190 78.2570 77.0950 75.9340 74.7720 73.6110 72.4490 70.4220 67.5180 64.6140 61.7100 58.8060 56.4130 53.5090 50.6050 48.2120 45.3080 42.4040 40.3310 37.4270 34.5230 31.6190 28.7150 25.8110 22.9070 20.0030 17.0990 14.1950 11.2910 8.38700 5.48300 8.38700 11.2910 13.6840 16.5880 19.4920 22.3960 25.3000 28.2040 31.1080 34.0120 36.9160 39.8200
96.0590 96.0290 97.1910 98.3530 99.5140 100.676 101.837 102.999 104.161 105.322 106.484 107.645 108.807 109.969 109.620 106.716 103.812 100.908 98.0040 95.1000 92.1960 89.2920 86.3880 83.4840 82.3230 81.1610 79.9990 78.8380 77.6760 76.5150 74.4880 71.5840 68.6800 65.7760 62.8720 60.2520 57.3480 54.4440 51.5400 48.6360 45.7320 43.2060 40.3020 37.3980 34.4940 31.5900 28.6860 25.7820 22.8780 19.9740 17.0700 14.1660 11.2620 8.35800 5.45400 8.35800 11.2620 14.1660 17.0700 19.9740 22.8780 25.7820 28.6860 31.5900 34.4940 37.3980 40.3020
93.1550 93.1250 94.2870 95.4490 96.6100 97.7720 98.9330 100.095 101.257 102.418 103.580 104.741 105.903 107.065 108.226 107.878 104.974 102.070 99.1660 96.2620 93.3580 90.4540 87.5500 86.3880 85.2270 84.0650 82.9030 80.8070 77.9030 76.5150 73.6110 70.7070 67.8030 64.8990 61.9950 59.0910 56.1870 53.2830 50.3790 47.4750 44.5710 41.6670 40.2730 37.3690 34.4650 31.5610 28.6570 25.7530 22.8490 19.9450 17.0410 14.1370 11.2330 8.32900 5.42500 8.32900 11.2330 14.1370 17.0410 19.9450 22.8490 25.7530 28.6570 31.5610 34.4650 37.3690 40.2730
90.2510 90.2210 91.3830 92.5450 93.7060 94.8680 96.0290 97.1910 98.3530 99.5140 100.676 101.837 102.999 104.161 105.322 106.484 106.135 103.231 100.327 97.4230 94.5190 91.6150 90.4540 89.2920 88.1310 85.4530 82.5490 79.6450 76.7410 73.8370 72.4490 69.5450 66.6410 63.7370 60.8330 57.9290 55.0250 52.1210 49.2170 46.3130 43.4090 40.5050 37.6010 36.4390 33.5760 30.8810 27.9770 25.0730 22.1690 19.2650 16.3610 13.4570 11.2040 8.30000 5.39600 8.30000 11.2040 14.1080 17.0120 19.9160 22.8200 25.7240 28.6280 31.5320 34.4360 37.3400 40.2440
87.3470 87.3170 88.4790 89.6410 90.8020 91.9640 93.1250 94.2870 95.4490 96.6100 97.7720 98.9330 100.095 101.257 102.418 103.580 104.741 104.393 101.489 98.5850 95.6810 94.5190 93.0040 90.1000 87.1960 84.2920 81.3880 78.4840 75.5800 72.6760 69.7720 68.3830 65.4790 62.5750 59.6710 56.7670 53.8630 50.9590 48.0550 45.1510 42.2470 39.3430 36.4390 33.5350 32.3740 29.5100 26.8160 23.9120 21.0080 18.1040 15.2000 12.2960 9.39200 8.23000 5.36700 8.27100 11.1750 14.0790 16.9830 19.8870 22.7910 25.6950 28.5990 31.5030 34.4070 37.3110 40.2150
84.4430 84.4130 85.5750 86.7370 87.8980 89.0600 90.2210 91.3830 92.5450 93.7060 94.8680 96.0290 97.1910 98.3530 99.5140 100.676 101.837 102.999 102.651 99.7470 97.6500 94.7460 91.8420 88.9380 86.0340 83.1300 80.2260 77.3220 74.4180 71.5140 68.6100 65.7060 64.3180 61.4140 58.5100 55.6060 52.7020 49.7980 46.8940 43.9900 41.0860 38.1820 35.2780 32.3740 29.4700 28.3080 25.4450 22.7500 19.8460 16.9420 14.0380 11.1340 8.23000 5.32600 8.23000 9.43200 12.3360 15.2400 18.1440 21.0480 23.9520 26.8560 29.7600 32.6640 35.5680 38.4720 41.3760
