AppendixA/HikerMovements/data/ascii_files_abm_Orsi/roadist_parking_1000.asc
ncols 271
nrows 294
xllcorner 698225
yllcorner 5141858
cellsize 30.00
nodata_value  557.990
[rows 174 to 202 of 294, columns 0 to 66 of 271]
71.9500 69.0460 66.1420 63.2380 60.3340 57.4300 54.5260 51.6220 48.7180 45.8140 42.9100 40.0060 37.1020 34.1980 31.2940 28.3900 25.4860 22.5820 19.6780 16.7740 13.8700 10.9660 8.06200 10.9250 12.0860 14.9900 16.6050 15.9260 14.7640 13.6020 13.5730 11.7610 10.5590 7.65500 7.62600 10.4890 10.4600 11.6220 13.1960 10.2920 7.38800 10.2510 11.4130 14.3170 17.1220 18.2840 19.4450 22.3090 23.4700 26.3330 27.4950 30.3580 31.5200 34.4240 37.3280 39.5820 42.4860 45.3900 48.2940 51.1980 54.1020 57.0060 59.9100 62.8140 65.7180 68.6220 71.5260
73.1110 70.2070 67.3030 64.3990 61.4950 58.5910 55.6870 52.7830 49.8790 46.9750 44.0710 41.1670 38.2630 35.3590 32.4550 29.5510 26.6470 23.7430 20.8390 17.9350 15.0310 12.1270 10.9250 8.02100 10.9250 13.7300 13.7010 13.6720 11.8600 10.6980 10.6690 10.6000 7.69600 7.66700 10.5300 11.6920 13.3640 14.5260 14.3570 11.4530 10.2510 7.34700 10.2510 13.0560 14.2180 15.3800 18.2430 19.4050 22.2680 23.4290 26.2930 27.4540 30.3580 33.2620 35.5160 38.4200 41.3240 44.2280 47.1320 50.0360 52.9400 55.8440 58.7480 61.6520 64.5560 67.4600 70.3640
74.2730 71.3690 68.4650 65.5610 62.6570 59.7530 56.8490 53.9450 51.0410 48.1370 45.2330 42.3290 39.4250 36.5210 33.6170 30.7130 27.8090 24.9050 22.0010 19.0970 16.1930 13.8000 10.8960 7.99200 10.8550 10.8260 10.7970 10.7680 10.6980 7.79400 7.76500 7.73600 10.6000 10.5710 11.7320 14.5960 15.7570 17.4300 15.5190 13.1260 10.2220 7.31800 10.1810 10.1520 11.3140 14.1770 15.3390 18.2020 19.3640 22.2270 23.3890 26.2930 29.1970 31.4500 34.3540 37.2580 40.1620 43.0660 45.9700 48.8740 51.7780 54.6820 57.5860 60.4900 63.3940 66.2980 69.2020
75.4340 72.5300 69.6260 66.7220 63.8180 60.9140 58.0100 55.1060 52.2020 49.2980 46.3940 43.4900 40.5860 37.6820 34.7780 31.8740 28.9700 26.0660 23.1620 20.2580 17.8650 14.9610 12.0570 10.8550 7.95100 7.92200 7.89300 7.86400 7.83500 10.6980 10.6690 10.6400 11.8020 13.4750 14.6360 15.7980 18.6610 19.5850 17.1920 14.2880 11.3840 10.1810 7.27700 7.24800 10.1120 11.2730 14.1370 15.2980 18.1620 19.3230 22.2270 25.1310 27.3850 30.2890 33.1930 36.0970 39.0010 41.9050 44.8090 47.7130 50.6170 53.5210 56.4250 59.3290 62.2330 65.1370 68.0410
76.5960 73.6920 70.7880 67.8840 64.9800 62.0760 59.1720 56.2680 53.3640 50.4600 47.5560 44.6520 41.7480 38.8440 35.9400 33.0360 30.1320 27.2280 24.3240 21.9310 19.0270 16.1230 14.9210 12.0170 10.8550 10.8260 10.7970 10.7680 10.7390 11.9010 13.5730 13.5440 14.7060 15.8670 17.5400 18.7020 19.8630 21.2570 18.3530 15.4490 14.2470 11.3430 10.1410 7.23700 7.20800 10.0710 11.2330 14.0960 15.2580 18.1620 21.0660 23.3190 26.2230 29.1270 32.0310 34.9350 37.8390 40.7430 43.6470 46.5510 49.4550 52.3590 55.2630 58.1670 61.0710 63.9750 66.8790
77.7580 74.8540 71.9500 69.0460 66.1420 63.2380 60.3340 57.4300 54.5260 51.6220 48.7180 45.8140 42.9100 40.0060 37.1020 34.1980 31.2940 28.3900 25.9970 23.0930 20.1890 18.9860 16.0820 14.9210 13.7590 13.7300 13.7010 13.6720 13.6430 14.8050 15.9660 16.4480 17.6100 18.7710 19.9330 21.6060 22.7670 22.4190 19.5150 18.3130 15.4090 14.2060 11.3020 10.1000 7.19600 7.16700 10.0300 11.1920 14.0960 17.0000 19.2540 22.1580 25.0620 27.9660 30.8700 33.7740 36.6780 39.5820 42.4860 45.3900 48.2940 51.1980 54.1020 57.0060 59.9100 62.8140 65.7180
78.9190 76.0150 73.1110 70.2070 67.3030 64.3990 61.4950 58.5910 55.6870 52.7830 49.8790 46.9750 44.0710 41.1670 38.2630 35.3590 32.4550 30.0620 27.1580 24.2540 23.0520 20.1480 18.9860 17.8250 16.6630 16.6340 16.6050 16.5760 16.5470 17.7090 18.8700 19.3520 20.5140 21.6750 22.8370 23.9990 25.6710 23.5800 22.3780 19.4740 18.2720 15.3680 14.1660 11.2620 10.1000 10.0300 7.12600 10.0300 12.9340 15.1880 18.0920 20.9960 23.9000 26.8040 29.7080 32.6120 35.5160 38.4200 41.3240 44.2280 47.1320 50.0360 52.9400 55.8440 58.7480 61.6520 64.5560
80.0810 77.1770 74.2730 71.3690 68.4650 65.5610 62.6570 59.7530 56.8490 53.9450 51.0410 48.1370 45.2330 42.3290 39.4250 36.5210 34.1280 31.2240 28.3200 27.1180 24.2140 23.0520 21.8900 20.7290 19.5670 19.5380 19.5090 19.4800 19.4510 20.6130 21.7740 22.2560 23.4180 24.5790 25.7410 26.9030 27.6460 26.4440 23.5400 22.3380 19.4340 18.2310 15.3270 14.1660 12.9050 10.0010 7.09700 9.96100 11.1220 14.0260 16.9300 19.8340 22.7380 25.6420 28.5460 31.4500 34.3540 37.2580 40.1620 43.0660 45.9700 48.8740 51.7780 54.6820 57.5860 60.4900 63.3940
81.2420 78.3380 75.4340 72.5300 69.6260 66.7220 63.8180 60.9140 58.0100 55.1060 52.2020 49.2980 46.3940 43.4900 40.5860 38.1930 35.2890 32.3850 31.1830 28.2790 27.1180 25.9560 24.7940 23.6330 22.4710 22.4420 22.4130 22.3840 22.3550 23.5170 24.6780 25.1600 26.3220 27.4830 28.6450 29.8070 30.5090 27.6050 26.4030 23.4990 22.2970 19.3930 18.2310 16.9710 14.0670 11.1630 9.96100 7.05700 9.96100 12.8650 15.7690 18.6730 21.5770 24.4810 27.3850 30.2890 33.1930 36.0970 39.0010 41.9050 44.8090 47.7130 50.6170 53.5210 56.4250 59.3290 62.2330
82.4040 79.5000 76.5960 73.6920 70.7880 67.8840 64.9800 62.0760 59.1720 56.2680 53.3640 50.4600 47.5560 44.6520 42.2590 39.3550 36.4510 35.2490 32.3450 31.1830 30.0220 28.8600 27.6980 26.5370 25.3750 25.3460 25.3170 25.2880 25.2590 26.4210 27.5820 28.0640 29.2260 30.3870 31.5490 32.7110 31.6710 30.4690 27.5650 26.3630 23.4590 22.2970 21.0370 18.1330 15.2290 12.8360 9.93200 7.02800 9.93200 12.8360 15.7400 18.6440 21.5480 24.4520 27.3560 30.2600 33.1640 36.0680 38.9720 41.8760 44.7800 47.6840 50.5880 53.4920 56.3960 59.3000 62.2040
83.5660 80.6620 77.7580 74.8540 71.9500 69.0460 66.1420 63.2380 60.3340 57.4300 54.5260 51.6220 48.7180 46.3250 43.4210 40.5170 39.3140 36.4100 35.2490 34.0870 32.9260 31.7640 30.6020 29.4410 28.2790 28.2500 28.2210 28.1920 28.1630 29.3250 30.4860 30.9680 32.1300 33.2910 34.4530 35.6150 34.5340 31.6300 30.4280 27.5240 26.3630 24.4230 21.5190 18.6150 15.7110 12.8070 9.90300 6.99900 9.90300 12.8070 15.7110 18.6150 21.5190 24.4230 27.3270 30.2310 33.1350 36.0390 38.9430 41.8470 44.7510 47.6550 50.5590 53.4630 56.3670 59.2710 62.1750
84.7270 81.8230 78.9190 76.0150 73.1110 70.2070 67.3030 64.3990 61.4950 58.5910 55.6870 52.7830 50.3900 47.4860 44.5820 43.3800 40.4760 39.3140 38.1530 36.9910 35.8300 34.6680 33.5060 32.3450 31.1830 31.1540 31.1250 31.0960 31.0670 32.2290 33.3900 33.8720 35.0340 36.1950 37.3570 38.5190 35.6960 34.4940 31.5900 30.2020 27.2980 24.3940 21.4900 18.5860 15.6820 12.7780 9.87400 6.97000 9.87400 12.7780 15.6820 18.5860 21.4900 24.3940 27.2980 30.2020 33.1060 36.0100 38.9140 41.8180 44.7220 47.6260 50.5300 53.4340 56.3380 59.2420 62.1460
85.8890 82.9850 80.0810 77.1770 74.2730 71.3690 68.4650 65.5610 62.6570 59.7530 56.8490 54.4560 51.5520 48.6480 47.4460 44.5420 43.3800 42.2180 41.0570 39.8950 38.7340 37.5720 36.4100 35.2490 34.0870 34.0580 34.0290 34.0000 33.9710 35.1330 36.2940 36.7760 37.9380 39.0990 40.2610 39.7620 38.5590 35.6550 33.0770 30.1730 27.2690 24.3650 21.4610 18.5570 15.6530 12.7490 9.84500 6.94100 9.84500 12.7490 15.6530 18.5570 21.4610 24.3650 27.2690 30.1730 33.0770 35.9810 38.8850 41.7890 44.6930 47.5970 50.5010 53.4050 56.3090 59.2130 62.1170
87.0500 84.1460 81.2420 78.3380 75.4340 72.5300 69.6260 66.7220 63.8180 60.9140 58.5210 55.6170 52.7130 51.5110 48.6070 47.4460 46.2840 45.1220 43.9610 42.7990 41.6380 40.4760 39.3140 38.1530 36.9910 36.9620 36.9330 36.9040 36.8750 38.0370 39.1980 39.6800 40.8420 42.0030 43.1650 41.7600 38.8560 35.9520 33.0480 30.1440 27.2400 24.3360 21.4320 18.5280 15.6240 12.7200 9.81600 6.91200 9.81600 12.7200 15.6240 18.5280 21.4320 24.3360 27.2400 30.1440 33.0480 35.9520 38.8560 41.7600 44.6640 47.5680 50.4720 53.3760 56.2800 59.1840 62.0880
88.2120 85.3080 82.4040 79.5000 76.5960 73.6920 70.7880 67.8840 64.9800 62.5870 59.6830 56.7790 55.5770 52.6730 51.5110 50.3500 49.1880 48.0260 46.8650 45.7030 44.5420 43.3800 42.2180 41.0570 39.8950 39.8660 39.8370 39.8080 39.7790 40.9410 42.1020 42.5840 43.7460 44.9070 44.6340 41.7300 38.8260 35.9220 33.0180 30.1140 27.2100 24.3060 21.4020 18.4980 15.5940 12.6900 9.78600 6.88200 9.78600 12.6900 14.9440 17.8480 20.7520 23.6560 26.5600 29.4640 32.3680 35.2720 38.1760 41.0800 43.9840 46.8880 49.7920 52.6960 55.6000 58.5040 61.4080
89.3740 86.4700 83.5660 80.6620 77.7580 74.8540 71.9500 69.0460 66.6530 63.7490 60.8450 59.6420 56.7380 55.5770 54.4150 53.2540 52.0920 50.9300 49.7690 48.6070 47.4460 46.2840 45.1220 43.9610 42.7990 42.7700 42.7410 42.7120 42.6830 43.8450 45.0060 45.4880 46.6500 46.6910 43.7870 40.8830 37.9790 35.0750 32.7980 29.8940 26.9900 24.2770 21.3730 18.4690 15.5650 12.6610 9.75700 6.85300 9.71700 10.8780 13.7820 16.6860 19.5900 22.4940 25.3980 28.3020 31.2060 34.1100 37.0140 39.9180 42.8220 45.7260 48.6300 51.5340 54.4380 57.3420 60.2460
90.5350 87.6310 84.7270 81.8230 78.9190 76.0150 73.1110 70.7180 67.8140 64.9100 63.7080 60.8040 59.6420 58.4810 57.3190 56.1580 54.9960 53.8340 52.6730 51.5110 50.3500 49.1880 48.0260 46.8650 45.7030 45.6740 45.6450 45.6160 45.5870 46.7490 47.9100 48.3920 48.4330 45.5290 42.6250 39.7210 36.8170 33.9130 31.0090 28.7320 25.8280 22.9240 21.3440 18.4400 15.5360 12.6320 9.72800 6.82400 6.81300 9.71700 12.6210 15.5250 18.4290 21.3330 24.2370 27.1410 30.0450 32.9490 35.8530 38.7570 41.6610 44.5650 47.4690 50.3730 53.2770 56.1810 59.0850
91.6970 88.7930 85.8890 82.9850 80.0810 77.1770 74.7840 71.8800 68.9760 67.7740 64.8700 63.7080 62.5460 61.3850 60.2230 59.0620 57.9000 56.7380 55.5770 54.4150 53.2540 52.0920 50.9300 49.7690 48.6070 48.5780 48.5490 48.5200 48.4910 49.6530 50.8140 50.1750 47.2710 44.3670 41.4630 38.5590 35.6550 32.7510 29.8470 26.9430 24.6670 21.7630 18.8590 17.6970 16.5350 13.7130 10.8090 9.64700 6.78400 9.68800 12.5920 15.4960 18.4000 21.3040 24.2080 27.1120 30.0160 32.9200 35.8240 38.7280 41.6320 44.5360 47.4400 50.3440 53.2480 56.1520 59.0560
92.8580 89.9540 87.0500 84.1460 81.2420 78.8490 75.9450 73.0410 71.8390 68.9350 67.7740 66.6120 65.4500 64.2890 63.1270 61.9660 60.8040 59.6420 58.4810 57.3190 56.1580 54.9960 53.8340 52.6730 51.5110 51.4820 51.4530 51.4240 51.3950 52.5570 51.9180 49.0140 46.1100 43.2060 40.3020 37.3980 34.4940 31.5900 28.6860 25.7820 22.8780 20.6010 17.6970 14.7930 13.6310 12.4700 9.64700 6.74300 9.64700 10.8490 13.7530 16.6570 19.5610 22.4650 25.3690 28.2730 31.1770 34.0810 36.9850 39.8890 42.7930 45.6970 48.6010 51.5050 54.4090 57.3130 60.2170
94.0200 91.1160 88.2120 85.3080 82.9150 80.0110 77.1070 75.9050 73.0010 71.8390 70.6780 69.5160 68.3540 67.1930 66.0310 64.8700 63.7080 62.5460 61.3850 60.2230 59.0620 57.9000 56.7380 55.5770 54.4150 54.3860 54.3570 54.3280 54.2990 53.6600 50.7560 47.8520 44.9480 42.0440 39.1400 36.2360 33.3320 30.4280 27.5240 24.6200 21.7160 18.8120 16.5350 13.6310 10.7270 9.56600 9.57700 6.71400 9.61800 12.5220 14.9150 17.8190 20.7230 23.6270 26.5310 29.4350 32.3390 35.2430 38.1470 41.0510 43.9550 46.8590 49.7630 52.6670 55.5710 58.4750 61.3790
95.1820 92.2780 89.3740 86.9810 84.0770 81.1730 79.9700 77.0660 75.9050 74.7430 73.5820 72.4200 71.2580 70.0970 68.9350 67.7740 66.6120 65.4500 64.2890 63.1270 61.9660 60.8040 59.6420 58.4810 57.3190 57.2900 57.2610 57.2320 55.4030 52.4990 49.5950 46.6910 43.7870 40.8830 37.9790 35.0750 32.1710 29.2670 26.3630 23.4590 20.5550 17.6510 14.7470 12.4700 9.56600 6.66200 6.67300 9.57700 10.7800 13.6840 16.5880 18.9810 21.8850 24.7890 27.6930 30.5970 33.5010 36.4050 39.3090 42.2130 45.1170 48.0210 50.9250 53.8290 56.7330 59.6370 62.5410
96.3430 93.4390 91.0460 88.1420 85.2380 84.0360 81.1320 79.9700 78.8090 77.6470 76.4860 75.3240 74.1620 73.0010 71.8390 70.6780 69.5160 68.3540 67.1930 66.0310 64.8700 63.7080 62.5460 61.3850 60.2230 60.1940 60.0490 57.1450 54.2410 51.3370 48.4330 45.5290 42.6250 39.7210 36.8170 33.9130 31.0090 28.1050 25.2010 22.2970 19.3930 16.4890 13.5850 10.6810 9.51900 6.63300 9.53700 10.7390 13.6430 14.8450 17.7490 20.6530 23.0460 25.9500 28.8540 31.7580 34.6620 37.5660 40.4700 43.3740 46.2780 49.1820 52.0860 54.9900 57.8940 60.7980 63.7020
97.5050 95.1120 92.2080 89.3040 88.1020 85.1980 84.0360 82.8740 81.7130 80.5510 79.3900 78.2280 77.0660 75.9050 74.7430 73.5820 72.4200 71.2580 70.0970 68.9350 67.7740 66.6120 65.4500 64.2890 63.1270 61.7910 58.8870 55.9830 53.0790 50.1750 47.2710 44.3670 41.4630 38.5590 35.6550 32.7510 29.8470 26.9430 24.0390 21.1350 18.2310 15.3270 12.4230 9.51900 6.61500 6.60400 9.50800 12.4120 14.8050 17.7090 18.9110 21.8150 24.7190 27.1120 30.0160 32.9200 35.8240 38.7280 41.6320 44.5360 47.4400 50.3440 53.2480 56.1520 59.0560 61.9600 64.8640
99.1770 96.2730 93.3690 92.1670 89.2630 88.1020 86.9400 85.7780 84.6170 83.4550 82.2940 81.1320 79.9700 78.8090 77.6470 76.4860 75.3240 74.1620 73.0010 71.8390 70.6780 69.5160 68.3540 67.1930 65.8570 62.9530 60.0490 57.1450 54.2410 51.3370 48.4330 45.5290 42.6250 39.7210 36.8170 33.9130 31.0090 28.1050 25.2010 22.2970 19.3930 16.4890 13.5850 10.6810 9.47900 6.57500 9.47900 12.3830 15.2870 18.1910 21.0950 22.9760 25.8800 28.7840 31.1770 34.0810 36.9850 39.8890 42.7930 45.6970 48.6010 51.5050 54.4090 57.3130 60.2170 63.1210 66.0250
100.339 97.4350 96.2330 93.3290 92.1670 91.0060 89.8440 88.6820 87.5210 86.3590 85.1980 84.0360 82.8740 81.7130 80.5510 79.3900 78.2280 77.0660 75.9050 74.7430 73.5820 72.4200 71.2580 69.6150 66.7110 63.8070 60.9030 57.9990 55.0950 52.1910 49.2870 46.3830 43.4790 40.5750 37.6710 34.7670 32.0310 29.1270 26.2230 23.3190 20.4150 17.5110 14.6070 12.3540 9.45000 6.54600 9.45000 12.3540 15.2580 18.1620 21.0660 23.9700 26.8740 29.7780 32.6820 35.2430 38.1470 41.0510 43.9550 46.8590 49.7630 52.6670 55.5710 58.4750 61.3790 64.2830 67.1870
101.501 100.298 97.3940 96.2330 95.0710 93.9100 92.7480 91.5860 90.4250 89.2630 88.1020 86.9400 85.7780 84.6170 83.4550 82.2940 81.1320 79.9700 78.8090 77.6470 76.4860 74.2610 71.3570 68.4530 65.5490 62.6450 59.7410 56.8370 53.9330 51.0290 48.1250 45.2210 42.3170 39.4130 36.5090 33.6050 30.7010 27.9660 25.0620 22.1580 19.2540 16.3500 13.4460 10.5420 9.38000 6.51700 9.42100 12.3250 15.2290 18.1330 21.0370 23.9410 26.8450 29.7490 32.6530 35.5570 38.4610 41.3650 44.2690 47.1730 50.0770 52.9810 55.8850 58.7890 61.6930 64.5970 67.5010
104.364 101.460 100.298 99.1370 97.9750 96.8140 95.6520 94.4900 93.3290 92.1670 91.0060 89.8440 88.6820 87.5210 86.3590 85.1980 84.0360 82.8740 81.7130 78.9070 76.0030 73.0990 70.1950 67.2910 64.3870 61.4830 58.5790 55.6750 52.7710 49.8670 46.9630 44.0590 41.1550 38.2510 35.3470 32.4430 29.5390 26.6350 23.9000 20.9960 18.0920 15.1880 12.2840 9.38000 6.47600 6.48800 9.39200 12.2960 15.2000 18.1040 21.0080 23.9120 26.8160 29.7200 32.6240 35.5280 38.4320 41.3360 44.2400 47.1440 50.0480 52.9520 55.8560 58.7600 61.6640 64.5680 67.4720
105.526 104.364 103.202 102.041 100.879 99.7180 98.5560 97.3940 96.2330 95.0710 93.9100 92.7480 91.5860 90.4250 89.2630 88.1020 86.4580 83.5540 80.6500 77.7460 74.8420 71.9380 69.0340 66.1300 63.2260 60.3220 57.4180 54.5140 51.6100 48.7060 45.8020 42.8980 39.9940 37.0900 34.1860 31.2820 28.3780 25.4740 22.5700 20.3160 17.4120 14.5080 12.2550 9.35100 6.44700 9.35100 10.5530 13.4570 16.3610 19.2650 22.1690 25.0730 27.9770 30.8810 33.7850 36.6890 39.5930 42.4970 45.4010 48.3050 51.2090 54.1130 57.0170 59.9210 62.7900 65.6940 68.5980
108.430 107.268 106.106 104.945 103.783 102.622 101.460 100.298 99.1370 97.9750 96.8140 95.6520 94.4900 93.3290 91.1040 88.2000 85.2960 82.3920 79.4880 76.5840 73.6800 70.7760 67.8720 64.9680 62.0640 59.1600 56.2560 53.3520 50.4480 47.5440 44.6400 41.7360 38.8320 35.9280 33.0240 30.1200 27.2160 24.3120 21.4080 18.5040 16.2510 13.3470 10.4430 9.28100 6.41800 9.32200 12.2260 14.6190 17.5230 20.4270 23.3310 26.2350 29.1390 32.0430 34.5400 37.4040 38.5650 41.4690 44.3730 47.2770 50.1810 53.0850 55.9890 58.7250 61.6290 64.5330 66.7860
